family,year,statute,regulation,total
0,1998,408363,4054173,4462536
0,1999,464701,4313392,4778093
0,2000,469286,5270614,5739900
0,2001,591528,6658688,7250216
0,2002,575263,7693881,8269144
0,2003,574611,8196612,8771223
0,2004,477358,8620021,9097379
0,2005,507413,9130924,9638337
0,2006,507390,9547399,10054789
0,2007,509877,9578177,10088054
0,2008,514885,9978606,10493491
0,2009,512290,10313661,10825951
0,2010,509132,10329132,10838264
0,2011,532354,12295340,12827694
0,2012,523940,11303654,11827594
0,2013,530418,11616641,12147059
0,2014,390292,11757731,12148023
0,2015,390593,11963239,12353832
0,2016,555423,13582128,14137551
0,2017,464976,14620447,15085423
0,2018,716751,14722897,15439648
0,2019,625631,14642083,15267714
1,1998,43902,7064002,7107904
1,1999,34754,7304902,7339656
1,2000,14818,7201413,7216231
1,2001,96814,8599673,8696487
1,2002,108685,10026948,10135633
1,2003,29704,10973463,11003167
1,2004,20399,11355221,11375620
1,2005,13290,11281386,11294676
1,2006,16884,11862656,11879540
1,2007,15184,12179536,12194720
1,2008,15194,11750030,11765224
1,2009,20861,13446921,13467782
1,2010,17946,12880198,12898144
1,2011,18906,13037581,13056487
1,2012,18008,13315509,13333517
1,2013,22187,13497461,13519648
1,2014,23834,13771507,13795341
1,2015,22125,13805335,13827460
1,2016,23320,14604798,14628118
1,2017,7535,14286646,14294181
1,2018,22520,14874836,14897356
1,2019,28492,14722203,14750695
2,1998,2380502,3711291,6091793
2,1999,2372152,4209772,6581924
2,2000,2504053,4204602,6708655
2,2001,2173777,4709412,6883189
2,2002,2429695,5517008,7946703
2,2003,2550229,6316639,8866868
2,2004,2761285,6457455,9218740
2,2005,2544100,6480283,9024383
2,2006,2665521,6850097,9515618
2,2007,2688086,7201539,9889625
2,2008,2810960,7252529,10063489
2,2009,3156040,7613109,10769149
2,2010,3095358,7597612,10692970
2,2011,3134719,7669347,10804066
2,2012,3395976,7816642,11212618
2,2013,3429091,7966162,11395253
2,2014,3522259,7522220,11044479
2,2015,3581852,7698455,11280307
2,2016,3290395,8280884,11571279
2,2017,3441945,8359005,11800950
2,2018,3193721,7563293,10757014
2,2019,2792221,7045644,9837865
3,1998,723877,5091553,5815430
3,1999,656748,5077785,5734533
3,2000,667758,5914107,6581865
3,2001,700003,5277365,5977368
3,2002,582618,5659031,6241649
3,2003,533217,5420691,5953908
3,2004,546663,6046552,6593215
3,2005,616301,5565291,6181592
3,2006,772563,5940568,6713131
3,2007,723294,6125480,6848774
3,2008,777791,6155003,6932794
3,2009,851639,6184356,7035995
3,2010,979596,5599299,6578895
3,2011,1041664,6854190,7895854
3,2012,1067079,7518201,8585280
3,2013,1041363,7301173,8342536
3,2014,1010027,7712248,8722275
3,2015,1096717,8065287,9162004
3,2016,1187200,6635568,7822768
3,2017,1171656,7441693,8613349
3,2018,1167620,7417002,8584622
3,2019,1171265,7669203,8840468
4,1998,114514,1484914,1599428
4,1999,132869,1404497,1537366
4,2000,151823,2412458,2564281
4,2001,177522,2799454,2976976
4,2002,196402,2818053,3014455
4,2003,196466,3092846,3289312
4,2004,209282,3156244,3365526
4,2005,203877,2730743,2934620
4,2006,199195,2996078,3195273
4,2007,198814,2918522,3117336
4,2008,218276,2935628,3153904
4,2009,228231,2910362,3138593
4,2010,220545,3047409,3267954
4,2011,227435,3104672,3332107
4,2012,225357,3176790,3402147
4,2013,208675,3101078,3309753
4,2014,152135,3020361,3172496
4,2015,154148,3060629,3214777
4,2016,205572,3141540,3347112
4,2017,294295,3531354,3825649
4,2018,211552,3806556,4018108
4,2019,271382,3818314,4089696
5,1998,125296,389386,514682
5,1999,120538,606298,726836
5,2000,129773,641185,770958
5,2001,129771,851408,981179
5,2002,140171,914085,1054256
5,2003,160667,1202416,1363083
5,2004,151408,1209445,1360853
5,2005,139793,1230063,1369856
5,2006,143057,1209384,1352441
5,2007,134109,1313688,1447797
5,2008,144108,1626316,1770424
5,2009,69846,1100234,1170080
5,2010,141266,1889205,2030471
5,2011,147295,2070537,2217832
5,2012,147295,2100451,2247746
5,2013,147295,2224443,2371738
5,2014,156144,2313730,2469874
5,2015,156005,2344001,2500006
5,2016,157603,2340599,2498202
5,2017,156739,2384852,2541591
5,2018,150903,1558363,1709266
5,2019,156484,1513674,1670158
6,1998,301858,662363,964221
6,1999,311122,461176,772298
6,2000,328179,888203,1216382
6,2001,335316,1193943,1529259
6,2002,352245,1008897,1361142
6,2003,352245,1031137,1383382
6,2004,352851,1343533,1696384
6,2005,328163,1399723,1727886
6,2006,333526,1422582,1756108
6,2007,331971,1431989,1763960
6,2008,335826,1476076,1811902
6,2009,332020,2084246,2416266
6,2010,395594,1497412,1893006
6,2011,410659,1504530,1915189
6,2012,417828,1593514,2011342
6,2013,417828,1656487,2074315
6,2014,417788,1758284,2176072
6,2015,418941,1833291,2252232
6,2016,420662,1554942,1975604
6,2017,417092,1911313,2328405
6,2018,417839,1914521,2332360
6,2019,421407,1934559,2355966
7,1998,178234,366798,545032
7,1999,172744,302656,475400
7,2000,190471,428495,618966
7,2001,186762,1110979,1297741
7,2002,188567,1470954,1659521
7,2003,188572,1481669,1670241
7,2004,198960,1496144,1695104
7,2005,198772,1486486,1685258
7,2006,205557,1454385,1659942
7,2007,198456,1576186,1774642
7,2008,199276,1606481,1805757
7,2009,200305,1498797,1699102
7,2010,214175,1631100,1845275
7,2011,214908,1529569,1744477
7,2012,230196,1687705,1917901
7,2013,230178,1737056,1967234
7,2014,230731,1762561,1993292
7,2015,232558,1793488,2026046
7,2016,224595,1826240,2050835
7,2017,225865,1856912,2082777
7,2018,234627,1825413,2060040
7,2019,237537,1970725,2208262
8,1998,222730,1118253,1340983
8,1999,135943,850503,986446
8,2000,293053,2016363,2309416
8,2001,296906,2127986,2424892
8,2002,315925,2178753,2494678
8,2003,346029,2204658,2550687
8,2004,321023,2144119,2465142
8,2005,329224,2308013,2637237
8,2006,391275,2255933,2647208
8,2007,330951,2176861,2507812
8,2008,367650,1826339,2193989
8,2009,349627,1865907,2215534
8,2010,238097,2132436,2370533
8,2011,251107,2119499,2370606
8,2012,260749,2004125,2264874
8,2013,338498,2026395,2364893
8,2014,343264,2134853,2478117
8,2015,336971,2065866,2402837
8,2016,354496,2113140,2467636
8,2017,356639,2169296,2525935
8,2018,379385,1772855,2152240
8,2019,384062,1967736,2351798
9,1998,559322,1090708,1650030
9,1999,567751,360371,928122
9,2000,571970,152340,724310
9,2001,595867,878767,1474634
9,2002,557275,694224,1251499
9,2003,558198,1114169,1672367
9,2004,494435,865356,1359791
9,2005,563981,1407646,1971627
9,2006,558923,1415732,1974655
9,2007,559765,1408397,1968162
9,2008,566990,1431199,1998189
9,2009,576692,1635649,2212341
9,2010,580743,1454199,2034942
9,2011,584018,1437698,2021716
9,2012,585913,1440055,2025968
9,2013,583503,1474442,2057945
9,2014,582999,1472043,2055042
9,2015,583712,1428327,2012039
9,2016,587680,1428396,2016076
9,2017,585965,1267506,1853471
9,2018,589580,1461418,2050998
9,2019,590863,1457720,2048583
10,1998,266037,1890290,2156327
10,1999,264015,2190496,2454511
10,2000,265096,2264579,2529675
10,2001,264513,2098051,2362564
10,2002,266812,2401034,2667846
10,2003,296600,2879373,3175973
10,2004,317059,2866294,3183353
10,2005,324452,2971020,3295472
10,2006,270077,2950367,3220444
10,2007,275507,2961814,3237321
10,2008,301487,2969284,3270771
10,2009,303881,3061668,3365549
10,2010,318562,3121395,3439957
10,2011,302268,1672208,1974476
10,2012,303600,1063642,1367242
10,2013,306895,1643147,1950042
10,2014,306403,1663615,1970018
10,2015,312691,1687362,2000053
10,2016,302155,1390985,1693140
10,2017,310326,1630554,1940880
10,2018,322453,1645032,1967485
10,2019,324416,1608320,1932736
11,1998,216967,2459,219426
11,1999,466209,819986,1286195
11,2000,360154,432573,792727
11,2001,442352,504348,946700
11,2002,593305,929923,1523228
11,2003,610000,862224,1472224
11,2004,507732,865730,1373462
11,2005,582451,900964,1483415
11,2006,212368,535100,747468
11,2007,540373,992509,1532882
11,2008,629833,976105,1605938
11,2009,617732,987460,1605192
11,2010,533067,731515,1264582
11,2011,634956,996172,1631128
11,2012,650278,926844,1577122
11,2013,587568,979628,1567196
11,2014,588476,981880,1570356
11,2015,589191,1041419,1630610
11,2016,585865,1059567,1645432
11,2017,152929,519264,672193
11,2018,610295,1069715,1680010
11,2019,611698,1076700,1688398
12,2012,16437,1670341,1686778
12,2013,16437,1560301,1576738
12,2014,16437,1474397,1490834
12,2015,16395,1607642,1624037
13,1998,230843,593066,823909
13,1999,233134,761945,995079
13,2000,241841,781675,1023516
13,2001,393350,876794,1270144
13,2002,416321,890935,1307256
13,2003,250029,805585,1055614
13,2004,417679,901256,1318935
13,2005,430339,915339,1345678
13,2006,440872,921219,1362091
13,2007,440834,929321,1370155
13,2008,459537,969977,1429514
13,2009,467672,809424,1277096
13,2010,465116,1006208,1471324
13,2011,464157,1013366,1477523
13,2012,464568,1044849,1509417
13,2013,468490,1062723,1531213
13,2014,465908,1081908,1547816
13,2015,481043,1119427,1600470
13,2016,512578,1110809,1623387
13,2017,508632,1128693,1637325
13,2018,508996,1130388,1639384
13,2019,503994,1173156,1677150
14,1998,47496,618693,666189
14,1999,3173,1104173,1107346
14,2000,71859,1091418,1163277
14,2001,167165,995474,1162639
14,2002,175221,1069837,1245058
14,2003,195079,1113952,1309031
14,2004,151286,1077092,1228378
14,2005,143362,1179011,1322373
14,2006,153645,1191294,1344939
14,2007,208795,1328731,1537526
14,2008,263972,1360639,1624611
14,2009,212763,1351621,1564384
14,2010,256953,1056790,1313743
14,2011,260838,1032374,1293212
14,2012,272363,1379463,1651826
14,2013,228489,1431432,1659921
14,2014,239414,1449487,1688901
14,2015,238690,1462126,1700816
14,2016,235743,1473686,1709429
14,2017,290882,1496270,1787152
14,2018,248211,1430353,1678564
14,2019,248331,1435974,1684305
15,1998,77196,64600,141796
15,1999,83524,185396,268920
15,2000,83196,116982,200178
15,2001,79457,488854,568311
15,2002,78608,499701,578309
15,2003,79382,546907,626289
15,2004,78304,756355,834659
15,2005,82224,935407,1017631
15,2006,119104,1012600,1131704
15,2007,774,1081746,1082520
15,2008,126691,1132315,1259006
15,2009,179252,1257771,1437023
15,2010,121623,1053852,1175475
15,2011,119532,1472735,1592267
15,2012,127110,1512732,1639842
15,2013,127110,1530765,1657875
15,2014,112679,1177326,1290005
15,2015,125501,1220315,1345816
15,2016,133304,1257736,1391040
15,2017,131311,1281011,1412322
15,2018,142189,1432334,1574523
15,2019,146502,1449152,1595654
16,1998,1251296,0,1251296
16,1999,1248114,13969,1262083
16,2000,1254239,13969,1268208
16,2001,1290468,13969,1304437
16,2002,1314701,13968,1328669
16,2003,1316314,13969,1330283
16,2004,1345371,13969,1359340
16,2005,1384497,13969,1398466
16,2006,1460745,13969,1474714
16,2007,1466430,13969,1480399
16,2008,1502258,13969,1516227
16,2009,1518768,13968,1532736
16,2010,1555574,13968,1569542
16,2011,1556397,13968,1570365
16,2012,1563224,13968,1577192
16,2013,1563500,13968,1577468
16,2014,1562427,13968,1576395
16,2015,1573221,13968,1587189
16,2016,1570556,13968,1584524
16,2017,1558383,13968,1572351
16,2018,1525140,22104,1547244
16,2019,1538120,22105,1560225
17,1998,150455,736862,887317
17,1999,150620,725801,876421
17,2000,157450,825516,982966
17,2001,95788,825171,920959
17,2002,25304,884683,909987
17,2003,25269,1429594,1454863
17,2004,25557,1614848,1640405
17,2005,25745,1633932,1659677
17,2006,23077,1618050,1641127
17,2007,23119,1650055,1673174
17,2008,25220,1682975,1708195
17,2009,25220,1727073,1752293
17,2010,21812,1738994,1760806
17,2011,21812,1706059,1727871
17,2012,22146,1691333,1713479
17,2013,57546,1717648,1775194
17,2014,21680,1741752,1763432
17,2015,21680,1733067,1754747
17,2016,78665,1729975,1808640
17,2017,22418,1719642,1742060
17,2018,22418,1729804,1752222
17,2019,26476,1771161,1797637
18,1998,233723,504594,738317
18,1999,209319,560388,769707
18,2000,214467,895777,1110244
18,2001,203170,907257,1110427
18,2002,216424,929135,1145559
18,2003,218849,951619,1170468
18,2004,224972,966659,1191631
18,2005,226343,974273,1200616
18,2006,268177,1003936,1272113
18,2007,239614,1010678,1250292
18,2008,220700,1025567,1246267
18,2009,221974,1057548,1279522
18,2010,264006,942166,1206172
18,2011,255915,1094286,1350201
18,2012,262809,1110570,1373379
18,2013,266176,1121255,1387431
18,2014,270349,1137981,1408330
18,2015,283329,1115825,1399154
18,2016,279390,1107409,1386799
18,2017,273968,1014125,1288093
18,2018,287938,1014215,1302153
18,2019,296624,1149291,1445915
19,1998,628028,89174,717202
19,1999,613134,277179,890313
19,2000,648184,319250,967434
19,2001,668512,566975,1235487
19,2002,690040,568381,1258421
19,2003,713938,573621,1287559
19,2004,686164,582400,1268564
19,2005,692549,523971,1216520
19,2006,691820,533618,1225438
19,2007,691603,507063,1198666
19,2008,698401,544392,1242793
19,2009,792573,562265,1354838
19,2010,718493,569110,1287603
19,2011,718759,569701,1288460
19,2012,718204,576422,1294626
19,2013,712547,586853,1299400
19,2014,684928,590649,1275577
19,2015,689675,588625,1278300
19,2016,692942,563416,1256358
19,2017,697000,572392,1269392
19,2018,727105,602522,1329627
19,2019,719499,573569,1293068
20,1998,366965,263299,630264
20,1999,381361,1136071,1517432
20,2000,374503,657480,1031983
20,2001,425827,888205,1314032
20,2002,448180,1225871,1674051
20,2003,457619,1102138,1559757
20,2004,466504,1271821,1738325
20,2005,491117,1289934,1781051
20,2006,509387,1330715,1840102
20,2007,516453,1350776,1867229
20,2008,529000,1415194,1944194
20,2009,511362,1904419,2415781
20,2010,487845,1520523,2008368
20,2011,457707,1538324,1996031
20,2012,476930,1262479,1739409
20,2013,537552,1567104,2104656
20,2014,624789,1593181,2217970
20,2015,599468,1615101,2214569
20,2016,633180,1626969,2260149
20,2017,563016,1656892,2219908
20,2018,573549,1478400,2051949
20,2019,654254,1685226,2339480
21,1998,112941,1000757,1113698
21,1999,76372,912280,988652
21,2000,5358,305893,311251
21,2001,71198,1043089,1114287
21,2002,54382,1026911,1081293
21,2003,78412,1049715,1128127
21,2004,54382,1048430,1102812
21,2005,56535,1051526,1108061
21,2006,69182,1063625,1132807
21,2007,69182,1057182,1126364
21,2008,69210,1060731,1129941
21,2009,95239,1107497,1202736
21,2010,303451,1649849,1953300
21,2011,308259,1767269,2075528
21,2012,328388,1656113,1984501
21,2013,305107,1641755,1946862
21,2014,237254,1495335,1732589
21,2015,230669,1623994,1854663
21,2016,238621,1630181,1868802
21,2017,238050,1759007,1997057
21,2018,244428,1700029,1944457
21,2019,249886,1692731,1942617
22,1998,176603,827190,1003793
22,1999,180414,624529,804943
22,2000,177925,890281,1068206
22,2001,205340,855291,1060631
22,2002,203191,957512,1160703
22,2003,203248,985228,1188476
22,2004,204398,958926,1163324
22,2005,247804,970324,1218128
22,2006,247611,890714,1138325
22,2007,247620,1012056,1259676
22,2008,248358,962838,1211196
22,2009,248398,1065036,1313434
22,2010,248667,869318,1117985
22,2011,248701,1060554,1309255
22,2012,248691,1173252,1421943
22,2013,248691,1339412,1588103
22,2014,338545,1085233,1423778
22,2015,345335,1217949,1563284
22,2016,345994,1074806,1420800
22,2017,373276,1199193,1572469
22,2018,376736,1186997,1563733
22,2019,379866,1423880,1803746
23,2018,181489,314560,496049
23,2019,574552,612518,1187070
24,1998,33564,711213,744777
24,1999,30804,831575,862379
24,2000,29563,1005495,1035058
24,2001,46719,638820,685539
24,2002,46725,1048351,1095076
24,2003,48074,1027234,1075308
24,2004,38001,1016108,1054109
24,2005,30663,1014144,1044807
24,2006,31256,1028114,1059370
24,2007,31256,1017747,1049003
24,2008,32196,1013092,1045288
24,2009,30946,1025336,1056282
24,2010,30946,1021374,1052320
24,2011,30979,1028092,1059071
24,2012,30979,1009674,1040653
24,2013,30979,1011738,1042717
24,2014,30908,1013539,1044447
24,2015,30908,1008191,1039099
24,2016,30908,1008368,1039276
24,2017,30908,1016210,1047118
24,2018,89742,1018263,1108005
24,2019,30930,1019700,1050630
25,1998,643660,195683,839343
25,1999,641127,240502,881629
25,2000,648247,73116,721363
25,2001,710401,198401,908802
25,2002,711915,198590,910505
25,2003,716154,165586,881740
25,2004,725759,176372,902131
25,2005,722301,183047,905348
25,2006,808108,183039,991147
25,2007,814563,185362,999925
25,2008,997290,186751,1184041
25,2009,1017976,187370,1205346
25,2010,944146,186893,1131039
25,2011,1013013,188117,1201130
25,2012,1015694,188117,1203811
25,2013,1034569,266336,1300905
25,2014,950823,187504,1138327
25,2015,920850,154232,1075082
25,2016,894863,157351,1052214
25,2017,900646,157351,1057997
25,2018,903897,157335,1061232
25,2019,905498,155179,1060677
26,1998,90579,605843,696422
26,1999,90612,759498,850110
26,2000,102983,761426,864409
26,2001,100984,748852,849836
26,2002,100996,749979,850975
26,2003,97256,657965,755221
26,2004,98071,663120,761191
26,2005,98623,673885,772508
26,2006,99580,690156,789736
26,2007,99664,704331,803995
26,2008,97476,706113,803589
26,2009,97607,709420,807027
26,2010,96869,700600,797469
26,2011,96870,709912,806782
26,2012,96834,711375,808209
26,2013,96834,718521,815355
26,2014,96513,723454,819967
26,2015,97847,738614,836461
26,2016,98249,742767,841016
26,2017,100849,762716,863565
26,2018,101519,764355,865874
26,2019,102534,766921,869455
27,1998,109683,402948,512631
27,1999,109511,413019,522530
27,2000,115556,417555,533111
27,2001,96731,396874,493605
27,2002,91134,499252,590386
27,2003,92685,499289,591974
27,2004,93716,505803,599519
27,2005,92755,512588,605343
27,2006,117879,524433,642312
27,2007,111010,458612,569622
27,2008,105492,530207,635699
27,2009,103723,576105,679828
27,2010,109415,585042,694457
27,2011,103905,469019,572924
27,2012,104358,629563,733921
27,2013,104956,639104,744060
27,2014,104923,639127,744050
27,2015,93427,650288,743715
27,2016,105462,538919,644381
27,2017,93423,674547,767970
27,2018,109451,683308,792759
27,2019,109451,684857,794308
28,1998,135119,135968,271087
28,1999,195597,344027,539624
28,2000,247403,408882,656285
28,2001,211410,502148,713558
28,2002,210948,513069,724017
28,2003,211095,511244,722339
28,2004,206833,509618,716451
28,2005,206570,513194,719764
28,2006,219151,517690,736841
28,2007,219424,526057,745481
28,2008,219154,527455,746609
29,2003,23724,0,23724
29,2004,23724,0,23724
29,2005,42072,54996,97068
29,2006,51037,522823,573860
29,2007,45525,367647,413172
29,2008,42927,75658,118585
29,2009,50989,312368,363357
29,2010,45354,563435,608789
29,2011,45354,595377,640731
29,2012,47565,587449,635014
29,2013,47687,610308,657995
29,2014,47975,622464,670439
29,2015,51143,632662,683805
29,2016,57466,686691,744157
30,1998,20748,669033,689781
30,1999,19792,130495,150287
30,2000,20015,110838,130853
30,2001,24055,537951,562006
31,1998,126848,257273,384121
31,1999,127155,257918,385073
31,2000,127739,249136,376875
31,2001,128080,250728,378808
31,2002,128194,252329,380523
31,2003,128740,260508,389248
31,2004,128879,266797,395676
31,2005,165697,201318,367015
31,2006,165712,200772,366484
31,2007,165765,209002,374767
31,2008,169748,292554,462302
31,2009,169775,301902,471677
31,2010,170738,303136,473874
31,2011,170977,304851,475828
31,2012,184634,228098,412732
31,2013,184634,311418,496052
31,2014,185406,311869,497275
31,2015,207643,316605,524248
31,2016,209563,342125,551688
31,2017,209678,379326,589004
31,2018,209898,410024,619922
31,2019,211140,412181,623321
32,1998,29077,565304,594381
33,1998,23651,252592,276243
33,1999,21768,294262,316030
33,2000,21768,313659,335427
33,2001,21768,313626,335394
33,2002,22143,320692,342835
33,2003,22143,327411,349554
33,2004,22143,339520,361663
33,2005,23326,363910,387236
33,2006,23326,363910,387236
33,2007,26625,383637,410262
33,2008,36348,394985,431333
33,2009,30954,393566,424520
33,2010,30954,419489,450443
33,2011,28984,430125,459109
33,2012,53148,473757,526905
33,2013,53148,476771,529919
33,2014,53148,485222,538370
33,2015,30923,498956,529879
33,2016,32277,112777,145054
33,2017,30923,521493,552416
33,2018,30923,523120,554043
33,2019,32893,530219,563112
34,1999,40261,370107,410368
34,2000,41153,328720,369873
34,2001,41153,364660,405813
34,2002,41146,515826,556972
34,2003,41214,370469,411683
34,2004,41214,397464,438678
34,2005,50544,398925,449469
34,2006,50544,417972,468516
34,2007,50616,479265,529881
34,2008,50616,485880,536496
34,2009,51733,499245,550978
34,2010,50826,500219,551045
34,2011,50826,500032,550858
34,2012,50826,486381,537207
34,2013,51137,486929,538066
34,2014,51141,488208,539349
34,2015,53399,490260,543659
34,2016,53399,491448,544847
34,2017,53399,494823,548222
34,2018,55857,494924,550781
34,2019,56016,496220,552236
35,1998,28230,0,28230
35,1999,48315,5106,53421
35,2000,48113,5106,53219
35,2001,35688,5105,40793
35,2002,120172,337371,457543
35,2003,128854,343580,472434
35,2004,130571,371684,502255
35,2005,130538,372307,502845
35,2006,130897,374744,505641
35,2007,141300,373341,514641
35,2008,141441,392448,533889
35,2009,143844,394056,537900
35,2010,142329,396200,538529
35,2011,142364,397233,539597
35,2012,141561,399215,540776
35,2013,141561,399783,541344
35,2014,162633,376275,538908
35,2015,170029,389286,559315
35,2016,177429,390821,568250
35,2017,177454,380136,557590
35,2018,170754,393236,563990
35,2019,164055,388135,552190
36,1998,46335,361659,407994
36,1999,46335,295582,341917
36,2000,46335,336081,382416
36,2001,46335,385063,431398
36,2002,46504,385063,431567
36,2003,46504,386617,433121
36,2004,46504,388463,434967
36,2005,46504,388669,435173
36,2006,46504,388675,435179
36,2007,48523,400141,448664
36,2008,67077,401042,468119
36,2009,67079,409069,476148
36,2010,67079,416890,483969
36,2011,70503,434126,504629
36,2012,70979,438440,509419
36,2013,70979,441562,512541
36,2014,70863,450959,521822
36,2015,70538,453668,524206
36,2016,71114,454936,526050
36,2017,71114,458329,529443
36,2018,71114,444513,515627
36,2019,71114,465255,536369
37,1998,54332,470799,525131
37,1999,0,414463,414463
38,1998,164877,420266,585143
38,1999,173088,443133,616221
38,2000,162741,388350,551091
38,2001,169442,447328,616770
38,2002,224639,452850,677489
38,2003,222631,229340,451971
38,2004,157610,237273,394883
38,2005,157738,254072,411810
38,2006,157384,264368,421752
38,2007,157373,266109,423482
38,2008,192001,271444,463445
38,2009,185019,279198,464217
38,2010,185019,278498,463517
38,2011,185019,287214,472233
38,2012,185066,287189,472255
38,2013,185066,288903,473969
38,2014,203958,295169,499127
38,2015,204043,302760,506803
38,2016,167358,0,167358
38,2017,167467,0,167467
39,1998,56906,286172,343078
39,1999,68279,281503,349782
39,2000,71325,278861,350186
39,2001,71426,186809,258235
39,2002,71370,292218,363588
39,2003,70186,289311,359497
39,2004,71681,292901,364582
39,2005,81799,289926,371725
39,2006,84010,294425,378435
39,2007,84417,295219,379636
39,2008,128513,310515,439028
39,2009,82941,314406,397347
39,2010,128952,323236,452188
39,2011,128589,326032,454621
39,2012,128589,318575,447164
39,2013,128589,345861,474450
39,2014,128693,352498,481191
39,2015,128196,353035,481231
39,2016,130536,350185,480721
39,2017,127412,352622,480034
39,2018,127611,356557,484168
39,2019,127611,358833,486444
40,1998,4484,386360,390844
40,1999,3698,407143,410841
40,2000,3698,418175,421873
40,2001,2307,443838,446145
40,2002,2307,440361,442668
40,2003,2307,450142,452449
40,2004,2307,470289,472596
40,2005,2307,471298,473605
40,2006,2307,441910,444217
40,2007,2307,449373,451680
40,2008,2307,446576,448883
40,2009,2581,417322,419903
40,2010,2307,443537,445844
40,2011,2307,448362,450669
40,2012,2307,438002,440309
40,2013,2307,438250,440557
40,2014,2307,454214,456521
40,2015,2307,480713,483020
40,2016,2307,460651,462958
40,2017,3883,457470,461353
40,2018,8856,461456,470312
40,2019,8856,427512,436368
41,2016,8755,470182,478937
41,2017,0,237887,237887
41,2018,0,237887,237887
41,2019,0,237888,237888
42,1998,10258,307763,318021
42,1999,10258,261704,271962
42,2000,7266,278740,286006
42,2001,11059,284568,295627
42,2002,32900,305033,337933
42,2003,32900,303984,336884
42,2004,61873,304235,366108
42,2005,62033,314081,376114
42,2006,76216,317860,394076
42,2007,169113,308245,477358
42,2008,172688,321543,494231
42,2009,159528,311155,470683
42,2010,165932,313213,479145
42,2011,165821,311188,477009
42,2012,139108,311188,450296
42,2013,141730,313439,455169
42,2014,153140,308913,462053
42,2015,165542,291759,457301
42,2016,238017,286706,524723
42,2017,240200,279049,519249
42,2018,256463,275949,532412
42,2019,258623,276907,535530
43,1998,78714,344603,423317
43,1999,84896,338715,423611
43,2000,85856,285371,371227
43,2001,87428,303758,391186
44,2005,1776,399183,400959
45,1998,279797,0,279797
45,1999,292358,0,292358
45,2000,301250,0,301250
45,2001,268991,0,268991
45,2002,279822,0,279822
45,2003,306531,0,306531
45,2004,317708,0,317708
45,2005,309501,0,309501
45,2006,309302,0,309302
45,2007,311637,0,311637
45,2008,336455,0,336455
45,2009,340315,0,340315
45,2010,333215,6980,340195
45,2011,330622,0,330622
45,2012,331817,0,331817
45,2013,323601,0,323601
45,2014,324258,0,324258
45,2015,388918,0,388918
45,2016,396846,0,396846
45,2017,399060,0,399060
45,2018,354710,0,354710
45,2019,350956,0,350956
46,1998,0,68901,68901
46,1999,42267,346410,388677
47,1998,19542,239276,258818
47,1999,50752,239276,290028
47,2000,43611,258503,302114
47,2001,514,305087,305601
47,2002,1470,333289,334759
47,2003,1470,347816,349286
47,2004,21158,337311,358469
47,2005,513,355905,356418
47,2006,513,383960,384473
48,1998,49778,327622,377400
48,1999,0,261559,261559
48,2000,0,79351,79351
48,2001,0,243704,243704
49,1998,83917,293464,377381
49,1999,69605,172980,242585
49,2000,70820,297437,368257
50,2002,40163,83762,123925
50,2003,37528,136146,173674
50,2004,41472,140789,182261
50,2005,46524,141025,187549
50,2006,55594,144377,199971
50,2007,57392,149542,206934
50,2008,57466,228790,286256
50,2009,57332,228945,286277
50,2010,56386,220850,277236
50,2011,56451,226396,282847
50,2012,63919,227154,291073
50,2013,54204,227162,281366
50,2014,58785,226612,285397
50,2015,85528,239793,325321
50,2016,82699,237576,320275
50,2017,62463,275842,338305
50,2018,65845,266183,332028
50,2019,97612,271026,368638
51,2001,4448,313436,317884
51,2002,13892,313860,327752
51,2003,8230,311589,319819
51,2004,8230,320476,328706
51,2005,0,329827,329827
51,2006,0,330403,330403
51,2007,8722,330999,339721
51,2008,0,323654,323654
51,2009,834,325920,326754
51,2010,834,340662,341496
51,2011,834,345289,346123
51,2012,9739,355405,365144
51,2013,9739,353341,363080
51,2014,9735,356063,365798
51,2015,1700,325153,326853
51,2016,1700,325337,327037
52,2002,30700,49101,79801
52,2003,89254,168142,257396
52,2004,89254,179882,269136
52,2005,89254,180522,269776
52,2006,88772,181992,270764
52,2007,88772,184982,273754
52,2008,117082,184777,301859
52,2009,117082,187228,304310
52,2010,117206,199235,316441
52,2011,86047,224536,310583
52,2012,85537,225657,311194
52,2013,85537,223394,308931
52,2014,85420,227910,313330
52,2015,85680,244716,330396
52,2016,85680,251457,337137
52,2017,85680,253211,338891
52,2018,86470,265934,352404
52,2019,86470,268504,354974
53,2018,117419,236034,353453
53,2019,64950,234522,299472
54,1998,33594,162647,196241
54,1999,42484,163432,205916
54,2000,35474,65694,101168
54,2001,42482,208978,251460
54,2002,42398,211223,253621
54,2003,42568,211174,253742
54,2004,42729,232027,274756
54,2005,42729,226938,269667
54,2006,42732,227590,270322
54,2007,42732,228651,271383
54,2008,42844,235733,278577
54,2009,42844,250162,293006
54,2010,43281,247968,291249
54,2011,48378,247967,296345
54,2012,50380,249363,299743
54,2013,50642,274029,324671
54,2014,50642,276189,326831
54,2015,50958,284281,335239
54,2016,50958,292078,343036
54,2017,50958,296303,347261
54,2018,50958,297023,347981
54,2019,50958,296677,347635
55,1998,142118,184008,326126
55,1999,121238,114125,235363
55,2000,132292,185270,317562
55,2001,128759,186392,315151
55,2002,126889,190111,317000
55,2003,151494,189458,340952
55,2004,148420,188894,337314
55,2005,148450,137323,285773
55,2006,134149,189665,323814
55,2007,119671,197728,317399
55,2008,83330,213190,296520
55,2009,90104,213469,303573
55,2010,90148,231192,321340
55,2011,93497,214613,308110
55,2012,98876,225664,324540
55,2013,94171,222437,316608
55,2014,95027,222845,317872
55,2015,123812,232015,355827
55,2016,129980,230061,360041
55,2017,132332,240837,373169
55,2018,154272,231306,385578
55,2019,154728,231678,386406
56,2012,55390,246908,302298
56,2013,55387,247707,303094
56,2014,55419,236712,292131
56,2015,55419,243716,299135
57,1998,50905,165462,216367
57,1999,51124,165518,216642
57,2000,50858,127840,178698
57,2001,51687,95785,147472
57,2002,82589,95785,178374
57,2003,83805,211880,295685
57,2004,84050,217764,301814
57,2005,41460,218715,260175
57,2006,41460,218669,260129
57,2007,48690,221293,269983
57,2008,48721,222537,271258
57,2009,48721,222499,271220
57,2010,48721,216380,265101
57,2011,48721,220068,268789
57,2012,48721,214690,263411
57,2013,46747,214690,261437
57,2014,46791,214706,261497
57,2015,45574,214128,259702
57,2016,45574,211957,257531
57,2017,45574,210788,256362
57,2018,45488,210927,256415
57,2019,45488,210937,256425
58,1998,37364,221063,258427
58,1999,36868,224591,261459
58,2000,37886,227597,265483
58,2001,42673,225825,268498
58,2002,41769,234259,276028
58,2003,37727,236361,274088
58,2004,37147,241569,278716
58,2005,37820,239213,277033
58,2006,48916,240499,289415
58,2007,49844,234388,284232
58,2008,49758,244591,294349
58,2009,43601,237473,281074
58,2010,46362,241225,287587
58,2011,46362,202842,249204
58,2012,46362,252421,298783
58,2013,46362,253001,299363
58,2014,46366,254528,300894
58,2015,52543,249153,301696
58,2016,52547,194277,246824
58,2017,22025,195445,217470
58,2018,22025,199314,221339
58,2019,22025,199693,221718
59,1998,64309,99054,163363
59,1999,71971,117653,189624
59,2000,86694,120517,207211
59,2001,81648,120261,201909
59,2002,83540,108060,191600
59,2003,83540,112625,196165
59,2004,87037,119016,206053
59,2005,92954,139106,232060
59,2006,93277,141184,234461
59,2007,93277,151989,245266
59,2008,93575,168327,261902
59,2009,93592,176539,270131
59,2010,97990,177311,275301
59,2011,97990,187917,285907
59,2012,97990,174064,272054
59,2013,97990,178443,276433
59,2014,98051,187126,285177
59,2015,92739,195110,287849
59,2016,92744,195344,288088
59,2017,92547,174814,267361
59,2018,118212,174988,293200
59,2019,116254,170233,286487
60,1998,22988,215863,238851
60,1999,5737,285444,291181
61,2010,286800,0,286800
61,2011,287403,0,287403
62,1998,12381,190315,202696
62,1999,12381,242307,254688
62,2000,15733,263346,279079
62,2001,56782,263784,320566
62,2002,53588,263687,317275
62,2003,66163,275919,342082
62,2004,53792,227194,280986
62,2005,53792,191762,245554
62,2006,54034,198477,252511
62,2007,54433,201677,256110
62,2008,63071,212689,275760
62,2009,54421,215631,270052
62,2010,54519,224991,279510
62,2011,63178,233300,296478
62,2012,54569,226821,281390
62,2013,54569,240518,295087
62,2014,54440,240891,295331
62,2015,100275,229325,329600
62,2016,100263,228913,329176
62,2017,109123,257876,366999
62,2018,100933,246441,347374
62,2019,100935,248254,349189
63,1998,8824,196904,205728
63,1999,11788,196933,208721
63,2000,11788,212961,224749
63,2001,9441,212249,221690
63,2002,9944,237960,247904
63,2003,10490,238564,249054
63,2004,11546,244232,255778
63,2005,11555,245839,257394
63,2006,15894,246475,262369
63,2007,15894,247899,263793
63,2008,24504,249955,274459
63,2009,23982,254090,278072
63,2010,24104,255819,279923
63,2011,24104,255968,280072
63,2012,24524,224759,249283
63,2013,22612,229047,251659
63,2014,24705,228866,253571
63,2015,23340,228868,252208
63,2016,28740,228959,257699
63,2017,10795,228959,239754
63,2018,14829,224041,238870
63,2019,10775,224040,234815
64,1998,4576,263800,268376
65,1998,31634,147167,178801
65,1999,33917,145738,179655
65,2000,33305,108609,141914
65,2001,48412,161978,210390
65,2002,48405,172506,220911
65,2003,48405,177610,226015
65,2004,48405,180936,229341
65,2005,51429,186021,237450
65,2006,37859,187325,225184
65,2007,49610,191262,240872
65,2008,49615,201536,251151
65,2009,51275,204551,255826
65,2010,51326,206375,257701
65,2011,51375,210318,261693
66,1998,49193,183788,232981
66,1999,49522,182731,232253
66,2000,30037,183282,213319
66,2001,49703,179287,228990
66,2002,50359,179032,229391
66,2003,53278,179170,232448
66,2004,53616,179926,233542
66,2005,53803,179933,233736
66,2006,54181,180075,234256
66,2007,54181,179965,234146
66,2008,56679,181988,238667
66,2009,35122,188384,223506
66,2010,35118,188804,223922
66,2011,35118,188488,223606
66,2012,35122,188944,224066
66,2013,35122,191750,226872
66,2014,60105,192685,252790
66,2015,57463,192697,250160
66,2016,57463,189094,246557
66,2017,57463,194827,252290
66,2018,57463,195921,253384
66,2019,62153,195691,257844
67,2016,0,257770,257770
68,2017,206278,44663,250941
69,2018,13668,231521,245189
70,2008,0,178355,178355
70,2009,0,179195,179195
70,2010,0,179001,179001
70,2011,0,182823,182823
70,2012,0,183582,183582
70,2013,0,188105,188105
70,2014,0,192376,192376
70,2015,0,191977,191977
70,2016,0,207005,207005
70,2017,0,235215,235215
70,2018,0,235182,235182
70,2019,0,236380,236380
71,2009,31626,202009,233635
71,2010,32063,101008,133071
71,2011,32063,101008,133071
71,2012,32244,101008,133252
71,2013,32244,100848,133092
71,2014,37694,106299,143993
71,2015,32476,100413,132889
71,2016,38291,106349,144640
71,2017,45799,107803,153602
71,2018,47890,102470,150360
71,2019,49472,99755,149227
72,2002,0,77131,77131
72,2003,1776,230499,232275
73,1998,75693,140065,215758
73,1999,75693,140599,216292
73,2000,75635,141307,216942
73,2001,75635,136305,211940
73,2002,74498,136493,210991
73,2003,74498,136520,211018
73,2004,76308,136431,212739
73,2005,76360,136432,212792
73,2006,79917,139484,219401
73,2007,79919,141449,221368
73,2008,80285,141729,222014
73,2009,80309,141729,222038
73,2010,80253,142395,222648
73,2011,80099,144631,224730
73,2012,80099,145672,225771
73,2013,80099,145588,225687
73,2014,80050,144356,224406
73,2015,80050,145434,225484
73,2016,79951,145591,225542
73,2017,79951,146772,226723
73,2018,80061,146786,226847
73,2019,80061,151173,231234
74,1999,0,230416,230416
75,2005,186330,0,186330
75,2006,191460,0,191460
75,2007,224996,0,224996
75,2008,230085,0,230085
76,2009,2705,225690,228395
77,1998,154307,73455,227762
77,1999,153796,73454,227250
77,2000,85131,0,85131
77,2001,85191,0,85191
77,2002,87497,0,87497
77,2003,87497,0,87497
77,2004,86988,0,86988
77,2005,87149,0,87149
78,2007,0,12514,12514
78,2008,2391,32010,34401
78,2009,2391,33143,35534
78,2010,2382,44467,46849
78,2011,2382,59171,61553
78,2012,2382,63080,65462
78,2013,2382,66124,68506
78,2014,2382,66135,68517
78,2015,2382,169218,171600
78,2016,2382,175134,177516
78,2017,2382,224674,227056
78,2018,2382,228135,230517
78,2019,3390,87815,91205
79,2002,48142,162643,210785
79,2003,48142,164180,212322
79,2004,48735,167092,215827
79,2005,51789,170406,222195
80,1998,25221,137774,162995
80,1999,25221,138051,163272
80,2000,26948,139499,166447
80,2001,26948,139827,166775
80,2002,30055,138075,168130
80,2003,26948,139021,165969
80,2004,26948,142629,169577
80,2005,26948,142629,169577
80,2006,26948,142555,169503
80,2007,26948,143055,170003
80,2008,36119,143704,179823
80,2009,33193,161808,195001
80,2010,36665,141951,178616
80,2011,33558,151913,185471
80,2012,33558,152217,185775
80,2013,36681,153314,189995
80,2014,37246,153381,190627
80,2015,36681,153380,190061
80,2016,30516,153386,183902
80,2017,37144,164124,201268
80,2018,45943,163995,209938
80,2019,45986,163067,209053
81,1998,12191,126722,138913
81,1999,12191,124879,137070
81,2000,12288,135346,147634
81,2001,12409,147237,159646
81,2002,12398,91993,104391
81,2003,12786,157403,170189
81,2004,13594,157958,171552
81,2005,13054,163835,176889
81,2006,13054,165027,178081
81,2007,13054,155193,168247
81,2008,15951,159774,175725
81,2009,13648,161818,175466
81,2010,15411,162562,177973
81,2011,15411,162249,177660
81,2012,14673,188171,202844
81,2013,14673,191810,206483
81,2014,14810,191744,206554
81,2015,14810,164685,179495
81,2016,14892,160902,175794
81,2017,14987,172706,187693
81,2018,14987,182694,197681
81,2019,14987,183063,198050
82,2010,604,203000,203604
83,2013,604,199354,199958
84,2016,0,199462,199462
85,2019,0,199377,199377
86,1998,471,198262,198733
87,2010,1776,194656,196432
88,2016,1777,181977,183754
88,2017,19251,167411,186662
88,2018,19251,168896,188147
89,1998,0,168691,168691
89,1999,934,173016,173950
89,2000,934,184277,185211
90,1999,15012,169714,184726
91,1998,90968,44649,135617
91,1999,34122,0,34122
91,2000,31070,0,31070
91,2001,31070,0,31070
91,2002,31073,0,31073
91,2003,31073,0,31073
91,2004,32407,0,32407
91,2005,32407,0,32407
91,2006,32400,0,32400
91,2007,32400,0,32400
91,2008,32732,0,32732
91,2009,33165,0,33165
91,2010,33165,0,33165
91,2011,33653,0,33653
91,2012,33653,0,33653
91,2013,33653,0,33653
91,2014,103577,69560,173137
91,2015,103520,69604,173124
91,2016,104718,69604,174322
91,2017,110777,69604,180381
91,2018,113995,69604,183599
91,2019,106198,69603,175801
92,1998,11967,156645,168612
92,1999,12004,126376,138380
92,2000,12004,166541,178545
93,2006,174717,0,174717
94,2003,166557,8016,174573
95,1998,124071,0,124071
95,1999,124573,0,124573
95,2000,138236,0,138236
95,2001,139591,0,139591
95,2002,142835,0,142835
95,2003,137128,0,137128
95,2004,153055,0,153055
95,2005,178187,0,178187
95,2006,180820,0,180820
95,2007,124265,0,124265
95,2008,116493,0,116493
95,2009,108591,0,108591
95,2010,120311,0,120311
95,2011,120311,0,120311
95,2012,109613,0,109613
95,2013,114645,0,114645
95,2014,120513,0,120513
95,2015,32124,0,32124
95,2016,32001,0,32001
95,2017,29359,0,29359
95,2018,34019,0,34019
95,2019,34019,0,34019
96,2019,172350,0,172350
97,1998,13663,158295,171958
97,1999,13663,147863,161526
98,1998,27116,144682,171798
98,1999,27564,68254,95818
98,2000,27564,82126,109690
99,2009,0,169700,169700
100,1998,15167,103003,118170
100,1999,15167,89326,104493
100,2000,19158,89326,108484
100,2001,19158,89326,108484
100,2002,19158,89374,108532
100,2003,19158,90219,109377
100,2004,28565,90219,118784
100,2005,28565,90219,118784
100,2006,28565,90219,118784
100,2007,28565,105751,134316
100,2008,28565,126689,155254
100,2009,28565,139385,167950
100,2010,28565,139366,167931
100,2011,28741,139366,168107
100,2012,13955,146753,160708
100,2013,13955,146757,160712
100,2014,13955,151810,165765
100,2015,14484,133809,148293
100,2016,14484,138361,152845
100,2017,14373,138361,152734
100,2018,14373,138367,152740
100,2019,14373,138968,153341
101,2016,604,166793,167397
101,2017,0,39544,39544
101,2018,0,39544,39544
102,2010,0,165947,165947
103,2005,78875,0,78875
103,2006,78880,0,78880
103,2007,160386,0,160386
103,2008,157798,0,157798
103,2009,159371,0,159371
103,2010,160511,0,160511
103,2011,160549,0,160549
103,2012,160548,0,160548
103,2013,157156,0,157156
103,2014,157261,0,157261
103,2015,159061,0,159061
103,2016,158774,0,158774
103,2017,153966,0,153966
103,2018,153824,0,153824
103,2019,150827,0,150827
104,2009,17531,128755,146286
104,2010,17531,128644,146175
104,2011,17531,130399,147930
104,2012,17531,130510,148041
104,2013,17531,134076,151607
104,2014,17647,135983,153630
104,2015,16767,81669,98436
104,2016,16876,137438,154314
104,2017,16876,136498,153374
104,2018,17871,134977,152848
104,2019,17871,135025,152896
105,1998,21679,130732,152411
106,2001,148907,0,148907
107,1998,118473,23006,141479
107,1999,121297,23145,144442
107,2000,145122,144,145266
108,2014,142916,0,142916
108,2015,143105,0,143105
109,1998,6337,0,6337
109,1999,26613,0,26613
109,2000,26644,0,26644
109,2001,28841,0,28841
109,2002,29155,0,29155
109,2003,34384,101172,135556
109,2004,34083,101201,135284
109,2005,31220,101208,132428
109,2006,31622,101357,132979
109,2007,31626,101413,133039
109,2008,31626,101247,132873
110,1998,15259,6413,21672
110,1999,15259,51729,66988
110,2000,17142,52117,69259
110,2001,31887,55078,86965
110,2002,26799,62999,89798
110,2003,26797,63280,90077
110,2004,26876,66285,93161
110,2005,26876,65758,92634
110,2006,33068,99160,132228
110,2007,22938,61048,83986
110,2008,28374,95768,124142
110,2009,28375,97056,125431
110,2010,26252,62188,88440
110,2011,24428,62296,86724
110,2012,30667,62656,93323
110,2013,30667,65434,96101
110,2014,30689,65823,96512
110,2015,31050,69157,100207
110,2016,36056,69917,105973
110,2017,46022,69917,115939
110,2018,38932,69922,108854
110,2019,39056,69922,108978
111,1999,6651,9187,15838
111,2000,6792,13078,19870
111,2001,6792,32907,39699
111,2002,6792,45678,52470
111,2003,6792,45678,52470
111,2004,9402,45743,55145
111,2005,9402,45740,55142
111,2006,9402,45754,55156
111,2007,9402,82480,91882
111,2008,9402,83883,93285
111,2009,9402,83886,93288
111,2010,25655,131829,157484
111,2011,25679,131923,157602
111,2012,25666,127588,153254
111,2013,25691,85246,110937
111,2014,9380,85236,94616
111,2015,10885,85236,96121
111,2016,10885,86078,96963
111,2017,29155,88288,117443
111,2018,29210,88288,117498
111,2019,10940,88081,99021
112,1998,8484,67596,76080
112,1999,8484,75415,83899
112,2000,8296,68161,76457
112,2001,54144,71141,125285
112,2002,53338,71352,124690
112,2003,58237,71352,129589
113,2005,1281,126650,127931
114,1998,86732,1089,87821
114,1999,86732,1089,87821
114,2000,86726,1089,87815
114,2001,91947,1089,93036
114,2002,87726,1089,88815
114,2003,87726,1089,88815
114,2004,91221,1089,92310
114,2005,91742,1089,92831
114,2006,91742,1089,92831
114,2007,91887,1089,92976
114,2008,82058,1089,83147
114,2009,93728,1089,94817
114,2010,91122,1089,92211
114,2011,93728,1089,94817
114,2012,83346,1089,84435
114,2013,94347,1089,95436
114,2014,91730,1089,92819
114,2015,102102,1089,103191
114,2016,125155,1089,126244
114,2017,118695,1089,119784
114,2018,118655,1089,119744
114,2019,118655,1089,119744
115,2003,682,125112,125794
116,1998,83423,0,83423
116,1999,84527,0,84527
116,2000,89589,0,89589
116,2001,89685,0,89685
116,2002,91976,0,91976
116,2003,91369,0,91369
116,2004,93877,0,93877
116,2005,91603,0,91603
116,2006,91732,0,91732
116,2007,91732,0,91732
116,2008,91801,0,91801
116,2009,93167,0,93167
116,2010,92803,0,92803
116,2011,92086,0,92086
116,2012,92290,0,92290
116,2013,92290,0,92290
116,2014,93187,0,93187
116,2015,88565,0,88565
116,2016,89961,34519,124480
116,2017,89961,34519,124480
116,2018,93543,34519,128062
116,2019,94910,34519,129429
117,2017,124166,0,124166
118,2000,0,122665,122665
119,2003,0,122267,122267
120,2001,47435,23680,71115
120,2002,59335,23680,83015
120,2003,50298,23680,73978
120,2004,62003,34137,96140
120,2005,52595,34138,86733
120,2006,51545,70370,121915
120,2007,51614,36064,87678
120,2008,53031,36062,89093
120,2009,53033,36062,89095
120,2010,51707,36062,87769
120,2011,51707,35249,86956
120,2012,53376,35249,88625
120,2013,53376,35249,88625
120,2014,53032,36549,89581
120,2015,53420,41609,95029
120,2016,55955,41419,97374
120,2017,56040,41419,97459
120,2018,56084,41780,97864
120,2019,59566,41780,101346
121,1998,77495,0,77495
121,1999,70965,0,70965
121,2000,69706,0,69706
121,2001,72533,0,72533
121,2002,86899,0,86899
121,2003,86407,0,86407
121,2004,82918,0,82918
121,2005,104156,0,104156
121,2006,112474,0,112474
121,2007,112608,0,112608
121,2008,117558,0,117558
121,2009,121608,0,121608
121,2010,104957,0,104957
121,2011,107409,0,107409
121,2012,107216,0,107216
121,2013,106242,0,106242
121,2014,106016,0,106016
121,2015,106632,0,106632
121,2016,115414,0,115414
121,2017,136785,0,136785
121,2018,142339,0,142339
121,2019,138693,0,138693
122,1998,120489,0,120489
123,2007,118276,0,118276
124,1998,24059,48864,72923
124,1999,23896,45018,68914
124,2000,22741,45018,67759
124,2001,22741,45018,67759
124,2002,22752,64100,86852
124,2003,22752,67481,90233
124,2004,21675,67481,89156
124,2005,22752,67481,90233
124,2006,22854,73167,96021
124,2007,21777,78709,100486
124,2008,22498,78709,101207
124,2009,22499,82496,104995
124,2010,22499,86759,109258
124,2011,23992,86799,110791
124,2012,23992,92704,116696
124,2013,22531,92704,115235
124,2014,23167,92704,115871
124,2015,19821,92704,112525
124,2016,19858,92704,112562
124,2017,19858,92710,112568
124,2018,20992,92710,113702
124,2019,18430,67877,86307
125,2018,2171,113852,116023
126,2004,55843,59234,115077
127,2017,86716,27701,114417
128,2007,71296,27745,99041
128,2008,73006,27803,100809
128,2009,69798,27803,97601
128,2010,84369,29875,114244
128,2011,85919,27803,113722
129,2004,38144,72991,111135
130,2018,24517,84600,109117
130,2019,22952,84600,107552
131,2003,0,107603,107603
132,2015,24537,80317,104854
132,2016,24537,82934,107471
133,2003,91209,0,91209
133,2004,93846,0,93846
133,2005,94834,0,94834
133,2006,95125,0,95125
133,2007,95407,0,95407
133,2008,95407,0,95407
133,2009,105577,0,105577
133,2010,103855,1854,105709
133,2011,105329,0,105329
133,2012,105435,0,105435
133,2013,105861,0,105861
133,2014,105893,0,105893
133,2015,106170,0,106170
133,2016,106453,0,106453
133,2017,106453,0,106453
133,2018,106662,0,106662
133,2019,107147,0,107147
134,1998,114217,1623,115840
134,1999,112910,6769,119679
134,2000,112158,1623,113781
134,2001,143039,1623,144662
134,2002,133763,1623,135386
134,2003,139209,1623,140832
134,2004,150355,1623,151978
134,2005,150448,1623,152071
134,2006,177892,1623,179515
134,2007,182838,1623,184461
134,2008,178928,1623,180551
134,2009,177504,1623,179127
134,2010,188727,5375,194102
134,2011,192776,5375,198151
134,2012,200797,1623,202420
134,2013,195611,1623,197234
134,2014,191825,1623,193448
134,2015,202382,1623,204005
134,2016,217576,1616,219192
134,2017,217928,1616,219544
134,2018,225841,1616,227457
134,2019,224152,1616,225768
135,1998,921,101237,102158
135,1999,921,103978,104899
135,2000,921,103978,104899
136,1998,0,104615,104615
137,2011,22578,73375,95953
137,2012,25415,78511,103926
137,2013,25415,78084,103499
138,1998,13341,17754,31095
138,1999,12699,58960,71659
138,2000,13293,59603,72896
138,2001,13293,59603,72896
138,2002,13293,59603,72896
138,2003,10467,80580,91047
138,2004,10467,80580,91047
138,2005,10467,80585,91052
138,2006,0,85831,85831
138,2007,10551,88399,98950
138,2008,10551,89453,100004
139,1999,17059,81963,99022
139,2000,17059,70637,87696
140,1999,97297,0,97297
141,1998,35962,66058,102020
141,1999,32688,77220,109908
141,2000,33410,77215,110625
141,2001,25268,5867,31135
141,2002,26818,0,26818
141,2003,28657,0,28657
141,2004,29354,0,29354
141,2005,29354,0,29354
141,2006,32084,0,32084
141,2007,30955,0,30955
141,2008,31892,0,31892
141,2009,31892,0,31892
141,2010,33111,0,33111
141,2011,33111,0,33111
141,2012,35583,0,35583
141,2013,35582,0,35582
141,2014,38740,0,38740
141,2015,38638,0,38638
141,2016,37520,0,37520
141,2017,37542,0,37542
141,2018,37556,0,37556
141,2019,39075,0,39075
142,2016,1109,94145,95254
142,2017,1109,94418,95527
143,2008,26929,68086,95015
143,2009,26929,68086,95015
144,1998,15592,78503,94095
145,1998,87936,0,87936
145,1999,87946,0,87946
145,2000,87165,0,87165
145,2001,87165,0,87165
145,2002,87151,0,87151
145,2003,87151,0,87151
145,2004,93040,0,93040
145,2005,81677,0,81677
145,2006,87565,0,87565
145,2007,88342,0,88342
145,2008,82322,0,82322
145,2009,88210,0,88210
145,2010,82304,0,82304
145,2011,82304,0,82304
145,2012,82304,0,82304
145,2013,82304,0,82304
145,2014,82304,0,82304
145,2015,82286,0,82286
145,2016,79894,0,79894
145,2017,79798,0,79798
145,2018,79798,0,79798
145,2019,79798,0,79798
146,2006,0,91002,91002
147,2017,14150,71585,85735
147,2018,14150,71569,85719
147,2019,14150,76576,90726
148,2016,86150,0,86150
148,2017,88287,0,88287
148,2018,90305,0,90305
148,2019,90305,0,90305
149,1998,84445,0,84445
149,1999,87128,0,87128
149,2000,90212,0,90212
150,2008,8662,72077,80739
150,2009,8661,81074,89735
151,2014,45173,14449,59622
151,2015,45154,14449,59603
151,2016,0,14449,14449
151,2017,77174,14449,91623
151,2018,73159,14449,87608
151,2019,76700,22507,99207
152,2006,0,87094,87094
153,2005,32564,0,32564
153,2006,46209,0,46209
153,2007,64281,0,64281
153,2008,65312,0,65312
153,2009,68280,0,68280
153,2010,68399,0,68399
153,2011,71105,0,71105
153,2012,69602,0,69602
153,2013,72075,0,72075
153,2014,76266,0,76266
153,2015,77465,0,77465
153,2016,79263,0,79263
153,2017,79955,0,79955
153,2018,84545,0,84545
153,2019,85700,0,85700
154,1999,53147,0,53147
154,2000,56513,0,56513
154,2001,56539,0,56539
154,2002,52847,0,52847
154,2003,52862,0,52862
154,2004,68636,0,68636
154,2005,68636,0,68636
154,2006,68638,0,68638
154,2007,68029,0,68029
154,2008,69650,0,69650
154,2009,69885,0,69885
154,2010,84673,0,84673
154,2011,84820,0,84820
154,2012,84820,0,84820
154,2013,84820,0,84820
154,2014,85541,0,85541
154,2015,85541,0,85541
154,2016,85310,0,85310
154,2017,85302,0,85302
154,2018,85305,0,85305
154,2019,85305,0,85305
155,2001,67669,0,67669
155,2002,67772,0,67772
155,2003,81805,0,81805
155,2004,81805,0,81805
155,2005,84562,0,84562
156,1998,48085,0,48085
156,1999,48257,0,48257
156,2000,49507,0,49507
156,2001,72309,0,72309
156,2002,74776,0,74776
156,2003,71163,0,71163
156,2004,76620,0,76620
156,2005,66382,0,66382
156,2006,66938,0,66938
156,2007,63931,0,63931
156,2008,83997,0,83997
156,2009,84162,0,84162
156,2010,75761,0,75761
156,2011,75491,0,75491
156,2012,76675,0,76675
156,2013,68602,0,68602
156,2014,68968,0,68968
156,2015,69110,0,69110
156,2016,71792,0,71792
156,2017,74421,0,74421
156,2018,75134,0,75134
156,2019,69588,0,69588
157,1999,0,82645,82645
158,2019,38940,43371,82311
159,1998,12135,0,12135
159,1999,17973,41923,59896
159,2000,12149,51525,63674
159,2001,12149,51611,63760
159,2002,12149,51611,63760
159,2003,12149,51609,63758
159,2004,12149,51601,63750
159,2005,12149,51601,63750
159,2006,12149,51601,63750
159,2007,12149,51601,63750
159,2008,12149,51601,63750
159,2009,12148,51206,63354
159,2010,12148,55692,67840
159,2011,12148,57568,69716
159,2012,12148,57568,69716
159,2013,12148,60193,72341
159,2014,12148,60197,72345
159,2015,12148,60196,72344
159,2016,12148,68581,80729
159,2017,12148,68988,81136
159,2018,12148,70124,82272
159,2019,12148,70124,82272
160,1998,69506,0,69506
160,1999,69994,0,69994
160,2000,81797,0,81797
161,1998,25734,0,25734
161,1999,41581,40201,81782
161,2000,27455,0,27455
161,2001,27487,0,27487
161,2002,27471,0,27471
161,2003,13860,0,13860
161,2004,13860,0,13860
161,2005,15164,0,15164
161,2006,15164,0,15164
161,2007,15164,0,15164
161,2008,15164,0,15164
162,2003,18914,59403,78317
162,2004,19700,61996,81696
163,2000,37174,0,37174
163,2001,38257,27655,65912
163,2002,50626,27655,78281
163,2003,53392,27655,81047
163,2004,70550,27655,98205
164,2019,78994,0,78994
165,2014,0,78832,78832
165,2015,0,70908,70908
165,2016,0,70943,70943
166,2010,0,78832,78832
167,2008,0,78832,78832
168,2004,78428,0,78428
168,2005,78347,0,78347
168,2006,78435,0,78435
168,2007,78434,0,78434
168,2008,78434,0,78434
168,2009,70985,0,70985
168,2010,70987,0,70987
169,1999,72803,3371,76174
169,2000,72713,3371,76084
170,2002,72786,3371,76157
170,2003,72786,3371,76157
170,2004,72786,3371,76157
170,2005,72786,3371,76157
170,2006,72786,3371,76157
170,2007,72786,3371,76157
170,2008,72654,3371,76025
170,2009,72369,3371,75740
170,2010,72369,3371,75740
170,2011,72369,3371,75740
170,2012,72369,3371,75740
170,2013,72369,3371,75740
170,2014,72369,3371,75740
170,2015,71985,3371,75356
170,2016,71985,3371,75356
170,2017,71985,3371,75356
170,2018,71124,3371,74495
170,2019,71124,3371,74495
171,1998,10371,54760,65131
171,1999,21292,54760,76052
171,2000,11044,54803,65847
171,2001,11044,45705,56749
171,2002,11056,45705,56761
171,2003,11056,45777,56833
171,2004,12206,43853,56059
171,2005,12206,43853,56059
171,2006,12206,44039,56245
171,2007,12206,44039,56245
171,2008,14022,44172,58194
171,2009,14437,55423,69860
171,2010,15237,55423,70660
171,2011,15232,55423,70655
171,2012,15232,55614,70846
171,2013,15232,55546,70778
171,2014,15672,55546,71218
171,2015,15713,55546,71259
171,2016,15713,55548,71261
171,2017,15897,55548,71445
171,2018,15897,55739,71636
171,2019,15897,56291,72188
172,2012,0,71038,71038
172,2013,0,71038,71038
172,2014,0,74624,74624
172,2015,0,75775,75775
172,2016,0,73150,73150
172,2017,0,72653,72653
173,1998,44023,0,44023
173,1999,44966,0,44966
173,2000,45729,0,45729
173,2001,46914,0,46914
173,2002,48447,0,48447
173,2003,52075,0,52075
173,2004,56904,0,56904
173,2005,75538,0,75538
173,2006,62591,0,62591
173,2007,65604,0,65604
173,2008,59946,0,59946
173,2009,60917,0,60917
173,2010,58775,0,58775
173,2011,57952,0,57952
173,2012,58117,0,58117
173,2013,58380,0,58380
173,2014,59171,0,59171
173,2015,60452,0,60452
173,2016,60785,0,60785
173,2017,62485,0,62485
173,2018,69456,0,69456
173,2019,69674,0,69674
174,2010,73517,0,73517
175,2009,73451,0,73451
176,2006,0,73418,73418
177,2019,0,73409,73409
178,2007,73351,0,73351
179,2010,70470,0,70470
179,2011,71975,0,71975
179,2012,80257,0,80257
180,2006,71429,0,71429
180,2007,71638,0,71638
181,2010,0,71191,71191
182,1998,54568,0,54568
182,1999,51158,0,51158
182,2000,63283,0,63283
182,2001,66662,0,66662
182,2002,71100,0,71100
182,2003,71083,0,71083
182,2004,71141,0,71141
182,2005,68208,0,68208
182,2006,83758,0,83758
182,2007,73554,0,73554
182,2008,74488,0,74488
182,2009,74670,0,74670
182,2010,82838,0,82838
182,2011,74497,0,74497
182,2012,74527,0,74527
182,2013,74504,0,74504
182,2014,74526,0,74526
182,2015,74526,0,74526
182,2016,74783,0,74783
182,2017,85279,0,85279
182,2018,75169,0,75169
182,2019,75576,0,75576
183,2012,70937,0,70937
183,2013,70937,0,70937
184,2014,0,70894,70894
184,2015,0,70894,70894
184,2016,0,70894,70894
184,2017,0,70894,70894
184,2018,0,70894,70894
184,2019,0,70894,70894
185,2016,70703,0,70703
186,2008,0,48068,48068
186,2009,0,48133,48133
186,2010,0,69831,69831
186,2011,0,69831,69831
187,2010,67300,0,67300
187,2011,67713,0,67713
187,2012,66441,0,66441
187,2013,68355,0,68355
187,2014,69210,0,69210
187,2015,67179,0,67179
187,2016,69077,0,69077
187,2017,68813,0,68813
187,2018,68849,0,68849
187,2019,68314,0,68314
188,2014,68647,0,68647
189,1998,39786,27511,67297
189,1999,39872,0,39872
189,2000,44049,0,44049
189,2001,43951,0,43951
189,2002,39583,0,39583
189,2003,39583,0,39583
189,2004,41292,0,41292
189,2005,41292,0,41292
189,2006,45572,0,45572
189,2007,45572,0,45572
190,2004,64775,0,64775
191,2018,28008,34929,62937
192,2007,0,56774,56774
192,2008,5870,56774,62644
193,2013,24127,24303,48430
193,2014,22936,24303,47239
193,2015,27295,24303,51598
193,2016,27295,26695,53990
193,2017,27335,26695,54030
193,2018,32053,26695,58748
193,2019,33947,28663,62610
194,1998,7492,23609,31101
194,1999,7492,23609,31101
194,2000,7492,23916,31408
194,2001,7492,29642,37134
194,2002,18504,29642,48146
194,2003,18504,29642,48146
194,2004,20606,29642,50248
194,2005,20606,29642,50248
194,2006,20606,28975,49581
194,2007,20606,28962,49568
194,2008,21443,28962,50405
194,2009,21377,29576,50953
194,2010,21377,32567,53944
194,2011,21377,32461,53838
194,2012,26980,32462,59442
194,2013,26980,32461,59441
194,2014,21356,32461,53817
194,2015,21707,9693,31400
194,2016,28402,33826,62228
194,2017,21599,33826,55425
194,2018,21965,33782,55747
194,2019,21965,35102,57067
195,2001,12239,41697,53936
195,2002,17492,41697,59189
195,2003,17492,41697,59189
195,2004,17492,44541,62033
195,2005,17492,44546,62038
195,2006,17492,44545,62037
195,2007,17492,44632,62124
196,2001,0,51812,51812
196,2002,0,51812,51812
196,2003,0,51812,51812
196,2004,5388,56398,61786
197,1998,57262,0,57262
197,1999,54089,0,54089
197,2000,54421,0,54421
197,2001,48665,0,48665
197,2002,48605,0,48605
197,2003,49009,0,49009
197,2004,52885,0,52885
197,2005,54195,0,54195
197,2006,54609,0,54609
197,2007,54812,0,54812
197,2008,56648,0,56648
197,2009,57564,0,57564
197,2010,58686,0,58686
197,2011,58739,0,58739
197,2012,57811,0,57811
197,2013,59549,0,59549
197,2014,61085,0,61085
197,2015,61676,0,61676
197,2016,61754,0,61754
197,2017,61453,0,61453
197,2018,60367,0,60367
197,2019,60428,0,60428
198,1998,0,61028,61028
199,2016,16395,40698,57093
199,2017,16388,42304,58692
199,2018,16388,42303,58691
199,2019,16481,44151,60632
200,2019,3640,56959,60599
201,2012,19853,0,19853
201,2013,19853,0,19853
201,2014,41763,17084,58847
201,2015,43310,17089,60399
201,2016,44556,17089,61645
202,2010,58203,0,58203
202,2011,58203,0,58203
202,2012,58203,0,58203
202,2013,58203,0,58203
202,2014,60119,0,60119
202,2015,59858,0,59858
202,2016,59260,0,59260
202,2017,59262,0,59262
202,2018,59300,0,59300
202,2019,59300,0,59300
203,1998,36737,5736,42473
203,1999,38645,5736,44381
203,2000,36894,5934,42828
203,2001,36922,5934,42856
203,2002,34943,5935,40878
203,2003,40122,5935,46057
203,2004,40639,5935,46574
203,2005,40629,6049,46678
203,2006,40943,6049,46992
203,2007,41558,6049,47607
203,2008,41489,6049,47538
203,2009,41489,6049,47538
203,2010,41483,5894,47377
203,2011,41483,5894,47377
203,2012,41483,5599,47082
203,2013,76778,5599,82377
203,2014,77857,5599,83456
203,2015,76056,11994,88050
203,2016,76056,12202,88258
203,2017,76576,12202,88778
203,2018,77988,12202,90190
203,2019,85528,12202,97730
204,1998,61633,0,61633
204,1999,61763,0,61763
204,2000,62745,0,62745
204,2001,62737,0,62737
204,2002,67470,0,67470
204,2003,67179,0,67179
204,2004,57244,0,57244
204,2005,57234,0,57234
204,2006,57234,0,57234
204,2007,57234,0,57234
204,2008,57234,0,57234
204,2009,57234,0,57234
204,2010,59761,0,59761
204,2011,59345,0,59345
204,2012,59393,0,59393
204,2013,59638,0,59638
204,2014,59407,0,59407
204,2015,59413,0,59413
204,2016,65769,0,65769
204,2017,65769,0,65769
204,2018,66657,0,66657
204,2019,66788,0,66788
205,2017,0,59304,59304
206,2002,9006,48669,57675
206,2003,9006,48650,57656
206,2004,9006,48663,57669
206,2005,9006,48663,57669
206,2006,9006,48662,57668
206,2007,9006,48662,57668
206,2008,9006,48664,57670
206,2009,9006,48662,57668
206,2010,9006,48662,57668
206,2011,9018,48662,57680
206,2012,9018,48662,57680
206,2013,9018,48668,57686
206,2014,9102,48670,57772
207,2013,0,57405,57405
208,1999,0,29469,29469
208,2000,2977,29469,32446
208,2001,2976,54034,57010
208,2002,0,54034,54034
208,2003,0,54041,54041
208,2004,0,54041,54041
209,2010,0,56774,56774
210,2016,3923,48687,52610
210,2017,3923,48687,52610
210,2018,7982,48687,56669
211,2004,0,51929,51929
211,2005,0,52783,52783
211,2006,0,52598,52598
211,2007,0,52913,52913
211,2008,0,52954,52954
211,2009,0,53382,53382
211,2010,0,52841,52841
211,2011,0,52845,52845
211,2012,0,52845,52845
211,2013,0,54758,54758
212,2016,0,54033,54033
212,2017,0,54033,54033
212,2018,0,54029,54029
212,2019,0,54029,54029
213,2006,37836,0,37836
213,2007,37876,0,37876
213,2008,48038,0,48038
213,2009,48038,0,48038
213,2010,47822,0,47822
213,2011,47822,0,47822
213,2012,48215,0,48215
213,2013,48386,0,48386
213,2014,48404,0,48404
213,2015,48801,0,48801
213,2016,53812,0,53812
213,2017,48708,0,48708
213,2018,51415,0,51415
213,2019,51415,0,51415
214,1998,21753,0,21753
214,1999,21583,0,21583
214,2000,21542,0,21542
214,2001,48404,2459,50863
214,2002,38583,0,38583
214,2003,42428,0,42428
214,2004,43941,0,43941
214,2005,45200,0,45200
214,2006,45342,0,45342
214,2007,43776,0,43776
214,2008,48344,0,48344
214,2009,49493,0,49493
214,2010,48538,0,48538
214,2011,49045,0,49045
214,2012,49045,0,49045
214,2013,49231,0,49231
214,2014,49634,0,49634
214,2015,52087,0,52087
214,2016,52508,0,52508
214,2017,50959,0,50959
214,2018,57924,0,57924
214,2019,64843,0,64843
215,2000,16057,37558,53615
215,2001,12215,37986,50201
215,2002,4825,37986,42811
216,1998,11422,41462,52884
216,1999,12180,40522,52702
217,2018,52865,0,52865
217,2019,46569,0,46569
218,2009,52621,0,52621
219,2010,52444,0,52444
220,1998,0,46194,46194
220,1999,0,46194,46194
220,2000,0,46157,46157
220,2001,0,46157,46157
220,2002,0,46157,46157
220,2003,0,46157,46157
220,2004,0,50774,50774
220,2005,0,50774,50774
220,2006,0,51096,51096
220,2007,0,51429,51429
220,2008,0,51846,51846
220,2009,0,48102,48102
220,2010,0,52230,52230
220,2011,0,51275,51275
220,2012,0,51218,51218
220,2013,0,51150,51150
220,2014,0,51151,51151
220,2015,0,51151,51151
220,2016,0,51183,51183
220,2017,0,51183,51183
220,2018,0,51183,51183
220,2019,0,51163,51163
221,2005,51616,0,51616
221,2006,51667,0,51667
222,2002,0,50366,50366
223,1999,0,48947,48947
223,2000,0,49852,49852
224,2009,0,14449,14449
224,2010,15764,14449,30213
224,2011,17220,14449,31669
224,2012,35400,14449,49849
225,2016,0,49463,49463
226,2005,0,49452,49452
227,2012,3092,45762,48854
228,2010,0,41739,41739
228,2011,0,41731,41731
228,2012,0,41731,41731
228,2013,0,41731,41731
228,2014,0,41765,41765
228,2015,0,42269,42269
228,2016,0,42269,42269
228,2017,6558,42269,48827
228,2018,0,42269,42269
228,2019,0,42269,42269
229,2000,41016,0,41016
229,2001,26353,0,26353
229,2002,26538,0,26538
229,2003,26538,0,26538
229,2004,26577,0,26577
229,2005,26577,0,26577
229,2006,36905,0,36905
229,2007,36905,0,36905
229,2008,36999,0,36999
229,2009,47969,0,47969
229,2010,43091,0,43091
229,2011,43091,0,43091
229,2012,36330,0,36330
229,2013,36330,0,36330
229,2014,45676,0,45676
229,2015,46063,0,46063
230,2005,44546,0,44546
230,2006,43562,0,43562
230,2007,43559,0,43559
230,2008,43679,0,43679
230,2009,47662,0,47662
230,2010,47660,0,47660
230,2011,47674,0,47674
230,2012,47674,0,47674
231,2002,3173,44395,47568
231,2003,3173,44395,47568
232,1999,47501,0,47501
233,1998,44737,0,44737
233,1999,46550,0,46550
233,2000,26899,0,26899
233,2001,26551,0,26551
233,2002,25237,0,25237
233,2003,25416,0,25416
233,2004,25591,0,25591
233,2005,25760,0,25760
233,2006,25315,0,25315
233,2007,23927,0,23927
233,2008,24214,0,24214
233,2009,24214,0,24214
233,2010,24803,0,24803
233,2011,30177,0,30177
233,2012,29908,0,29908
233,2013,29886,0,29886
233,2014,30993,0,30993
233,2015,30076,0,30076
233,2016,32131,0,32131
233,2017,36313,0,36313
233,2018,37574,0,37574
233,2019,41221,0,41221
234,2011,7716,0,7716
234,2012,7716,0,7716
234,2013,8002,0,8002
234,2014,45915,0,45915
235,2001,0,44929,44929
235,2002,0,44929,44929
235,2003,0,44841,44841
235,2004,0,44841,44841
235,2005,0,45503,45503
236,2006,3090,41703,44793
237,1998,11828,0,11828
237,1999,12569,27289,39858
237,2000,14310,27289,41599
237,2001,14310,27747,42057
237,2002,14316,27747,42063
237,2003,14316,27747,42063
237,2004,14316,27747,42063
237,2005,14316,27747,42063
237,2006,14316,27747,42063
237,2007,16025,27747,43772
237,2008,16025,27747,43772
237,2009,16025,27747,43772
237,2010,16025,27747,43772
237,2011,16025,27747,43772
237,2012,16025,27747,43772
237,2013,16025,27747,43772
237,2014,16686,27749,44435
237,2015,16674,27749,44423
237,2016,16766,27753,44519
237,2017,16766,27753,44519
237,2018,16815,27753,44568
237,2019,15740,27753,43493
238,1998,0,43481,43481
238,1999,0,44392,44392
239,1998,12298,32016,44314
240,2014,44125,0,44125
240,2015,44125,0,44125
240,2016,44125,0,44125
240,2017,44125,0,44125
240,2018,44125,0,44125
240,2019,44125,0,44125
241,2006,0,39600,39600
241,2007,0,39598,39598
241,2008,0,39598,39598
241,2009,0,39594,39594
241,2010,0,41217,41217
241,2011,0,41217,41217
241,2012,0,41217,41217
241,2013,0,41217,41217
241,2014,0,41217,41217
241,2015,0,41384,41384
241,2016,0,41384,41384
241,2017,0,41384,41384
241,2018,0,41384,41384
241,2019,0,43808,43808
242,2010,0,43675,43675
242,2011,0,43675,43675
243,2000,17247,25980,43227
243,2001,17611,25980,43591
244,1998,44729,0,44729
244,1999,49123,0,49123
244,2000,45950,0,45950
244,2001,47451,0,47451
244,2002,51720,0,51720
244,2003,48302,0,48302
244,2004,43834,0,43834
244,2005,42510,0,42510
244,2006,37075,0,37075
244,2007,37075,0,37075
244,2008,36740,0,36740
244,2009,36487,0,36487
244,2010,36509,0,36509
244,2011,36765,0,36765
244,2012,38322,0,38322
244,2013,38393,0,38393
244,2014,37596,0,37596
244,2015,37811,0,37811
244,2016,36753,0,36753
244,2017,31078,0,31078
244,2018,29806,0,29806
244,2019,29231,0,29231
245,2002,41965,0,41965
246,2006,0,41804,41804
246,2007,0,41803,41803
246,2008,0,41803,41803
246,2009,0,41802,41802
246,2010,0,41802,41802
246,2011,0,41801,41801
246,2012,0,41801,41801
246,2013,0,41801,41801
246,2014,0,41801,41801
247,2017,0,41802,41802
248,2009,41419,0,41419
249,2019,0,41071,41071
250,2000,0,40765,40765
250,2001,0,40761,40761
250,2002,0,40763,40763
250,2003,0,40763,40763
250,2004,0,40812,40812
250,2005,0,40812,40812
251,1998,0,40635,40635
252,2005,40579,0,40579
253,2014,0,40470,40470
253,2015,0,40470,40470
253,2016,2977,20558,23535
253,2017,0,20558,20558
253,2018,0,22955,22955
253,2019,0,22955,22955
254,2010,24116,15927,40043
254,2011,24127,15927,40054
255,2004,24074,14566,38640
255,2005,24074,14566,38640
255,2006,24074,15919,39993
255,2007,24074,15916,39990
255,2008,24074,15925,39999
256,2005,0,39545,39545
256,2006,0,39544,39544
256,2007,0,39544,39544
256,2008,0,39544,39544
257,1998,0,39405,39405
257,1999,0,39405,39405
258,2008,0,38916,38916
259,1998,7821,30908,38729
259,1999,7821,9460,17281
259,2000,8288,9460,17748
259,2001,8288,9460,17748
259,2002,8429,9460,17889
260,2002,24022,14566,38588
261,2012,35972,0,35972
261,2013,35972,0,35972
261,2014,38191,0,38191
261,2015,38517,0,38517
262,1999,28278,0,28278
262,2000,29537,0,29537
262,2001,30741,0,30741
262,2002,31205,0,31205
262,2003,32984,0,32984
262,2004,37496,0,37496
262,2005,38496,0,38496
263,2006,0,38061,38061
264,2004,0,37996,37996
265,1998,24829,0,24829
265,1999,24905,0,24905
265,2000,24867,0,24867
265,2001,24867,0,24867
265,2002,24867,0,24867
265,2003,40503,0,40503
265,2004,42519,0,42519
265,2005,42519,0,42519
265,2006,42519,0,42519
265,2007,42525,0,42525
265,2008,37547,0,37547
265,2009,37480,0,37480
265,2010,37480,0,37480
265,2011,37480,0,37480
265,2012,37679,0,37679
265,2013,37679,0,37679
265,2014,37662,0,37662
265,2015,37635,0,37635
265,2016,37629,0,37629
265,2017,37629,0,37629
265,2018,37629,0,37629
265,2019,37629,0,37629
266,1998,37615,0,37615
266,1999,37615,0,37615
266,2000,37615,0,37615
267,2009,37606,0,37606
268,2000,0,36964,36964
269,2007,35408,0,35408
270,2000,0,35395,35395
270,2001,0,35395,35395
270,2002,0,35395,35395
271,2018,0,35053,35053
271,2019,0,35053,35053
272,2000,16816,18220,35036
273,2008,34849,0,34849
273,2009,32902,0,32902
273,2010,32747,0,32747
273,2011,34694,0,34694
273,2012,34746,0,34746
273,2013,34762,0,34762
273,2014,35243,0,35243
273,2015,4720,0,4720
273,2016,4720,0,4720
273,2017,4720,0,4720
273,2018,2919,0,2919
273,2019,2919,0,2919
274,2001,34810,0,34810
275,2000,0,34019,34019
276,2013,6272,27437,33709
277,1998,33679,0,33679
278,1998,33098,0,33098
279,2006,33057,0,33057
280,2017,32679,0,32679
281,2019,32658,0,32658
282,2016,32458,0,32458
283,1998,31624,0,31624
283,1999,31690,0,31690
283,2000,31863,0,31863
283,2001,31863,0,31863
283,2002,31863,0,31863
283,2003,31863,0,31863
283,2004,31863,0,31863
283,2005,31863,0,31863
283,2006,31863,0,31863
283,2007,31863,0,31863
283,2008,31863,0,31863
283,2009,31863,0,31863
283,2010,31863,0,31863
283,2011,31863,0,31863
283,2012,31863,0,31863
283,2013,31863,0,31863
283,2014,31863,0,31863
283,2015,31773,0,31773
283,2016,31773,0,31773
283,2017,31773,0,31773
283,2018,31773,0,31773
283,2019,31773,0,31773
284,2001,31726,0,31726
285,1998,31049,0,31049
285,1999,31064,0,31064
285,2000,31135,0,31135
285,2001,31620,0,31620
285,2002,31635,0,31635
286,2011,0,31320,31320
286,2012,0,31632,31632
286,2013,0,31632,31632
286,2014,0,31328,31328
286,2015,0,31038,31038
286,2016,0,30997,30997
286,2017,0,31003,31003
286,2018,0,31062,31062
286,2019,0,31041,31041
287,1998,22452,9135,31587
287,1999,25221,0,25221
287,2000,25221,0,25221
287,2001,25221,0,25221
287,2002,25214,0,25214
287,2003,25214,0,25214
287,2004,25214,0,25214
287,2005,28246,0,28246
287,2006,28246,0,28246
287,2007,28246,0,28246
287,2008,28246,0,28246
287,2009,28246,0,28246
287,2010,28263,0,28263
287,2011,28263,0,28263
287,2012,28263,0,28263
287,2013,30971,0,30971
287,2014,30971,0,30971
287,2015,30779,0,30779
287,2016,30764,0,30764
287,2017,30763,0,30763
287,2018,30763,0,30763
287,2019,30763,0,30763
288,1998,24521,0,24521
288,1999,25399,0,25399
288,2000,25664,0,25664
288,2001,25758,3426,29184
288,2002,26291,0,26291
288,2003,26291,0,26291
288,2004,26606,0,26606
288,2005,26724,0,26724
288,2006,26724,0,26724
288,2007,27507,0,27507
288,2008,27503,3426,30929
288,2009,27503,0,27503
288,2010,27499,0,27499
288,2011,27499,0,27499
288,2012,28116,3426,31542
288,2013,28116,3426,31542
288,2014,28047,0,28047
288,2015,28047,0,28047
288,2016,28813,0,28813
288,2017,28855,0,28855
288,2018,28855,0,28855
288,2019,28854,0,28854
289,2003,2577,0,2577
289,2004,10307,0,10307
289,2005,25813,0,25813
289,2006,25859,0,25859
289,2007,23147,0,23147
289,2008,27147,0,27147
289,2009,31471,0,31471
289,2010,27172,0,27172
289,2011,27172,0,27172
289,2012,27138,0,27138
289,2013,27138,0,27138
289,2014,27151,0,27151
289,2015,31189,0,31189
289,2016,31180,0,31180
289,2017,31180,0,31180
289,2018,29624,0,29624
289,2019,30199,0,30199
290,2017,1502,29849,31351
291,2006,1502,29849,31351
292,2011,31123,0,31123
292,2012,31123,0,31123
292,2013,31123,0,31123
293,2015,31078,0,31078
294,2017,30772,0,30772
294,2018,30772,0,30772
294,2019,30772,0,30772
295,1998,0,30624,30624
296,2014,8955,0,8955
296,2015,8955,0,8955
296,2016,8944,0,8944
296,2017,30595,0,30595
297,1998,26945,0,26945
297,1999,20324,0,20324
297,2000,21010,0,21010
297,2001,21030,0,21030
297,2002,25443,0,25443
297,2003,25618,0,25618
297,2004,25618,0,25618
297,2005,26865,0,26865
297,2006,26862,0,26862
297,2007,26862,0,26862
297,2008,28106,0,28106
297,2009,28106,0,28106
297,2010,28214,0,28214
297,2011,29357,0,29357
297,2012,29748,0,29748
297,2013,29832,0,29832
297,2014,30055,0,30055
297,2015,30055,0,30055
297,2016,26715,0,26715
297,2017,26367,0,26367
297,2018,30520,0,30520
297,2019,26715,0,26715
298,2018,30471,0,30471
298,2019,30472,0,30472
299,1998,21358,0,21358
299,1999,20743,0,20743
299,2000,20003,0,20003
299,2001,27392,0,27392
299,2002,27756,0,27756
299,2003,27724,0,27724
299,2004,27862,0,27862
299,2005,28004,0,28004
299,2006,29984,0,29984
299,2007,29568,0,29568
299,2008,30244,0,30244
299,2009,27496,0,27496
299,2010,27647,0,27647
299,2011,30408,0,30408
299,2012,29922,0,29922
299,2013,25731,0,25731
299,2014,26324,0,26324
299,2015,24467,0,24467
299,2016,25089,0,25089
299,2017,25090,0,25090
299,2018,25948,0,25948
299,2019,27452,0,27452
300,1998,25738,0,25738
300,1999,25738,0,25738
300,2000,25738,0,25738
300,2001,25738,0,25738
300,2002,24458,0,24458
300,2003,26366,0,26366
300,2004,27638,0,27638
300,2005,24458,0,24458
300,2006,24457,0,24457
300,2007,28620,0,28620
300,2008,28407,0,28407
300,2009,29170,0,29170
300,2010,30201,0,30201
300,2011,30201,0,30201
300,2012,30201,0,30201
300,2013,30201,0,30201
300,2014,30197,0,30197
300,2015,30197,0,30197
300,2016,30185,0,30185
300,2017,30175,0,30175
300,2018,28279,0,28279
300,2019,28279,0,28279
301,1999,29761,0,29761
301,2000,30012,0,30012
301,2001,30133,0,30133
302,2018,23981,6118,30099
303,1998,2311,24637,26948
303,1999,2333,24538,26871
303,2000,1392,28540,29932
304,2006,0,29891,29891
305,2006,29563,0,29563
306,2017,29271,0,29271
307,2006,0,20806,20806
307,2007,0,20806,20806
307,2008,0,20806,20806
307,2009,0,23339,23339
307,2010,0,23339,23339
307,2011,0,23339,23339
307,2012,0,23339,23339
307,2013,0,24987,24987
307,2014,0,24987,24987
307,2015,0,24987,24987
307,2016,0,24987,24987
307,2017,0,24987,24987
307,2018,0,29036,29036
307,2019,0,29036,29036
308,2000,28736,0,28736
309,1998,28665,0,28665
309,1999,28664,0,28664
309,2000,28664,0,28664
309,2001,28664,0,28664
309,2002,28299,0,28299
309,2003,28299,0,28299
309,2004,28299,0,28299
309,2005,28292,0,28292
309,2006,28292,0,28292
309,2007,28292,0,28292
309,2008,28292,0,28292
309,2009,28292,0,28292
309,2010,28292,0,28292
309,2011,28292,0,28292
309,2012,28292,0,28292
309,2013,28292,0,28292
309,2014,28292,0,28292
309,2015,28217,0,28217
309,2016,28217,0,28217
309,2017,28217,0,28217
309,2018,28217,0,28217
309,2019,28217,0,28217
310,1999,0,28664,28664
311,2004,28562,0,28562
311,2005,28526,0,28526
312,2013,28489,0,28489
312,2014,28489,0,28489
312,2015,28489,0,28489
312,2016,28548,0,28548
313,2009,28489,0,28489
314,2007,28489,0,28489
315,1998,18265,0,18265
315,1999,20156,0,20156
315,2000,20606,0,20606
315,2001,20606,0,20606
315,2002,23452,0,23452
315,2003,24805,0,24805
315,2004,25369,0,25369
315,2005,27725,0,27725
315,2006,27832,0,27832
315,2007,27832,0,27832
315,2008,27580,0,27580
315,2009,27581,0,27581
315,2010,26221,0,26221
315,2011,26221,0,26221
315,2012,28117,0,28117
315,2013,28117,0,28117
315,2014,28463,0,28463
315,2015,24991,0,24991
315,2016,24847,0,24847
315,2017,24847,0,24847
315,2018,22981,0,22981
315,2019,22981,0,22981
316,2019,0,28311,28311
317,2016,0,28311,28311
317,2017,0,28311,28311
318,1998,23922,0,23922
318,1999,25209,0,25209
318,2000,29572,0,29572
318,2001,30860,0,30860
318,2002,25515,0,25515
319,2010,0,28191,28191
320,2011,0,28073,28073
321,2017,26785,0,26785
321,2018,28063,0,28063
322,2018,27787,0,27787
323,1998,0,27729,27729
324,2000,0,27683,27683
325,2004,18172,0,18172
325,2005,18123,0,18123
325,2006,22064,0,22064
325,2007,22064,0,22064
325,2008,26857,0,26857
325,2009,24267,0,24267
325,2010,24713,0,24713
325,2011,25644,0,25644
325,2012,26421,0,26421
325,2013,27622,0,27622
326,2010,0,27224,27224
326,2011,0,27587,27587
326,2012,0,27588,27588
327,1998,19196,0,19196
327,1999,19196,0,19196
327,2000,19263,0,19263
327,2001,19263,0,19263
327,2002,19361,0,19361
327,2003,20063,0,20063
327,2004,20268,0,20268
327,2005,23277,0,23277
327,2006,23277,0,23277
327,2007,24714,0,24714
327,2008,26354,0,26354
327,2009,26354,0,26354
327,2010,26985,0,26985
327,2011,26976,0,26976
327,2012,27046,0,27046
327,2013,27093,0,27093
327,2014,27084,0,27084
328,1998,0,22317,22317
328,1999,0,26973,26973
329,2012,0,26964,26964
329,2013,0,26964,26964
330,2000,0,26809,26809
330,2001,0,26809,26809
330,2002,0,26809,26809
330,2003,0,26740,26740
330,2004,0,26740,26740
330,2005,0,26740,26740
330,2006,0,26740,26740
330,2007,0,26740,26740
330,2008,0,26740,26740
330,2009,0,26740,26740
330,2010,0,26740,26740
330,2011,0,26740,26740
330,2012,0,26740,26740
330,2013,0,26740,26740
330,2014,0,26758,26758
330,2015,0,26758,26758
330,2016,0,26760,26760
331,1998,0,26512,26512
331,1999,0,26512,26512
331,2000,0,26512,26512
331,2001,0,26512,26512
331,2002,0,26512,26512
332,2006,26051,0,26051
333,2009,0,25406,25406
333,2010,0,25406,25406
333,2011,0,25406,25406
333,2012,0,25406,25406
333,2013,0,25406,25406
333,2014,0,26017,26017
333,2015,0,26017,26017
333,2016,0,26014,26014
333,2017,0,26014,26014
333,2018,0,26014,26014
333,2019,0,26014,26014
334,2002,4945,19897,24842
334,2003,4945,19895,24840
334,2004,4945,19895,24840
334,2005,4945,19896,24841
334,2006,4966,19896,24862
334,2007,4966,19896,24862
334,2008,4966,19896,24862
334,2009,4966,19896,24862
334,2010,5866,19897,25763
335,2007,25707,0,25707
336,1998,0,25672,25672
337,1999,9956,13391,23347
337,2000,10040,13391,23431
337,2001,10040,13391,23431
337,2002,10040,13391,23431
337,2003,10040,13391,23431
337,2004,10040,13391,23431
337,2005,10040,14949,24989
337,2006,10040,15014,25054
337,2007,10040,14949,24989
337,2008,10487,15039,25526
337,2009,10488,15006,25494
337,2010,10496,15006,25502
337,2011,10496,15005,25501
337,2012,10496,15005,25501
337,2013,10496,15006,25502
337,2014,10496,15071,25567
337,2015,10496,15071,25567
337,2016,10496,15071,25567
337,2017,10496,15071,25567
337,2018,10496,15071,25567
337,2019,10539,15071,25610
338,1998,25476,0,25476
339,2013,24037,0,24037
339,2014,24292,0,24292
339,2015,24839,0,24839
339,2016,24839,0,24839
339,2017,25293,0,25293
339,2018,25293,0,25293
339,2019,25420,0,25420
340,2009,18075,0,18075
340,2010,23945,0,23945
340,2011,23945,0,23945
340,2012,23373,0,23373
340,2013,23373,0,23373
340,2014,22720,2245,24965
340,2015,21975,3362,25337
341,2003,0,13610,13610
341,2004,0,13610,13610
341,2005,0,13610,13610
341,2006,0,13610,13610
341,2007,0,18450,18450
341,2008,0,18571,18571
341,2009,0,19423,19423
341,2010,0,19727,19727
341,2011,0,20454,20454
341,2012,0,21247,21247
341,2013,0,21247,21247
341,2014,0,21247,21247
341,2015,0,21490,21490
341,2016,0,21860,21860
341,2017,0,21860,21860
341,2018,0,24843,24843
341,2019,0,24843,24843
342,2013,24428,0,24428
342,2014,24428,0,24428
342,2015,24428,0,24428
342,2016,24816,0,24816
343,1998,19827,0,19827
343,1999,19827,0,19827
343,2000,19670,0,19670
343,2001,19703,0,19703
343,2002,20732,0,20732
343,2003,23038,0,23038
343,2004,23247,0,23247
343,2005,23247,0,23247
343,2006,23257,0,23257
343,2007,23257,0,23257
343,2008,23380,0,23380
343,2009,24387,0,24387
343,2010,24387,0,24387
343,2011,24387,0,24387
343,2012,24649,0,24649
343,2013,24649,0,24649
343,2014,24650,0,24650
343,2015,24644,0,24644
343,2016,24575,0,24575
343,2017,24575,0,24575
343,2018,24575,0,24575
343,2019,24627,0,24627
344,1998,5742,4010,9752
344,1999,5742,15669,21411
344,2000,5742,14533,20275
344,2001,5742,15822,21564
344,2002,5742,16134,21876
344,2003,5742,16160,21902
344,2004,5742,16361,22103
344,2005,5742,18510,24252
344,2006,5742,17418,23160
344,2007,5742,17418,23160
344,2008,5742,17455,23197
344,2009,5742,17441,23183
344,2010,5742,18050,23792
344,2011,5742,17059,22801
344,2012,5742,15179,20921
344,2013,5742,989,6731
344,2014,5712,989,6701
344,2015,5711,2564,8275
344,2016,5711,3558,9269
344,2017,5711,3617,9328
344,2018,7500,4535,12035
344,2019,5711,5973,11684
345,1998,23921,0,23921
345,1999,23644,0,23644
345,2000,23921,0,23921
345,2001,23659,0,23659
345,2002,23659,0,23659
345,2003,23659,0,23659
345,2004,23659,0,23659
345,2005,23659,0,23659
345,2006,23659,0,23659
345,2007,23936,0,23936
345,2008,23659,0,23659
345,2009,23950,0,23950
345,2010,23950,0,23950
345,2011,23950,0,23950
345,2012,24227,0,24227
345,2013,24227,0,24227
345,2014,24227,0,24227
345,2015,24194,0,24194
345,2016,24194,0,24194
345,2017,23917,0,23917
345,2018,24194,0,24194
345,2019,23917,0,23917
346,2008,7527,0,7527
346,2009,7622,0,7622
346,2010,24500,0,24500
346,2011,24841,0,24841
346,2012,24841,0,24841
346,2013,22766,0,22766
346,2014,23265,0,23265
346,2015,24159,0,24159
346,2016,21723,0,21723
347,2017,15885,0,15885
347,2018,23931,0,23931
347,2019,8839,0,8839
348,2002,23512,0,23512
348,2003,23512,0,23512
348,2004,23512,0,23512
348,2005,23794,0,23794
349,2019,23633,0,23633
350,2000,23623,0,23623
351,2016,23530,0,23530
352,2000,0,19682,19682
352,2001,3842,19682,23524
352,2002,3842,19682,23524
352,2003,0,19682,19682
352,2004,0,19683,19683
352,2005,0,19683,19683
352,2006,0,19683,19683
353,1998,0,23452,23452
354,2010,13098,0,13098
354,2011,13761,0,13761
354,2012,14086,0,14086
354,2013,14086,0,14086
354,2014,14086,0,14086
354,2015,14086,0,14086
354,2016,23204,0,23204
354,2017,23330,0,23330
354,2018,23366,0,23366
354,2019,23366,0,23366
355,2009,23366,0,23366
355,2010,23367,0,23367
355,2011,23367,0,23367
355,2012,23367,0,23367
355,2013,23367,0,23367
356,2003,0,23321,23321
356,2004,0,23321,23321
356,2005,0,23321,23321
356,2006,0,23321,23321
356,2007,0,23321,23321
356,2008,0,23321,23321
357,2003,23130,0,23130
358,1999,0,22651,22651
358,2000,0,23004,23004
358,2001,0,23004,23004
359,2017,1604,21396,23000
360,1998,5150,0,5150
360,1999,4833,0,4833
360,2000,4833,0,4833
360,2001,5150,0,5150
360,2002,4833,0,4833
360,2003,4833,0,4833
360,2004,5057,17919,22976
360,2005,198,17708,17906
360,2006,198,17708,17906
361,1998,22958,0,22958
362,2008,0,22922,22922
362,2009,0,22922,22922
363,2008,5053,17708,22761
364,2005,15966,0,15966
364,2006,15966,0,15966
364,2007,16836,0,16836
364,2008,22688,0,22688
364,2009,22696,0,22696
365,1998,0,22630,22630
366,2000,0,22605,22605
367,1998,10817,0,10817
367,1999,11310,0,11310
367,2000,9914,0,9914
367,2001,9773,0,9773
367,2002,8703,4430,13133
367,2003,8930,4430,13360
367,2004,8930,4440,13370
367,2005,8930,4440,13370
367,2006,13013,4440,17453
367,2007,13013,4440,17453
367,2008,13266,7551,20817
367,2009,13266,7771,21037
367,2010,13265,7771,21036
367,2011,12937,7771,20708
367,2012,14784,7771,22555
367,2013,14784,7771,22555
367,2014,13292,7771,21063
367,2015,14778,3257,18035
367,2016,15400,3257,18657
367,2017,13907,3257,17164
367,2018,13907,3257,17164
367,2019,13907,3257,17164
368,1998,16837,0,16837
368,1999,16837,0,16837
368,2000,16749,0,16749
368,2001,16672,0,16672
368,2002,22532,0,22532
368,2003,7504,0,7504
368,2004,7504,0,7504
368,2005,7504,0,7504
368,2006,7504,0,7504
368,2007,7504,0,7504
368,2008,7504,0,7504
368,2009,7504,0,7504
368,2010,7504,0,7504
368,2011,7504,0,7504
368,2012,7504,0,7504
368,2013,7504,0,7504
368,2014,6745,0,6745
368,2015,6745,0,6745
368,2016,6730,0,6730
368,2017,6730,0,6730
368,2018,6730,0,6730
368,2019,7489,0,7489
369,1998,2788,0,2788
369,1999,2788,0,2788
369,2000,2788,0,2788
369,2001,2788,15515,18303
369,2002,2788,14320,17108
369,2003,2788,14666,17454
369,2004,2788,14735,17523
369,2005,2788,15254,18042
369,2006,2788,15516,18304
369,2007,2788,15499,18287
369,2008,2788,15946,18734
369,2009,0,16647,16647
369,2010,0,16701,16701
369,2011,0,16763,16763
369,2012,0,16763,16763
369,2013,2772,17765,20537
369,2014,2772,18781,21553
369,2015,2772,18767,21539
369,2016,2763,19378,22141
369,2017,2763,19475,22238
369,2018,2763,19436,22199
369,2019,2763,19514,22277
370,2004,18478,0,18478
370,2005,19385,0,19385
370,2006,19385,0,19385
370,2007,22223,0,22223
371,2015,1604,20613,22217
372,2011,22212,0,22212
372,2012,22212,0,22212
372,2013,22212,0,22212
372,2014,22212,0,22212
372,2015,22212,0,22212
373,1998,20583,0,20583
373,1999,20589,0,20589
373,2000,20589,0,20589
373,2001,22141,0,22141
373,2002,20589,0,20589
373,2003,20611,0,20611
374,2015,18637,0,18637
374,2016,20252,0,20252
374,2017,20252,0,20252
374,2018,20252,0,20252
374,2019,21914,0,21914
375,2017,21798,0,21798
376,2000,21796,0,21796
377,2009,21709,0,21709
378,2006,20259,0,20259
378,2007,21612,0,21612
379,1998,16737,0,16737
379,1999,16737,0,16737
379,2000,20340,0,20340
379,2001,21433,0,21433
380,2012,8629,9460,18089
380,2013,11922,9460,21382
380,2014,11922,9460,21382
380,2015,11922,9460,21382
380,2016,11922,9460,21382
380,2017,3081,0,3081
380,2018,8648,9460,18108
380,2019,8648,9460,18108
381,2001,21179,0,21179
382,1998,11991,0,11991
382,1999,11991,1520,13511
382,2000,12001,1520,13521
382,2001,12001,1520,13521
382,2002,19546,1520,21066
382,2003,19546,1520,21066
382,2004,19637,1519,21156
382,2005,19637,1519,21156
382,2006,19637,1519,21156
383,2016,0,21084,21084
383,2017,0,21085,21085
383,2018,0,12567,12567
383,2019,0,13882,13882
384,2005,20645,0,20645
384,2006,20629,0,20629
385,2007,10994,0,10994
385,2008,12206,0,12206
385,2009,12206,0,12206
385,2010,20560,0,20560
385,2011,20560,0,20560
385,2012,8354,0,8354
385,2013,8354,0,8354
386,1998,0,12920,12920
386,1999,0,16473,16473
386,2000,0,20057,20057
386,2001,0,20057,20057
386,2002,0,20057,20057
386,2003,0,20057,20057
386,2004,0,20000,20000
386,2005,0,20000,20000
386,2006,0,20000,20000
386,2007,0,20000,20000
386,2008,0,20000,20000
387,1998,0,20044,20044
388,2010,0,20002,20002
388,2011,0,20002,20002
388,2012,0,20002,20002
388,2013,0,16449,16449
388,2014,0,20002,20002
388,2015,0,20001,20001
388,2016,0,20001,20001
388,2017,0,20001,20001
388,2018,0,20001,20001
388,2019,0,20001,20001
389,2000,20000,0,20000
390,2015,16803,3119,19922
391,2017,19828,0,19828
392,1998,0,19757,19757
392,1999,0,19808,19808
392,2000,0,19808,19808
392,2001,0,19808,19808
392,2002,0,19808,19808
392,2003,0,19808,19808
393,2012,12742,0,12742
393,2013,12768,0,12768
393,2014,11965,0,11965
393,2015,11865,0,11865
393,2016,10143,0,10143
393,2017,26592,0,26592
393,2018,32942,0,32942
393,2019,27290,0,27290
394,2015,0,19639,19639
395,2004,17672,0,17672
395,2005,17672,0,17672
395,2006,19501,0,19501
395,2007,19501,0,19501
395,2008,19501,0,19501
395,2009,19501,0,19501
396,1998,4980,14398,19378
396,1999,4980,14398,19378
396,2000,4945,12819,17764
397,2017,19363,0,19363
398,2010,17660,0,17660
398,2011,17708,0,17708
398,2012,17858,0,17858
398,2013,17858,0,17858
398,2014,17858,0,17858
398,2015,18311,0,18311
398,2016,18311,0,18311
398,2017,19330,0,19330
398,2018,19330,0,19330
398,2019,19342,0,19342
399,1998,0,15724,15724
399,1999,0,15725,15725
399,2000,0,16176,16176
399,2001,0,16176,16176
399,2002,0,17464,17464
399,2003,0,19266,19266
399,2004,0,9848,9848
399,2005,0,10694,10694
399,2006,0,10694,10694
399,2007,0,10697,10697
399,2008,0,10697,10697
399,2009,0,10697,10697
399,2010,0,10697,10697
399,2011,0,10697,10697
399,2012,0,10697,10697
399,2013,0,10697,10697
399,2014,0,10697,10697
399,2015,0,10697,10697
399,2016,0,10697,10697
399,2017,0,11884,11884
399,2018,0,11884,11884
399,2019,0,11884,11884
400,2010,19262,0,19262
401,2016,0,19162,19162
402,2010,0,19155,19155
402,2011,0,19162,19162
402,2012,0,19162,19162
403,2014,19143,0,19143
404,2010,19143,0,19143
404,2011,19143,0,19143
404,2012,19143,0,19143
405,2002,16803,2258,19061
406,1998,18380,0,18380
406,1999,19056,0,19056
406,2000,20131,0,20131
407,1998,10609,0,10609
407,1999,10609,0,10609
407,2000,10856,0,10856
407,2001,11080,0,11080
407,2002,12596,0,12596
407,2003,17654,0,17654
407,2004,18028,0,18028
407,2005,18170,0,18170
407,2006,14587,0,14587
407,2007,14586,0,14586
407,2008,14586,0,14586
407,2009,18782,0,18782
407,2010,16457,0,16457
407,2011,15673,0,15673
407,2012,15670,0,15670
407,2013,18705,0,18705
407,2014,18025,0,18025
407,2015,18025,0,18025
407,2016,18418,0,18418
407,2017,18418,0,18418
407,2018,18040,0,18040
407,2019,17763,0,17763
408,2000,18468,0,18468
409,1998,15995,0,15995
409,1999,16418,0,16418
409,2000,18422,0,18422
410,2010,18313,0,18313
411,2009,8650,9460,18110
411,2010,8665,9460,18125
412,2004,8646,9460,18106
412,2005,8646,9460,18106
412,2006,8650,9460,18110
412,2007,8650,9460,18110
413,2015,18014,0,18014
413,2016,18014,0,18014
413,2017,18014,0,18014
414,2008,16198,0,16198
414,2009,16198,0,16198
414,2010,18013,0,18013
414,2011,16752,0,16752
415,2019,17988,0,17988
416,2016,198,17708,17906
417,2019,17489,0,17489
418,1999,16612,0,16612
418,2000,16612,0,16612
418,2001,16612,0,16612
418,2002,16613,0,16613
418,2003,16613,0,16613
418,2004,17195,0,17195
418,2005,17195,0,17195
418,2006,17195,0,17195
418,2007,17195,0,17195
418,2008,17195,0,17195
418,2009,17195,0,17195
418,2010,17195,0,17195
418,2011,17195,0,17195
418,2012,17195,0,17195
418,2013,17195,0,17195
418,2014,17195,0,17195
418,2015,17138,0,17138
418,2016,17474,0,17474
419,2012,2775,0,2775
419,2013,2775,0,2775
419,2014,2775,0,2775
419,2015,16563,0,16563
419,2016,16616,0,16616
419,2017,16706,0,16706
419,2018,17176,0,17176
419,2019,17409,0,17409
420,1998,16989,0,16989
420,1999,16992,0,16992
420,2000,16977,0,16977
420,2001,17068,0,17068
421,2004,16363,0,16363
421,2005,16370,0,16370
421,2006,17049,0,17049
421,2007,15902,0,15902
422,2006,16969,0,16969
423,2005,0,16943,16943
424,2018,16794,0,16794
424,2019,16984,0,16984
425,2014,16311,0,16311
425,2015,16367,0,16367
425,2016,16513,0,16513
426,2013,6481,0,6481
426,2014,6457,0,6457
426,2015,6984,0,6984
426,2016,6984,0,6984
426,2017,15147,0,15147
426,2018,16469,0,16469
426,2019,16282,0,16282
427,2003,0,16432,16432
427,2004,0,16432,16432
428,2004,16271,0,16271
429,1998,16271,0,16271
429,1999,16271,0,16271
429,2000,16271,0,16271
430,2013,16202,0,16202
430,2014,16238,0,16238
430,2015,16429,0,16429
431,2019,16055,0,16055
432,2010,12086,0,12086
432,2011,12086,0,12086
432,2012,11716,0,11716
432,2013,11716,0,11716
432,2014,11583,0,11583
432,2015,11583,0,11583
432,2016,14368,0,14368
432,2017,14368,0,14368
432,2018,15657,0,15657
432,2019,15876,0,15876
433,2017,15862,0,15862
433,2018,15862,0,15862
433,2019,15336,0,15336
434,2014,15842,0,15842
434,2015,15843,0,15843
434,2016,15843,0,15843
435,1998,15713,0,15713
436,2016,7061,0,7061
436,2017,6309,0,6309
436,2018,15573,0,15573
436,2019,15573,0,15573
437,1998,15432,0,15432
437,1999,15432,0,15432
437,2000,15365,0,15365
437,2001,15419,0,15419
437,2002,15419,0,15419
438,2019,15414,0,15414
439,2000,0,15400,15400
440,2014,15334,0,15334
440,2015,15334,0,15334
440,2016,15913,0,15913
440,2017,15913,0,15913
440,2018,15913,0,15913
440,2019,15913,0,15913
441,2019,15277,0,15277
442,2002,15206,0,15206
442,2003,15206,0,15206
442,2004,15206,0,15206
442,2005,15206,0,15206
442,2006,15206,0,15206
442,2007,15206,0,15206
442,2008,15206,0,15206
443,2007,15124,0,15124
443,2008,15124,0,15124
443,2009,15124,0,15124
443,2010,15132,0,15132
443,2011,15113,0,15113
443,2012,15113,0,15113
443,2013,15113,0,15113
443,2014,15202,0,15202
443,2015,15202,0,15202
443,2016,15130,0,15130
444,1998,13315,1826,15141
444,1999,13315,1826,15141
445,2018,15130,0,15130
445,2019,15130,0,15130
446,1998,15006,0,15006
446,1999,15002,0,15002
446,2000,15001,0,15001
446,2001,15001,0,15001
446,2002,14993,0,14993
446,2003,14992,0,14992
446,2004,14992,0,14992
446,2005,15124,0,15124
447,2017,14991,0,14991
447,2018,14965,0,14965
448,2016,14735,0,14735
448,2017,14870,0,14870
449,1998,14683,0,14683
449,1999,14713,0,14713
449,2000,14935,0,14935
449,2001,8556,0,8556
449,2002,8563,0,8563
449,2003,8572,0,8572
450,2004,14668,0,14668
451,1998,14645,0,14645
451,1999,14645,0,14645
451,2000,14600,0,14600
451,2001,14600,0,14600
452,2004,14340,0,14340
452,2005,14350,0,14350
452,2006,13585,0,13585
452,2007,13585,0,13585
452,2008,13585,0,13585
452,2009,13585,0,13585
452,2010,13585,0,13585
452,2011,13585,0,13585
452,2012,13585,0,13585
452,2013,13585,0,13585
452,2014,9235,0,9235
452,2015,9234,0,9234
452,2016,9322,0,9322
452,2017,9323,0,9323
452,2018,9323,0,9323
452,2019,9323,0,9323
453,2001,8511,5792,14303
454,2000,11226,0,11226
454,2001,13525,0,13525
454,2002,12484,0,12484
454,2003,12484,0,12484
454,2004,12846,0,12846
454,2005,12846,0,12846
454,2006,12848,0,12848
454,2007,13268,0,13268
454,2008,13521,0,13521
454,2009,13564,0,13564
454,2010,14080,0,14080
454,2011,14080,0,14080
454,2012,12615,0,12615
454,2013,14099,0,14099
454,2014,11147,0,11147
454,2015,11147,0,11147
454,2016,12520,0,12520
454,2017,14009,0,14009
454,2018,14287,0,14287
455,2013,14228,0,14228
455,2014,14228,0,14228
455,2015,14228,0,14228
455,2016,14204,0,14204
455,2017,14204,0,14204
456,2007,14211,0,14211
456,2008,14211,0,14211
456,2009,14211,0,14211
456,2010,14210,0,14210
456,2011,14210,0,14210
457,1998,13982,0,13982
457,1999,2679,0,2679
457,2000,13982,0,13982
458,1998,10558,2137,12695
458,1999,10409,2137,12546
458,2000,10369,2137,12506
458,2001,10406,0,10406
458,2002,12601,0,12601
458,2003,12658,0,12658
458,2004,12900,0,12900
458,2005,13052,0,13052
458,2006,13052,0,13052
458,2007,13052,0,13052
458,2008,13290,0,13290
458,2009,12345,0,12345
458,2010,12689,0,12689
458,2011,11489,0,11489
458,2012,11488,0,11488
458,2013,11488,0,11488
458,2014,11488,0,11488
458,2015,11488,0,11488
458,2016,12209,0,12209
458,2017,12224,0,12224
458,2018,13764,0,13764
458,2019,13912,0,13912
459,2001,13909,0,13909
460,1998,13759,0,13759
460,1999,13778,0,13778
460,2000,13762,0,13762
460,2001,13762,0,13762
460,2002,6688,0,6688
460,2003,6688,0,6688
460,2004,6688,0,6688
460,2005,6688,0,6688
460,2006,6688,0,6688
460,2007,6688,0,6688
460,2008,6688,0,6688
460,2009,6688,0,6688
460,2010,6688,0,6688
460,2011,6688,0,6688
460,2012,6688,0,6688
460,2013,6688,0,6688
460,2014,6688,0,6688
460,2015,6688,0,6688
461,2005,7147,0,7147
461,2006,7128,0,7128
461,2007,7128,0,7128
461,2008,7206,0,7206
461,2009,7206,0,7206
461,2010,10814,2893,13707
461,2011,10755,0,10755
461,2012,10792,0,10792
461,2013,10792,0,10792
461,2014,10792,0,10792
461,2015,10823,0,10823
461,2016,10823,0,10823
461,2017,10823,0,10823
462,2014,13665,0,13665
462,2015,13665,0,13665
463,2012,13665,0,13665
464,2010,13665,0,13665
465,2000,0,13610,13610
465,2001,0,13610,13610
466,2003,6147,0,6147
466,2004,6147,0,6147
466,2005,6147,0,6147
466,2006,11204,0,11204
466,2007,11204,0,11204
466,2008,11426,0,11426
466,2009,13518,0,13518
466,2010,11552,0,11552
466,2011,11552,0,11552
466,2012,9818,0,9818
466,2013,9195,0,9195
466,2014,9200,0,9200
466,2015,8534,0,8534
466,2016,11236,0,11236
466,2017,8751,0,8751
466,2018,8672,0,8672
466,2019,13422,0,13422
467,1998,10017,0,10017
467,1999,12263,0,12263
467,2000,12378,0,12378
467,2001,12333,0,12333
467,2002,12958,0,12958
467,2003,13516,0,13516
467,2004,14292,0,14292
468,1998,10972,0,10972
468,1999,12301,0,12301
468,2000,12272,0,12272
468,2001,12272,0,12272
468,2002,12685,0,12685
468,2003,12681,0,12681
468,2004,13023,0,13023
468,2005,13115,0,13115
468,2006,13125,0,13125
468,2007,13125,0,13125
468,2008,13125,0,13125
468,2009,13125,0,13125
468,2010,12709,0,12709
468,2011,12709,0,12709
468,2012,12709,0,12709
468,2013,12739,0,12739
468,2014,13318,0,13318
468,2015,13294,0,13294
468,2016,13290,0,13290
468,2017,11735,0,11735
468,2018,13290,0,13290
468,2019,13515,0,13515
469,2006,13473,0,13473
470,2000,13473,0,13473
471,2019,13354,0,13354
472,1998,8218,0,8218
472,1999,13086,0,13086
472,2000,13086,0,13086
472,2001,13086,0,13086
473,2017,13041,0,13041
474,2018,0,11549,11549
474,2019,0,13016,13016
475,2002,8609,0,8609
475,2003,8609,0,8609
475,2004,8609,0,8609
475,2005,8609,0,8609
475,2006,8609,0,8609
475,2007,12941,0,12941
475,2008,12941,0,12941
475,2009,12941,0,12941
475,2010,12956,0,12956
475,2011,12956,0,12956
475,2012,12956,0,12956
475,2013,13022,0,13022
475,2014,12935,0,12935
475,2015,13050,0,13050
475,2016,14474,0,14474
475,2017,14474,0,14474
475,2018,8527,0,8527
475,2019,8527,0,8527
476,2011,2096,0,2096
476,2012,12322,0,12322
476,2013,12706,0,12706
476,2014,12706,0,12706
476,2015,12956,0,12956
476,2016,2087,0,2087
477,2006,12928,0,12928
478,1998,12788,0,12788
478,1999,12788,0,12788
478,2000,12788,0,12788
478,2001,12788,0,12788
478,2002,12788,0,12788
478,2003,12788,0,12788
478,2004,12788,0,12788
478,2005,12788,0,12788
478,2006,12788,0,12788
478,2007,8720,0,8720
478,2008,8720,0,8720
478,2009,8720,0,8720
478,2010,8720,0,8720
478,2011,8720,0,8720
478,2012,8720,0,8720
478,2013,8720,0,8720
478,2014,8720,0,8720
478,2015,8711,0,8711
478,2016,8711,0,8711
478,2017,8711,0,8711
478,2018,8711,0,8711
478,2019,8711,0,8711
479,2013,9507,0,9507
479,2014,12754,0,12754
479,2015,12776,0,12776
479,2016,12776,0,12776
479,2017,9505,0,9505
479,2018,9505,0,9505
479,2019,9505,0,9505
480,1998,9582,0,9582
480,1999,12709,0,12709
480,2000,9566,0,9566
480,2001,9566,0,9566
481,2001,12092,0,12092
481,2002,12661,0,12661
482,2001,12619,0,12619
482,2002,12619,0,12619
482,2003,12619,0,12619
483,1998,971,6697,7668
483,1999,971,6697,7668
483,2000,971,6697,7668
483,2001,0,6697,6697
483,2002,0,6697,6697
483,2003,0,6697,6697
483,2004,0,6697,6697
483,2005,0,6697,6697
483,2006,5183,6697,11880
483,2007,6227,6697,12924
483,2008,5938,6697,12635
483,2009,5938,6697,12635
483,2010,5938,6697,12635
483,2011,5938,6697,12635
483,2012,5938,6697,12635
483,2013,5938,6697,12635
483,2014,5890,6697,12587
483,2015,5890,6697,12587
483,2016,5890,6697,12587
483,2017,5890,0,5890
483,2018,5890,0,5890
483,2019,5890,0,5890
484,2018,12587,0,12587
485,2000,12462,0,12462
486,1998,12017,0,12017
486,1999,12380,0,12380
487,2014,12154,0,12154
487,2015,12354,0,12354
487,2016,10943,0,10943
487,2017,10646,0,10646
488,2017,0,12322,12322
489,2014,0,12322,12322
490,1998,12334,0,12334
490,1999,12334,0,12334
490,2000,12303,0,12303
490,2001,12303,0,12303
490,2002,12296,0,12296
490,2003,12296,0,12296
490,2004,12296,0,12296
490,2005,12296,0,12296
490,2006,12291,0,12291
490,2007,12291,0,12291
490,2008,12291,0,12291
490,2009,12291,0,12291
490,2010,12308,0,12308
490,2011,12308,0,12308
490,2012,12308,0,12308
490,2013,12308,0,12308
490,2014,10131,0,10131
490,2015,10131,0,10131
490,2016,10131,0,10131
490,2017,10131,0,10131
490,2018,10131,0,10131
490,2019,10131,0,10131
491,1998,12225,0,12225
492,2003,12193,0,12193
492,2004,4369,0,4369
492,2005,5069,0,5069
492,2006,5069,0,5069
492,2007,5069,0,5069
492,2008,5052,0,5052
493,1999,3256,8688,11944
494,2015,11682,0,11682
494,2016,11936,0,11936
495,1998,11924,0,11924
495,1999,11783,0,11783
496,1998,3785,0,3785
496,1999,3785,0,3785
496,2000,3789,0,3789
496,2001,4803,0,4803
496,2002,5322,0,5322
496,2003,11897,0,11897
496,2004,11897,0,11897
496,2005,11982,0,11982
496,2006,11982,0,11982
496,2007,11982,0,11982
496,2008,15459,0,15459
496,2009,15459,0,15459
496,2010,15459,0,15459
496,2011,15459,0,15459
496,2012,8805,0,8805
496,2013,8805,0,8805
496,2014,8805,0,8805
496,2015,8805,0,8805
496,2016,8799,0,8799
496,2017,8799,0,8799
496,2018,8799,0,8799
496,2019,8799,0,8799
497,1998,11878,0,11878
498,1999,1598,10220,11818
498,2000,1598,10220,11818
498,2001,1598,10220,11818
498,2002,1598,10220,11818
499,2006,14058,0,14058
499,2007,11045,0,11045
499,2008,14417,0,14417
499,2009,14551,0,14551
499,2010,14635,0,14635
499,2011,14635,0,14635
499,2012,15284,0,15284
499,2013,15284,0,15284
499,2014,15272,0,15272
499,2015,15272,0,15272
499,2016,11416,0,11416
499,2017,11528,0,11528
499,2018,11909,0,11909
499,2019,9015,0,9015
500,1998,11585,0,11585
501,2001,11570,0,11570
502,1998,11570,0,11570
502,1999,11570,0,11570
503,2009,11216,0,11216
503,2010,11216,0,11216
503,2011,11553,0,11553
504,2019,11513,0,11513
505,1998,11140,0,11140
505,1999,11500,0,11500
505,2000,11467,0,11467
505,2001,2096,0,2096
506,1998,5705,0,5705
506,1999,5683,0,5683
506,2000,5574,0,5574
506,2001,5900,0,5900
506,2002,7271,0,7271
506,2003,7479,0,7479
506,2004,9144,0,9144
506,2005,13527,0,13527
506,2006,13746,0,13746
506,2007,13746,0,13746
506,2008,15218,0,15218
506,2009,17835,0,17835
506,2010,18395,0,18395
507,2016,11227,0,11227
507,2017,11227,0,11227
507,2018,11422,0,11422
507,2019,11422,0,11422
508,2005,8526,0,8526
508,2006,9252,0,9252
508,2007,9252,0,9252
508,2008,10071,0,10071
508,2009,11092,0,11092
508,2010,11392,0,11392
509,2016,5248,6069,11317
509,2017,5248,6069,11317
509,2018,5248,6069,11317
509,2019,5248,6069,11317
510,1998,11273,0,11273
510,1999,11273,0,11273
510,2000,11273,0,11273
510,2001,11273,0,11273
510,2002,11273,0,11273
510,2003,11273,0,11273
510,2004,11273,0,11273
510,2005,11265,0,11265
510,2006,11265,0,11265
510,2007,11265,0,11265
510,2008,11265,0,11265
510,2009,11265,0,11265
510,2010,11265,0,11265
510,2011,11265,0,11265
510,2012,11265,0,11265
510,2013,11265,0,11265
510,2014,11265,0,11265
510,2015,11265,0,11265
510,2016,11241,0,11241
510,2017,11199,0,11199
510,2018,11199,0,11199
510,2019,11199,0,11199
511,2006,10467,0,10467
511,2007,10467,0,10467
511,2008,10468,0,10468
511,2009,11172,0,11172
511,2010,11172,0,11172
511,2011,11172,0,11172
511,2012,11220,0,11220
511,2013,11220,0,11220
511,2014,11220,0,11220
511,2015,11097,0,11097
511,2016,11097,0,11097
511,2017,11097,0,11097
511,2018,11192,0,11192
511,2019,11192,0,11192
512,2000,9882,0,9882
512,2001,11204,0,11204
512,2002,10951,0,10951
512,2003,10951,0,10951
513,1998,12731,0,12731
513,1999,10971,0,10971
513,2000,11129,0,11129
513,2001,11129,0,11129
513,2002,11129,0,11129
513,2003,11129,0,11129
513,2004,11129,0,11129
513,2005,11129,0,11129
513,2006,11129,0,11129
513,2007,11129,0,11129
513,2008,11118,0,11118
513,2009,11118,0,11118
513,2010,11187,0,11187
513,2011,11187,0,11187
513,2012,11187,0,11187
513,2013,11187,0,11187
513,2014,11187,0,11187
513,2015,12011,0,12011
513,2016,12011,0,12011
513,2017,12013,0,12013
513,2018,12065,0,12065
513,2019,12077,0,12077
514,1998,9679,0,9679
514,1999,9737,0,9737
514,2000,9828,0,9828
514,2001,9828,0,9828
514,2002,11009,0,11009
514,2003,11128,0,11128
514,2004,11194,0,11194
514,2005,11194,0,11194
514,2006,12911,0,12911
514,2007,12934,0,12934
514,2008,12934,0,12934
514,2009,13730,0,13730
514,2010,13733,0,13733
514,2011,13733,0,13733
514,2012,13733,0,13733
514,2013,13733,0,13733
514,2014,13733,0,13733
514,2015,13703,0,13703
515,1998,11109,0,11109
516,2009,11077,0,11077
517,2016,0,11045,11045
518,2000,11042,0,11042
518,2001,11042,0,11042
519,1998,11034,0,11034
519,1999,10896,0,10896
519,2000,10896,0,10896
519,2001,10896,0,10896
520,2005,10994,0,10994
521,2018,10917,0,10917
521,2019,10917,0,10917
522,1999,10862,0,10862
522,2000,10862,0,10862
522,2001,10862,0,10862
523,2007,6999,0,6999
523,2008,6999,0,6999
523,2009,6999,0,6999
523,2010,8874,0,8874
523,2011,8874,0,8874
523,2012,8874,0,8874
523,2013,8874,0,8874
523,2014,9128,0,9128
523,2015,9128,0,9128
523,2016,10816,0,10816
524,2018,10795,0,10795
524,2019,10795,0,10795
525,2005,10674,0,10674
525,2006,10674,0,10674
525,2007,10791,0,10791
526,2015,5450,5333,10783
527,2001,0,434,434
527,2002,0,434,434
527,2003,0,434,434
527,2004,0,1590,1590
527,2005,5450,2814,8264
527,2006,5450,4937,10387
527,2007,5450,5333,10783
527,2008,5450,5333,10783
527,2009,5450,5333,10783
527,2010,5450,5333,10783
527,2011,5450,5333,10783
527,2012,5450,5333,10783
527,2013,5450,5333,10783
528,1998,5269,0,5269
528,1999,5235,0,5235
528,2000,5922,0,5922
528,2001,6215,0,6215
528,2002,6215,3523,9738
528,2003,6215,3523,9738
528,2004,6305,3523,9828
528,2005,6441,3523,9964
528,2006,6441,3265,9706
528,2007,6441,3523,9964
528,2008,6444,3523,9967
528,2009,6464,3523,9987
528,2010,6464,3523,9987
528,2011,6464,3523,9987
528,2012,6454,3523,9977
528,2013,6454,3523,9977
528,2014,6518,3523,10041
528,2015,10474,3523,13997
528,2016,10756,3523,14279
528,2017,0,3523,3523
528,2018,0,3523,3523
528,2019,0,3523,3523
529,2004,3886,0,3886
529,2005,3989,0,3989
529,2006,3988,0,3988
529,2007,3988,0,3988
529,2008,3988,0,3988
529,2009,3988,0,3988
529,2010,3993,0,3993
529,2011,3993,0,3993
529,2012,3993,0,3993
529,2013,3993,0,3993
529,2014,3993,0,3993
529,2015,3993,0,3993
529,2016,3984,0,3984
529,2017,8917,0,8917
529,2018,10750,0,10750
529,2019,10750,0,10750
530,1998,10724,0,10724
531,2006,10551,0,10551
532,2018,0,10519,10519
532,2019,0,10519,10519
533,2011,0,10519,10519
534,2002,10507,0,10507
535,2011,9691,0,9691
535,2012,9691,0,9691
535,2013,9691,0,9691
535,2014,9243,0,9243
535,2015,9250,0,9250
535,2016,9250,0,9250
535,2017,9250,0,9250
535,2018,10496,0,10496
535,2019,10496,0,10496
536,1998,7293,3166,10459
536,1999,7293,3166,10459
536,2000,7293,3122,10415
536,2001,7294,3122,10416
537,2018,10430,0,10430
538,2002,10426,0,10426
538,2003,10426,0,10426
538,2004,10426,0,10426
538,2005,10426,0,10426
538,2006,10426,0,10426
538,2007,10426,0,10426
538,2008,10426,0,10426
538,2009,10426,0,10426
539,2003,7294,3122,10416
539,2004,7294,3122,10416
539,2005,7294,3122,10416
539,2006,7294,2880,10174
539,2007,7294,3122,10416
539,2008,7294,3122,10416
539,2009,7294,3122,10416
539,2010,7294,3122,10416
539,2011,7294,3122,10416
539,2012,7294,3122,10416
539,2013,7294,3122,10416
539,2014,7302,3122,10424
539,2015,7302,3122,10424
539,2016,7302,3122,10424
539,2017,7302,3122,10424
539,2018,7302,3122,10424
539,2019,7302,3122,10424
540,2000,10116,0,10116
540,2001,10257,0,10257
540,2002,10405,0,10405
541,1998,10377,0,10377
541,1999,10377,0,10377
542,2017,10375,0,10375
542,2018,10375,0,10375
542,2019,10375,0,10375
543,2005,9762,0,9762
543,2006,10340,0,10340
543,2007,10340,0,10340
543,2008,7149,0,7149
543,2009,8127,0,8127
544,2014,10335,0,10335
545,2010,10335,0,10335
546,2008,10335,0,10335
547,2010,9992,0,9992
547,2011,10248,0,10248
547,2012,9190,0,9190
547,2013,9190,0,9190
548,2005,10248,0,10248
548,2006,10248,0,10248
549,2005,9551,0,9551
549,2006,10237,0,10237
549,2007,10237,0,10237
549,2008,10237,0,10237
549,2009,10237,0,10237
549,2010,10237,0,10237
549,2011,10237,0,10237
549,2012,10125,0,10125
549,2013,10125,0,10125
549,2014,10125,0,10125
549,2015,10125,0,10125
549,2016,10125,0,10125
549,2017,10125,0,10125
549,2018,10125,0,10125
549,2019,10125,0,10125
550,2012,8321,0,8321
550,2013,8321,0,8321
550,2014,8321,0,8321
550,2015,8321,0,8321
550,2016,10212,0,10212
550,2017,10212,0,10212
551,2013,10232,0,10232
551,2014,10205,0,10205
551,2015,10205,0,10205
551,2016,10205,0,10205
551,2017,10205,0,10205
551,2018,10205,0,10205
551,2019,10126,0,10126
552,2002,8780,0,8780
552,2003,9027,0,9027
552,2004,9121,0,9121
552,2005,9617,0,9617
552,2006,10001,0,10001
552,2007,10141,0,10141
553,1998,9982,0,9982
553,1999,9982,0,9982
553,2000,10104,0,10104
554,1998,9940,0,9940
554,1999,10032,0,10032
554,2000,10012,0,10012
555,1998,9828,0,9828
555,1999,9885,0,9885
555,2000,9889,0,9889
555,2001,9908,0,9908
556,1998,7890,0,7890
556,1999,9358,0,9358
556,2000,9680,0,9680
556,2001,8814,0,8814
556,2002,8804,0,8804
556,2003,8410,0,8410
556,2004,9782,0,9782
556,2005,9616,0,9616
556,2006,9334,0,9334
556,2007,9738,0,9738
556,2008,9725,0,9725
556,2009,9725,0,9725
556,2010,8821,0,8821
556,2011,9739,0,9739
556,2012,9739,0,9739
556,2013,8821,0,8821
556,2014,8821,0,8821
556,2015,9739,0,9739
556,2016,8821,0,8821
556,2017,8821,0,8821
556,2018,9762,0,9762
556,2019,9867,0,9867
557,2002,9866,0,9866
557,2003,9866,0,9866
557,2004,9866,0,9866
557,2005,9866,0,9866
557,2006,9866,0,9866
557,2007,9866,0,9866
557,2008,3035,0,3035
557,2009,3035,0,3035
557,2010,3035,0,3035
557,2011,3035,0,3035
557,2012,3035,0,3035
557,2013,3035,0,3035
557,2014,3035,0,3035
557,2015,3035,0,3035
557,2016,3035,0,3035
557,2017,3035,0,3035
557,2018,3035,0,3035
557,2019,3035,0,3035
558,2013,5402,0,5402
558,2014,5402,0,5402
558,2015,9237,0,9237
558,2016,9237,0,9237
558,2017,9237,0,9237
558,2018,9773,0,9773
558,2019,9773,0,9773
559,1998,6081,0,6081
559,1999,6479,0,6479
559,2000,11762,0,11762
559,2001,9768,0,9768
559,2002,10770,0,10770
559,2003,11145,0,11145
559,2004,11821,0,11821
559,2005,12621,0,12621
559,2006,11652,0,11652
559,2007,13040,0,13040
559,2008,13884,0,13884
559,2009,13817,0,13817
559,2010,13806,0,13806
559,2011,7214,0,7214
559,2012,6896,0,6896
559,2013,7792,0,7792
559,2014,7479,0,7479
559,2015,7479,0,7479
559,2016,8488,0,8488
559,2017,8488,0,8488
559,2018,9432,0,9432
559,2019,9433,0,9433
560,2001,9665,0,9665
560,2002,9671,0,9671
560,2003,9671,0,9671
561,2014,0,5854,5854
561,2015,0,5854,5854
561,2016,3803,5854,9657
561,2017,3803,5854,9657
561,2018,3803,5854,9657
561,2019,3803,5854,9657
562,2006,9587,0,9587
563,2001,9587,0,9587
564,2003,9551,0,9551
565,1998,9226,0,9226
565,1999,8754,0,8754
565,2000,10879,0,10879
565,2001,9515,0,9515
565,2002,9515,0,9515
565,2003,9515,0,9515
565,2004,9515,0,9515
565,2005,9515,0,9515
566,2006,7488,0,7488
566,2007,7488,0,7488
566,2008,7488,0,7488
566,2009,7488,0,7488
566,2010,7488,0,7488
566,2011,9488,0,9488
566,2012,9488,0,9488
566,2013,9488,0,9488
566,2014,9488,0,9488
566,2015,9488,0,9488
566,2016,9488,0,9488
566,2017,9488,0,9488
566,2018,9488,0,9488
566,2019,9488,0,9488
567,2016,9220,0,9220
567,2017,9220,0,9220
567,2018,9448,0,9448
568,2018,9430,0,9430
568,2019,9430,0,9430
569,1999,9323,0,9323
569,2000,9358,0,9358
569,2001,9404,0,9404
569,2002,9404,0,9404
569,2003,9404,0,9404
569,2004,9404,0,9404
569,2005,9404,0,9404
569,2006,9403,0,9403
569,2007,9403,0,9403
569,2008,9403,0,9403
569,2009,9403,0,9403
569,2010,9403,0,9403
569,2011,9403,0,9403
569,2012,9403,0,9403
569,2013,9403,0,9403
569,2014,9349,0,9349
570,1998,7352,0,7352
570,1999,7445,0,7445
570,2000,7445,0,7445
570,2001,7515,0,7515
570,2002,9366,0,9366
570,2003,9366,0,9366
570,2004,9460,0,9460
570,2005,10026,0,10026
570,2006,10026,0,10026
570,2007,10026,0,10026
570,2008,7781,0,7781
570,2009,8069,0,8069
570,2010,8202,0,8202
570,2011,8202,0,8202
570,2012,8202,0,8202
570,2013,8325,0,8325
570,2014,8593,0,8593
570,2015,8593,0,8593
570,2016,8550,0,8550
570,2017,8550,0,8550
570,2018,8791,0,8791
570,2019,8791,0,8791
571,2018,9333,0,9333
571,2019,9333,0,9333
572,2001,8951,0,8951
572,2002,9329,0,9329
572,2003,9329,0,9329
573,2006,7898,0,7898
573,2007,7898,0,7898
573,2008,8112,0,8112
573,2009,8929,0,8929
573,2010,8920,0,8920
573,2011,8920,0,8920
573,2012,9216,0,9216
573,2013,9221,0,9221
573,2014,8144,0,8144
573,2015,8144,0,8144
573,2016,8256,0,8256
573,2017,8492,0,8492
573,2018,8163,0,8163
573,2019,9383,0,9383
574,2018,0,9198,9198
575,2004,9165,0,9165
575,2005,9165,0,9165
576,2013,9122,0,9122
576,2014,9122,0,9122
577,2013,8684,0,8684
577,2014,8908,0,8908
577,2015,9103,0,9103
577,2016,8323,0,8323
577,2017,8331,0,8331
577,2018,8313,0,8313
577,2019,8505,0,8505
578,2008,2859,0,2859
578,2009,8188,0,8188
578,2010,8188,0,8188
578,2011,8188,0,8188
578,2012,4812,0,4812
578,2013,4812,0,4812
578,2014,8924,0,8924
578,2015,8905,0,8905
578,2016,8863,0,8863
578,2017,8863,0,8863
578,2018,9090,0,9090
578,2019,9090,0,9090
579,2017,8726,0,8726
579,2018,9086,0,9086
579,2019,9086,0,9086
580,1999,8289,0,8289
580,2000,8289,0,8289
580,2001,8367,0,8367
580,2002,8367,0,8367
580,2003,8474,0,8474
580,2004,8474,0,8474
580,2005,8474,0,8474
580,2006,9063,0,9063
580,2007,9063,0,9063
581,2018,0,9044,9044
581,2019,0,9044,9044
582,2008,0,9010,9010
582,2009,0,9010,9010
582,2010,0,9010,9010
582,2011,0,9010,9010
582,2012,0,9010,9010
582,2013,0,9010,9010
582,2014,0,9010,9010
582,2015,0,9010,9010
582,2016,0,9010,9010
582,2017,0,9010,9010
582,2018,0,9010,9010
582,2019,0,9010,9010
583,2006,0,9010,9010
584,2011,8877,0,8877
584,2012,8877,0,8877
584,2013,9006,0,9006
584,2014,9006,0,9006
585,2000,9006,0,9006
586,1998,9006,0,9006
587,1998,3002,0,3002
587,1999,3002,0,3002
587,2000,7071,0,7071
587,2001,8831,0,8831
587,2002,8836,0,8836
587,2003,9004,0,9004
587,2004,8173,0,8173
588,2000,0,9002,9002
588,2001,0,8562,8562
588,2002,0,8562,8562
589,2014,8998,0,8998
589,2015,8974,0,8974
589,2016,7843,0,7843
589,2017,8257,0,8257
589,2018,8631,0,8631
589,2019,8631,0,8631
590,2006,8965,0,8965
590,2007,8965,0,8965
590,2008,8965,0,8965
591,1999,8951,0,8951
592,2006,8807,0,8807
592,2007,8806,0,8806
592,2008,8943,0,8943
593,2012,8892,0,8892
594,2008,8892,0,8892
595,1998,7370,0,7370
595,1999,7370,0,7370
595,2000,7246,0,7246
595,2001,7246,0,7246
595,2002,7246,0,7246
595,2003,7246,0,7246
595,2004,7246,0,7246
595,2005,7246,0,7246
595,2006,8624,0,8624
595,2007,8624,0,8624
595,2008,8739,0,8739
595,2009,8826,0,8826
595,2010,8826,0,8826
595,2011,8826,0,8826
595,2012,8826,0,8826
595,2013,8826,0,8826
595,2014,8826,0,8826
595,2015,8799,0,8799
595,2016,8799,0,8799
595,2017,8799,0,8799
596,2018,8817,0,8817
597,1998,8808,0,8808
597,1999,8808,0,8808
597,2000,8808,0,8808
598,2001,8771,0,8771
599,2008,8722,0,8722
599,2009,8722,0,8722
599,2010,8722,0,8722
599,2011,8722,0,8722
600,2005,8722,0,8722
600,2006,8722,0,8722
601,2019,8658,0,8658
602,1999,2475,6148,8623
603,2008,8622,0,8622
603,2009,8622,0,8622
604,2005,0,8618,8618
605,1998,7588,0,7588
605,1999,7588,0,7588
605,2000,8573,0,8573
605,2001,8573,0,8573
606,1998,8571,0,8571
606,1999,8571,0,8571
606,2000,8571,0,8571
606,2001,3350,0,3350
607,2004,0,8562,8562
608,1998,8549,0,8549
609,2008,7613,0,7613
609,2009,7613,0,7613
609,2010,7680,0,7680
609,2011,7680,0,7680
609,2012,7767,0,7767
609,2013,7767,0,7767
609,2014,7767,0,7767
609,2015,7767,0,7767
609,2016,7953,0,7953
609,2017,7953,0,7953
609,2018,8505,0,8505
610,2010,8478,0,8478
610,2011,8478,0,8478
610,2012,8478,0,8478
610,2013,8478,0,8478
610,2014,8478,0,8478
610,2015,8478,0,8478
610,2016,8472,0,8472
610,2017,8460,0,8460
610,2018,8460,0,8460
610,2019,8460,0,8460
611,2002,8478,0,8478
612,1998,8478,0,8478
612,1999,8478,0,8478
612,2000,8478,0,8478
613,2019,8459,0,8459
614,2010,8415,0,8415
614,2011,8415,0,8415
614,2012,8415,0,8415
615,2003,8404,0,8404
615,2004,8404,0,8404
616,2018,8403,0,8403
616,2019,8403,0,8403
617,2015,8395,0,8395
618,2012,8395,0,8395
619,2009,7471,0,7471
619,2010,8376,0,8376
620,2011,6648,0,6648
620,2012,8375,0,8375
621,2015,8354,0,8354
621,2016,8354,0,8354
622,2005,8354,0,8354
622,2006,8354,0,8354
622,2007,8354,0,8354
622,2008,8354,0,8354
623,2001,7779,0,7779
623,2002,8354,0,8354
623,2003,8129,0,8129
623,2004,7920,0,7920
624,2000,8353,0,8353
624,2001,8354,0,8354
625,2004,8293,0,8293
626,2012,8248,0,8248
627,1998,8213,0,8213
627,1999,5622,0,5622
627,2000,5635,0,5635
627,2001,5805,0,5805
627,2002,5838,0,5838
627,2003,5838,0,5838
627,2004,5948,0,5948
627,2005,6314,0,6314
627,2006,6411,0,6411
627,2007,6411,0,6411
627,2008,6811,0,6811
628,2014,8169,0,8169
628,2015,8160,0,8160
628,2016,8160,0,8160
629,2013,6827,0,6827
629,2014,6792,0,6792
629,2015,6792,0,6792
629,2016,8148,0,8148
629,2017,8148,0,8148
629,2018,8148,0,8148
629,2019,8164,0,8164
630,2000,7294,0,7294
630,2001,8148,0,8148
631,2001,8141,0,8141
631,2002,6848,0,6848
632,2003,8121,0,8121
632,2004,8121,0,8121
632,2005,8121,0,8121
632,2006,8121,0,8121
632,2007,8121,0,8121
632,2008,8121,0,8121
632,2009,8121,0,8121
633,1999,8121,0,8121
633,2000,8121,0,8121
634,2015,8104,0,8104
635,2018,8088,0,8088
635,2019,8088,0,8088
636,2007,0,8058,8058
637,2001,8045,0,8045
638,1999,8045,0,8045
639,2012,8038,0,8038
639,2013,8037,0,8037
639,2014,7337,0,7337
639,2015,7337,0,7337
639,2016,7337,0,7337
639,2017,7504,0,7504
639,2018,7504,0,7504
639,2019,7536,0,7536
640,2000,5917,0,5917
640,2001,5917,0,5917
640,2002,5922,0,5922
640,2003,5922,0,5922
640,2004,5941,0,5941
640,2005,7428,0,7428
640,2006,7428,0,7428
640,2007,7428,0,7428
640,2008,7668,0,7668
640,2009,7990,0,7990
640,2010,7905,0,7905
640,2011,7905,0,7905
640,2012,7923,0,7923
640,2013,7931,0,7931
640,2014,7931,0,7931
640,2015,7931,0,7931
640,2016,7979,0,7979
640,2017,7979,0,7979
640,2018,7979,0,7979
640,2019,8024,0,8024
641,2001,8024,0,8024
642,2001,8019,0,8019
642,2002,8012,0,8012
642,2003,8012,0,8012
642,2004,7985,0,7985
642,2005,7985,0,7985
642,2006,7985,0,7985
642,2007,7540,0,7540
642,2008,7540,0,7540
642,2009,7540,0,7540
642,2010,7541,0,7541
642,2011,7541,0,7541
642,2012,7541,0,7541
642,2013,7541,0,7541
642,2014,7541,0,7541
642,2015,7541,0,7541
642,2016,7541,0,7541
642,2017,7541,0,7541
642,2018,7541,0,7541
642,2019,7541,0,7541
643,1998,8014,0,8014
644,2019,8005,0,8005
645,2018,7987,0,7987
645,2019,7987,0,7987
646,2019,7977,0,7977
647,1999,0,7934,7934
648,2008,7681,0,7681
648,2009,7681,0,7681
648,2010,7682,0,7682
648,2011,7924,0,7924
649,1999,0,7140,7140
649,2000,0,7140,7140
649,2001,0,7922,7922
650,2000,7914,0,7914
651,2013,7187,0,7187
651,2014,7187,0,7187
651,2015,7187,0,7187
651,2016,7887,0,7887
651,2017,7887,0,7887
651,2018,7644,0,7644
652,2010,7123,0,7123
652,2011,7123,0,7123
652,2012,7123,0,7123
652,2013,7123,0,7123
652,2014,7123,0,7123
652,2015,7084,0,7084
652,2016,7848,0,7848
652,2017,7848,0,7848
652,2018,7848,0,7848
652,2019,7854,0,7854
653,2001,7853,0,7853
653,2002,7849,0,7849
653,2003,7849,0,7849
653,2004,7849,0,7849
653,2005,7849,0,7849
653,2006,7853,0,7853
653,2007,7853,0,7853
654,2018,7824,0,7824
654,2019,7824,0,7824
655,2016,7809,0,7809
655,2017,7765,0,7765
656,2006,7809,0,7809
656,2007,7809,0,7809
656,2008,7809,0,7809
656,2009,7809,0,7809
656,2010,7809,0,7809
656,2011,7809,0,7809
656,2012,7809,0,7809
656,2013,7809,0,7809
657,2004,7809,0,7809
658,1998,7809,0,7809
658,1999,7809,0,7809
659,2012,7805,0,7805
659,2013,7805,0,7805
659,2014,7805,0,7805
659,2015,7745,0,7745
659,2016,7745,0,7745
659,2017,7745,0,7745
659,2018,7745,0,7745
659,2019,7745,0,7745
660,1999,7805,0,7805
660,2000,7805,0,7805
660,2001,7805,0,7805
660,2002,7805,0,7805
660,2003,7805,0,7805
661,2000,7460,0,7460
661,2001,7789,0,7789
662,2006,6585,0,6585
662,2007,6585,0,6585
662,2008,6994,0,6994
662,2009,7786,0,7786
662,2010,7455,0,7455
663,2000,7016,0,7016
663,2001,7016,0,7016
663,2002,7759,0,7759
663,2003,7759,0,7759
664,2002,7656,0,7656
664,2003,7423,0,7423
664,2004,7423,0,7423
664,2005,7423,0,7423
664,2006,7423,0,7423
664,2007,7423,0,7423
664,2008,7423,0,7423
664,2009,7423,0,7423
665,2016,7621,0,7621
665,2017,7601,0,7601
666,2007,7566,0,7566
666,2008,7530,0,7530
666,2009,7530,0,7530
667,2002,7566,0,7566
667,2003,7566,0,7566
667,2004,7566,0,7566
667,2005,7566,0,7566
668,1998,7538,0,7538
668,1999,7538,0,7538
669,2018,7530,0,7530
669,2019,7530,0,7530
670,2011,7530,0,7530
670,2012,7530,0,7530
670,2013,7530,0,7530
670,2014,7530,0,7530
670,2015,7530,0,7530
670,2016,7530,0,7530
671,2007,7509,0,7509
672,2000,8288,0,8288
672,2001,8892,0,8892
672,2002,8916,0,8916
672,2003,9128,0,9128
672,2004,9343,0,9343
672,2005,6460,0,6460
672,2006,6462,0,6462
672,2007,6460,0,6460
672,2008,6291,0,6291
672,2009,6291,0,6291
672,2010,6291,0,6291
672,2011,2585,0,2585
672,2012,2585,0,2585
672,2013,2444,0,2444
672,2014,1587,0,1587
672,2015,1587,0,1587
672,2016,1587,0,1587
672,2017,1587,0,1587
672,2018,1587,0,1587
672,2019,1587,0,1587
673,2003,7497,0,7497
673,2004,7497,0,7497
674,2003,7488,0,7488
674,2004,7488,0,7488
675,2017,7319,0,7319
675,2018,7472,0,7472
676,1998,3485,0,3485
676,1999,6781,0,6781
676,2000,6781,0,6781
676,2001,6781,0,6781
676,2002,4945,0,4945
676,2003,7316,0,7316
676,2004,7316,0,7316
676,2005,7316,0,7316
676,2006,7316,0,7316
676,2007,7316,0,7316
676,2008,7316,0,7316
676,2009,7319,0,7319
676,2010,7319,0,7319
676,2011,7319,0,7319
676,2012,7202,0,7202
676,2013,7202,0,7202
676,2014,7397,0,7397
676,2015,7397,0,7397
676,2016,7466,0,7466
676,2017,7466,0,7466
676,2018,7466,0,7466
676,2019,7466,0,7466
677,2009,7454,0,7454
677,2010,7459,0,7459
678,2002,0,7441,7441
679,1999,0,3707,3707
679,2000,0,3707,3707
679,2001,0,3707,3707
679,2002,0,3707,3707
679,2003,0,3707,3707
679,2004,0,3707,3707
679,2005,0,3707,3707
679,2006,0,3707,3707
679,2007,0,3707,3707
679,2008,0,3707,3707
679,2009,0,3707,3707
679,2010,0,3707,3707
679,2011,0,3707,3707
679,2012,0,3707,3707
679,2013,0,3707,3707
679,2014,0,7414,7414
679,2015,0,7414,7414
679,2016,0,3707,3707
680,2014,7388,0,7388
681,2017,7382,0,7382
682,2011,7382,0,7382
683,2007,7382,0,7382
684,2002,7382,0,7382
685,1998,7382,0,7382
686,1998,5686,0,5686
686,1999,5940,0,5940
686,2000,5940,0,5940
686,2001,5940,0,5940
686,2002,7261,0,7261
686,2003,7249,0,7249
686,2004,7250,0,7250
686,2005,7251,0,7251
687,2009,7251,0,7251
688,2009,7245,0,7245
689,2012,7193,0,7193
689,2013,7193,0,7193
690,1999,7187,0,7187
691,2018,7185,0,7185
692,2005,7185,0,7185
693,2009,7182,0,7182
694,2018,7178,0,7178
694,2019,6292,0,6292
695,1999,7173,0,7173
695,2000,7173,0,7173
696,2007,0,7119,7119
697,2010,4493,0,4493
697,2011,4493,0,4493
697,2012,4658,0,4658
697,2013,7810,0,7810
697,2014,8617,0,8617
697,2015,8777,0,8777
697,2016,8777,0,8777
697,2017,8777,0,8777
697,2018,8798,0,8798
697,2019,9075,0,9075
698,2013,0,7106,7106
699,2018,7099,0,7099
700,2014,7096,0,7096
701,2017,6569,0,6569
701,2018,6569,0,6569
701,2019,7089,0,7089
702,2018,0,7082,7082
702,2019,0,7087,7087
703,2000,3049,4026,7075
704,2007,6559,0,6559
704,2008,6559,0,6559
704,2009,6559,0,6559
704,2010,6555,0,6555
704,2011,6555,0,6555
704,2012,6555,0,6555
704,2013,6555,0,6555
704,2014,6555,0,6555
704,2015,6555,0,6555
704,2016,6555,0,6555
704,2017,6555,0,6555
704,2018,6555,0,6555
704,2019,7042,0,7042
705,2004,7033,0,7033
706,2011,0,5667,5667
706,2012,0,5947,5947
706,2013,0,5947,5947
706,2014,0,6777,6777
706,2015,0,7026,7026
706,2016,0,7026,7026
707,1998,3674,0,3674
707,1999,3807,0,3807
707,2000,3807,0,3807
707,2001,3807,0,3807
707,2002,4149,0,4149
707,2003,5602,0,5602
707,2004,6271,0,6271
707,2005,6278,0,6278
707,2006,6388,0,6388
707,2007,6388,0,6388
707,2008,6911,0,6911
707,2009,7013,0,7013
707,2010,6999,0,6999
707,2011,6725,0,6725
708,2006,6278,0,6278
708,2007,6278,0,6278
708,2008,6335,0,6335
708,2009,5151,0,5151
708,2010,5151,0,5151
708,2011,5151,0,5151
708,2012,5151,0,5151
708,2013,5151,0,5151
708,2014,5160,0,5160
708,2015,5151,0,5151
708,2016,5396,0,5396
708,2017,5396,0,5396
708,2018,6989,0,6989
708,2019,6989,0,6989
709,1999,6483,0,6483
709,2000,6988,0,6988
709,2001,6926,0,6926
710,2017,6977,0,6977
710,2018,6977,0,6977
711,2010,6725,0,6725
711,2011,6729,0,6729
711,2012,6977,0,6977
712,2011,6948,0,6948
713,1998,2485,4354,6839
713,1999,2485,4354,6839
713,2000,2500,4354,6854
713,2001,2500,4354,6854
713,2002,2500,4354,6854
713,2003,2500,4354,6854
713,2004,2500,4354,6854
713,2005,2500,4354,6854
713,2006,2553,4354,6907
713,2007,2553,4354,6907
713,2008,2553,4354,6907
713,2009,2553,4354,6907
713,2010,2553,4354,6907
713,2011,2553,4354,6907
713,2012,2553,4354,6907
713,2013,2553,4354,6907
713,2014,2553,4354,6907
713,2015,2553,4354,6907
713,2016,2553,4354,6907
713,2017,2553,4354,6907
713,2018,2553,4354,6907
713,2019,2553,4354,6907
714,1999,6892,0,6892
714,2000,6892,0,6892
715,2010,6887,0,6887
716,1998,6871,0,6871
716,1999,6871,0,6871
717,2016,6809,0,6809
717,2017,6809,0,6809
717,2018,6809,0,6809
717,2019,6809,0,6809
718,2010,6809,0,6809
718,2011,6809,0,6809
718,2012,6809,0,6809
718,2013,6809,0,6809
719,2004,6779,0,6779
720,2016,6757,0,6757
720,2017,6757,0,6757
720,2018,6757,0,6757
720,2019,6757,0,6757
721,2012,6756,0,6756
721,2013,6756,0,6756
721,2014,6756,0,6756
721,2015,6756,0,6756
721,2016,6756,0,6756
721,2017,6756,0,6756
722,2012,6749,0,6749
722,2013,6749,0,6749
722,2014,6749,0,6749
722,2015,6178,0,6178
722,2016,6184,0,6184
722,2017,6377,0,6377
722,2018,6520,0,6520
722,2019,6520,0,6520
723,2017,6668,0,6668
723,2018,6668,0,6668
723,2019,6668,0,6668
724,1999,6663,0,6663
725,2017,4836,0,4836
725,2018,6604,0,6604
725,2019,6604,0,6604
726,2017,6584,0,6584
727,2010,6582,0,6582
728,2008,6582,0,6582
729,2004,6582,0,6582
730,2002,6559,0,6559
730,2003,6559,0,6559
730,2004,6559,0,6559
730,2005,6559,0,6559
731,2000,6559,0,6559
732,2008,4825,0,4825
732,2009,4825,0,4825
732,2010,6558,0,6558
732,2011,6558,0,6558
732,2012,6558,0,6558
732,2013,6558,0,6558
732,2014,6558,0,6558
732,2015,6558,0,6558
733,2003,6557,0,6557
734,2000,6557,0,6557
735,1998,6554,0,6554
736,2002,6550,0,6550
737,1998,6505,0,6505
737,1999,5772,0,5772
737,2000,5772,0,5772
738,2015,6442,0,6442
738,2016,6442,0,6442
738,2017,6429,0,6429
738,2018,6504,0,6504
738,2019,6504,0,6504
739,2008,6496,0,6496
739,2009,6496,0,6496
739,2010,6496,0,6496
739,2011,6496,0,6496
739,2012,6496,0,6496
739,2013,6496,0,6496
739,2014,6496,0,6496
739,2015,6496,0,6496
739,2016,6500,0,6500
740,2014,6483,0,6483
741,2018,6478,0,6478
741,2019,6478,0,6478
742,1998,6451,0,6451
743,1998,6178,0,6178
743,1999,6178,0,6178
743,2000,6178,0,6178
743,2001,6178,0,6178
743,2002,6178,0,6178
743,2003,6178,0,6178
743,2004,6178,0,6178
743,2005,6448,0,6448
743,2006,6298,0,6298
743,2007,6306,0,6306
743,2008,6306,0,6306
743,2009,6306,0,6306
743,2010,6306,0,6306
743,2011,6306,0,6306
743,2012,6306,0,6306
743,2013,6306,0,6306
743,2014,6306,0,6306
743,2015,6306,0,6306
743,2016,6306,0,6306
743,2017,6306,0,6306
743,2018,6306,0,6306
743,2019,6306,0,6306
744,2000,6446,0,6446
744,2001,6446,0,6446
744,2002,6430,0,6430
744,2003,6430,0,6430
745,2009,6444,0,6444
745,2010,6441,0,6441
745,2011,6441,0,6441
745,2012,6441,0,6441
745,2013,6442,0,6442
746,1998,5276,0,5276
746,1999,6376,0,6376
746,2000,6440,0,6440
746,2001,6414,0,6414
747,1998,6409,0,6409
748,2014,6404,0,6404
748,2015,6382,0,6382
749,2007,6399,0,6399
749,2008,6399,0,6399
750,2018,6382,0,6382
750,2019,6382,0,6382
751,2009,6380,0,6380
751,2010,6380,0,6380
751,2011,6380,0,6380
751,2012,6380,0,6380
751,2013,6380,0,6380
752,2015,6369,0,6369
752,2016,6369,0,6369
752,2017,6348,0,6348
752,2018,6348,0,6348
752,2019,6348,0,6348
753,2015,6064,0,6064
753,2016,6357,0,6357
754,2015,6356,0,6356
755,1999,6326,0,6326
756,2011,6320,0,6320
757,2000,0,6230,6230
757,2001,0,6230,6230
757,2002,0,6230,6230
757,2003,0,6230,6230
757,2004,0,6230,6230
757,2005,0,6230,6230
757,2006,0,6230,6230
757,2007,0,6230,6230
757,2008,0,6230,6230
757,2009,0,6230,6230
757,2010,0,6231,6231
757,2011,0,6231,6231
757,2012,0,6231,6231
757,2013,0,6231,6231
757,2014,0,6231,6231
757,2015,0,6231,6231
757,2016,0,6245,6245
757,2017,0,6245,6245
757,2018,0,6240,6240
757,2019,0,6240,6240
758,2001,6234,0,6234
758,2002,6241,0,6241
758,2003,6241,0,6241
758,2004,6241,0,6241
758,2005,6241,0,6241
759,1998,0,6231,6231
760,1998,3061,0,3061
760,1999,6221,0,6221
761,2016,6220,0,6220
761,2017,6220,0,6220
761,2018,6220,0,6220
761,2019,6220,0,6220
762,2001,6160,0,6160
762,2002,6160,0,6160
762,2003,6160,0,6160
762,2004,6160,0,6160
762,2005,6218,0,6218
763,2011,6205,0,6205
764,2016,6188,0,6188
764,2017,6188,0,6188
764,2018,6188,0,6188
764,2019,6188,0,6188
765,2009,4585,0,4585
765,2010,4803,0,4803
765,2011,5125,0,5125
765,2012,5097,0,5097
765,2013,5098,0,5098
765,2014,5204,0,5204
765,2015,5434,0,5434
765,2016,5424,0,5424
765,2017,5424,0,5424
765,2018,6159,0,6159
766,2009,6157,0,6157
766,2010,6157,0,6157
766,2011,6157,0,6157
766,2012,6157,0,6157
766,2013,6157,0,6157
766,2014,6157,0,6157
767,2013,6155,0,6155
767,2014,6155,0,6155
767,2015,6155,0,6155
767,2016,6155,0,6155
767,2017,6155,0,6155
767,2018,6155,0,6155
767,2019,6155,0,6155
768,2001,6155,0,6155
769,2011,6154,0,6154
769,2012,6153,0,6153
769,2013,6153,0,6153
770,1998,6136,0,6136
771,2016,6066,0,6066
772,2006,5996,0,5996
773,2008,5914,0,5914
773,2009,5961,0,5961
774,1999,0,5946,5946
775,2009,5935,0,5935
775,2010,5935,0,5935
776,1999,5935,0,5935
776,2000,5935,0,5935
776,2001,5935,0,5935
777,2006,5845,0,5845
777,2007,5845,0,5845
777,2008,5909,0,5909
778,1998,5810,0,5810
778,1999,5810,0,5810
778,2000,5810,0,5810
778,2001,5909,0,5909
779,1998,5601,0,5601
779,1999,5499,0,5499
779,2000,5691,0,5691
779,2001,5691,0,5691
779,2002,5691,0,5691
779,2003,5691,0,5691
779,2004,5691,0,5691
779,2005,5900,0,5900
780,2016,5899,0,5899
781,2005,5889,0,5889
782,1998,5888,0,5888
782,1999,5888,0,5888
782,2000,5888,0,5888
782,2001,5889,0,5889
782,2002,5889,0,5889
782,2003,5889,0,5889
783,2008,5888,0,5888
784,1998,5879,0,5879
784,1999,5879,0,5879
784,2000,5879,0,5879
784,2001,5879,0,5879
784,2002,5879,0,5879
784,2003,5879,0,5879
784,2004,5879,0,5879
784,2005,5879,0,5879
784,2006,5879,0,5879
784,2007,5879,0,5879
785,2010,5877,0,5877
785,2011,5877,0,5877
785,2012,5877,0,5877
785,2013,5877,0,5877
785,2014,5877,0,5877
785,2015,5805,0,5805
785,2016,5805,0,5805
785,2017,5805,0,5805
785,2018,5805,0,5805
785,2019,5805,0,5805
786,2002,5772,0,5772
786,2003,5862,0,5862
786,2004,5862,0,5862
786,2005,5862,0,5862
787,1999,4548,0,4548
787,2000,4548,0,4548
787,2001,4548,0,4548
787,2002,4548,0,4548
787,2003,4548,0,4548
787,2004,4548,0,4548
787,2005,4548,0,4548
787,2006,4548,0,4548
787,2007,4548,0,4548
787,2008,5847,0,5847
787,2009,5847,0,5847
787,2010,5847,0,5847
787,2011,5847,0,5847
787,2012,5847,0,5847
787,2013,5847,0,5847
787,2014,5847,0,5847
787,2015,5796,0,5796
787,2016,1299,0,1299
788,2000,5838,0,5838
788,2001,5838,0,5838
788,2002,5838,0,5838
788,2003,5838,0,5838
788,2004,5838,0,5838
788,2005,5838,0,5838
788,2006,5838,0,5838
788,2007,5838,0,5838
788,2008,5838,0,5838
788,2009,5838,0,5838
788,2010,5833,0,5833
788,2011,5833,0,5833
788,2012,5833,0,5833
788,2013,5833,0,5833
788,2014,5833,0,5833
788,2015,5833,0,5833
788,2016,5833,0,5833
788,2017,5833,0,5833
788,2018,5833,0,5833
788,2019,5833,0,5833
789,2013,5769,0,5769
789,2014,5722,0,5722
789,2015,5710,0,5710
789,2016,5710,0,5710
789,2017,5820,0,5820
790,1999,5803,0,5803
791,2017,5792,0,5792
791,2018,5792,0,5792
791,2019,5792,0,5792
792,2010,5635,0,5635
792,2011,5635,0,5635
792,2012,5689,0,5689
792,2013,5689,0,5689
792,2014,5689,0,5689
792,2015,5792,0,5792
793,2017,5791,0,5791
793,2018,5790,0,5790
793,2019,5784,0,5784
794,2015,5791,0,5791
795,1998,5778,0,5778
796,2004,5165,0,5165
796,2005,5571,0,5571
796,2006,5571,0,5571
796,2007,5684,0,5684
796,2008,5684,0,5684
796,2009,5774,0,5774
796,2010,5769,0,5769
796,2011,5769,0,5769
797,2006,5762,0,5762
798,2010,5741,0,5741
798,2011,5741,0,5741
798,2012,5741,0,5741
799,1998,2007,0,2007
799,1999,6222,0,6222
799,2000,6222,0,6222
799,2001,6222,0,6222
799,2002,6222,0,6222
799,2003,6345,0,6345
799,2004,6392,0,6392
799,2005,6510,0,6510
799,2006,6418,0,6418
799,2007,6418,0,6418
799,2008,6654,0,6654
799,2009,6654,0,6654
799,2010,7099,0,7099
799,2011,7099,0,7099
799,2012,7099,0,7099
799,2013,7099,0,7099
799,2014,7099,0,7099
799,2015,7099,0,7099
799,2016,7106,0,7106
799,2017,7106,0,7106
799,2018,6725,0,6725
799,2019,5716,0,5716
800,2004,5480,0,5480
800,2005,5513,0,5513
800,2006,5619,0,5619
800,2007,5619,0,5619
800,2008,5680,0,5680
800,2009,5680,0,5680
801,2003,5636,0,5636
802,2003,5631,0,5631
803,1998,5625,0,5625
803,1999,5625,0,5625
803,2000,5625,0,5625
803,2001,5625,0,5625
803,2002,5625,0,5625
803,2003,5625,0,5625
803,2004,5625,0,5625
803,2005,5625,0,5625
803,2006,5625,0,5625
803,2007,5625,0,5625
803,2008,5625,0,5625
803,2009,5625,0,5625
803,2010,5625,0,5625
803,2011,5625,0,5625
803,2012,5625,0,5625
803,2013,5625,0,5625
803,2014,5622,0,5622
803,2015,5626,0,5626
803,2016,5626,0,5626
803,2017,5626,0,5626
803,2018,5626,0,5626
803,2019,5626,0,5626
804,2014,5613,0,5613
804,2015,5580,0,5580
804,2016,5580,0,5580
804,2017,5580,0,5580
804,2018,5580,0,5580
804,2019,5580,0,5580
805,1998,5613,0,5613
805,1999,5613,0,5613
805,2000,5613,0,5613
805,2001,5613,0,5613
805,2002,5613,0,5613
805,2003,5613,0,5613
805,2004,5613,0,5613
805,2005,5613,0,5613
805,2006,5613,0,5613
805,2007,5613,0,5613
805,2008,5613,0,5613
805,2009,5613,0,5613
805,2010,5613,0,5613
805,2011,5613,0,5613
806,2019,5582,0,5582
807,1998,5514,0,5514
808,2017,5510,0,5510
808,2018,5510,0,5510
808,2019,5510,0,5510
809,1999,4611,0,4611
809,2000,4611,0,4611
809,2001,5484,0,5484
810,2002,5483,0,5483
810,2003,5483,0,5483
810,2004,5483,0,5483
810,2005,5483,0,5483
811,1998,5483,0,5483
812,2007,5473,0,5473
813,2008,5283,0,5283
813,2009,5283,0,5283
813,2010,4940,0,4940
813,2011,5283,0,5283
813,2012,5283,0,5283
813,2013,5283,0,5283
813,2014,5320,0,5320
813,2015,5320,0,5320
813,2016,5320,0,5320
813,2017,4977,0,4977
813,2018,5107,0,5107
813,2019,5450,0,5450
814,2018,5443,0,5443
815,2002,5441,0,5441
816,1998,5043,0,5043
816,1999,5146,0,5146
816,2000,5427,0,5427
817,2010,5402,0,5402
818,2008,5402,0,5402
819,2016,5371,0,5371
819,2017,5371,0,5371
819,2018,5371,0,5371
820,2014,5371,0,5371
821,2002,5329,0,5329
821,2003,5329,0,5329
821,2004,5341,0,5341
821,2005,5341,0,5341
821,2006,5359,0,5359
821,2007,5359,0,5359
821,2008,5359,0,5359
821,2009,5359,0,5359
821,2010,5356,0,5356
821,2011,5356,0,5356
821,2012,5356,0,5356
821,2013,5356,0,5356
821,2014,5356,0,5356
821,2015,5356,0,5356
821,2016,5356,0,5356
821,2017,5356,0,5356
821,2018,5356,0,5356
821,2019,5336,0,5336
822,2000,5350,0,5350
822,2001,5350,0,5350
823,2016,5345,0,5345
823,2017,5345,0,5345
823,2018,5345,0,5345
823,2019,5345,0,5345
824,2018,0,5333,5333
824,2019,0,5333,5333
825,1998,5317,0,5317
826,2015,5312,0,5312
826,2016,5312,0,5312
826,2017,5312,0,5312
827,2018,5309,0,5309
827,2019,5309,0,5309
828,2005,5305,0,5305
828,2006,5309,0,5309
828,2007,5309,0,5309
829,2019,5278,0,5278
830,1998,5260,0,5260
830,1999,5260,0,5260
831,2019,5235,0,5235
832,2002,0,3995,3995
832,2003,0,4122,4122
832,2004,0,4196,4196
832,2005,0,5014,5014
832,2006,0,5014,5014
832,2007,0,5014,5014
832,2008,0,5172,5172
832,2009,0,5230,5230
833,2017,5229,0,5229
834,2000,5227,0,5227
835,2006,5221,0,5221
836,2001,5204,0,5204
837,2018,5180,0,5180
837,2019,5180,0,5180
838,2011,5148,0,5148
839,2012,4944,0,4944
839,2013,4916,0,4916
839,2014,4973,0,4973
839,2015,5120,0,5120
839,2016,5002,0,5002
840,2012,5108,0,5108
840,2013,5108,0,5108
841,2016,5105,0,5105
842,2009,5040,0,5040
842,2010,5102,0,5102
843,2002,3652,0,3652
843,2003,3658,0,3658
843,2004,3658,0,3658
843,2005,3780,0,3780
843,2006,3971,0,3971
843,2007,3971,0,3971
843,2008,4140,0,4140
843,2009,4140,0,4140
843,2010,4377,0,4377
843,2011,4386,0,4386
843,2012,4714,0,4714
843,2013,4799,0,4799
843,2014,4800,0,4800
843,2015,5087,0,5087
844,2015,0,4591,4591
844,2016,0,5080,5080
845,1998,5078,0,5078
846,2005,5074,0,5074
847,1998,3033,0,3033
847,1999,3402,0,3402
847,2000,3512,0,3512
847,2001,3544,0,3544
847,2002,3544,0,3544
847,2003,3852,0,3852
847,2004,3874,0,3874
847,2005,5065,0,5065
847,2006,5065,0,5065
847,2007,5065,0,5065
847,2008,5059,0,5059
847,2009,4858,0,4858
847,2010,4911,0,4911
848,2018,5059,0,5059
848,2019,5059,0,5059
849,2012,5057,0,5057
849,2013,5057,0,5057
850,1998,5056,0,5056
850,1999,5056,0,5056
850,2000,5056,0,5056
850,2001,5056,0,5056
850,2002,5056,0,5056
850,2003,5056,0,5056
850,2004,5056,0,5056
850,2005,5056,0,5056
850,2006,5057,0,5057
850,2007,5057,0,5057
850,2008,5057,0,5057
850,2009,5057,0,5057
851,2001,3599,0,3599
851,2002,3857,0,3857
851,2003,3857,0,3857
851,2004,3850,0,3850
851,2005,3850,0,3850
851,2006,3850,0,3850
851,2007,3850,0,3850
851,2008,4844,0,4844
851,2009,5045,0,5045
851,2010,5053,0,5053
851,2011,5053,0,5053
851,2012,5053,0,5053
851,2013,5053,0,5053
852,2005,3780,0,3780
852,2006,3780,0,3780
852,2007,3780,0,3780
852,2008,4909,0,4909
852,2009,4909,0,4909
852,2010,4909,0,4909
852,2011,4909,0,4909
852,2012,4909,0,4909
852,2013,4909,0,4909
852,2014,5018,0,5018
852,2015,5018,0,5018
852,2016,5018,0,5018
852,2017,5018,0,5018
853,1998,5013,0,5013
853,1999,5013,0,5013
853,2000,4983,0,4983
853,2001,4983,0,4983
853,2002,4978,0,4978
853,2003,4978,0,4978
853,2004,5002,0,5002
853,2005,5002,0,5002
854,2002,4971,0,4971
854,2003,4971,0,4971
854,2004,4971,0,4971
854,2005,4971,0,4971
854,2006,4977,0,4977
854,2007,4977,0,4977
854,2008,4977,0,4977
854,2009,4977,0,4977
854,2010,4973,0,4973
854,2011,4973,0,4973
854,2012,4973,0,4973
854,2013,4973,0,4973
854,2014,4973,0,4973
854,2015,4973,0,4973
854,2016,4973,0,4973
854,2017,4973,0,4973
855,2017,4961,0,4961
856,2015,4959,0,4959
857,2000,4938,0,4938
858,2015,4937,0,4937
858,2016,4919,0,4919
858,2017,4919,0,4919
858,2018,4919,0,4919
858,2019,4919,0,4919
859,2002,4857,0,4857
860,2017,4832,0,4832
860,2018,1328,0,1328
860,2019,1328,0,1328
861,2014,4829,0,4829
862,2017,4826,0,4826
862,2018,4826,0,4826
862,2019,4826,0,4826
863,2014,4824,0,4824
863,2015,4824,0,4824
864,2018,4790,0,4790
865,1998,1037,3752,4789
865,1999,1037,3752,4789
865,2000,1037,3752,4789
865,2001,1037,3752,4789
865,2002,1037,3752,4789
865,2003,1037,3752,4789
865,2004,1037,3752,4789
865,2005,1037,3752,4789
865,2006,988,3752,4740
865,2007,988,3752,4740
865,2008,988,3752,4740
865,2009,988,3752,4740
866,1998,4785,0,4785
866,1999,4785,0,4785
866,2000,4883,0,4883
866,2001,4883,0,4883
866,2002,4886,0,4886
866,2003,4767,0,4767
866,2004,4844,0,4844
866,2005,4844,0,4844
867,1998,4771,0,4771
867,1999,4771,0,4771
867,2000,4776,0,4776
867,2001,4776,0,4776
867,2002,4777,0,4777
867,2003,4777,0,4777
867,2004,4777,0,4777
867,2005,4777,0,4777
867,2006,4777,0,4777
867,2007,4777,0,4777
867,2008,4777,0,4777
867,2009,4777,0,4777
867,2010,4777,0,4777
867,2011,4777,0,4777
867,2012,4777,0,4777
867,2013,4777,0,4777
867,2014,4777,0,4777
867,2015,4777,0,4777
868,2013,4776,0,4776
869,2017,4721,0,4721
869,2018,4708,0,4708
870,2017,4715,0,4715
871,2017,4709,0,4709
872,2000,4620,0,4620
872,2001,4620,0,4620
872,2002,4620,0,4620
872,2003,4694,0,4694
872,2004,4694,0,4694
873,2012,941,3752,4693
873,2013,941,3752,4693
873,2014,941,3752,4693
873,2015,941,3752,4693
873,2016,941,3752,4693
873,2017,941,3752,4693
873,2018,977,0,977
873,2019,977,0,977
874,2004,4691,0,4691
875,1998,4685,0,4685
875,1999,2866,0,2866
875,2000,4685,0,4685
875,2001,4685,0,4685
876,2000,4662,0,4662
876,2001,4662,0,4662
876,2002,4670,0,4670
876,2003,4670,0,4670
876,2004,4670,0,4670
876,2005,4670,0,4670
876,2006,4670,0,4670
876,2007,4670,0,4670
876,2008,4670,0,4670
876,2009,4670,0,4670
876,2010,4670,0,4670
876,2011,4670,0,4670
876,2012,4670,0,4670
876,2013,4670,0,4670
876,2014,4670,0,4670
876,2015,4670,0,4670
876,2016,4670,0,4670
876,2017,4670,0,4670
876,2018,4670,0,4670
876,2019,4670,0,4670
877,2015,4633,0,4633
878,1998,4631,0,4631
879,2018,4629,0,4629
880,2010,4624,0,4624
880,2011,4624,0,4624
880,2012,4624,0,4624
881,1999,4624,0,4624
881,2000,4624,0,4624
881,2001,4624,0,4624
881,2002,4624,0,4624
881,2003,4624,0,4624
881,2004,4624,0,4624
881,2005,4624,0,4624
881,2006,4624,0,4624
881,2007,4624,0,4624
881,2008,4624,0,4624
882,2015,4545,0,4545
882,2016,4545,0,4545
882,2017,4545,0,4545
882,2018,4580,0,4580
882,2019,4580,0,4580
883,2018,4561,0,4561
883,2019,4561,0,4561
884,2003,4555,0,4555
884,2004,4555,0,4555
884,2005,4555,0,4555
885,2013,4522,0,4522
886,2014,4517,0,4517
887,2010,4517,0,4517
888,2001,4513,0,4513
888,2002,4513,0,4513
888,2003,4513,0,4513
888,2004,4513,0,4513
889,2004,3332,0,3332
889,2005,3332,0,3332
889,2006,3332,0,3332
889,2007,3332,0,3332
889,2008,4509,0,4509
890,2017,4493,0,4493
890,2018,4493,0,4493
890,2019,4493,0,4493
891,2017,4490,0,4490
892,2010,4485,0,4485
892,2011,4485,0,4485
893,1998,4476,0,4476
893,1999,4476,0,4476
893,2000,4476,0,4476
893,2001,4476,0,4476
893,2002,4476,0,4476
893,2003,4476,0,4476
893,2004,4476,0,4476
893,2005,4474,0,4474
893,2006,4474,0,4474
893,2007,4474,0,4474
893,2008,4474,0,4474
893,2009,4474,0,4474
893,2010,4474,0,4474
893,2011,4474,0,4474
893,2012,4474,0,4474
893,2013,4474,0,4474
893,2014,4474,0,4474
893,2015,4474,0,4474
893,2016,4474,0,4474
893,2017,4474,0,4474
893,2018,4474,0,4474
893,2019,4474,0,4474
894,2014,4472,0,4472
895,2006,4468,0,4468
895,2007,4468,0,4468
896,2014,4430,0,4430
896,2015,4430,0,4430
897,2017,4419,0,4419
898,2006,0,4411,4411
899,2001,4411,0,4411
899,2002,4411,0,4411
899,2003,4411,0,4411
900,2009,4394,0,4394
901,2012,0,4380,4380
902,2002,3972,0,3972
902,2003,3972,0,3972
902,2004,4205,0,4205
902,2005,4037,0,4037
902,2006,4175,0,4175
902,2007,4175,0,4175
902,2008,4175,0,4175
902,2009,4175,0,4175
902,2010,4175,0,4175
902,2011,4175,0,4175
902,2012,4175,0,4175
902,2013,4175,0,4175
902,2014,4175,0,4175
902,2015,4175,0,4175
902,2016,4366,0,4366
902,2017,4366,0,4366
902,2018,4366,0,4366
902,2019,4376,0,4376
903,2019,4365,0,4365
904,2017,4365,0,4365
905,1998,0,4356,4356
905,1999,0,4356,4356
905,2000,0,4356,4356
905,2001,0,4356,4356
905,2002,0,4356,4356
905,2003,0,4356,4356
905,2004,0,4356,4356
905,2005,0,4356,4356
905,2006,0,4356,4356
905,2007,0,4356,4356
905,2008,0,4356,4356
905,2009,0,4356,4356
905,2010,0,4356,4356
905,2011,0,4356,4356
905,2012,0,4356,4356
905,2013,0,4356,4356
905,2014,0,4356,4356
905,2015,0,4356,4356
905,2016,0,4356,4356
905,2017,0,4356,4356
905,2018,0,4356,4356
905,2019,0,4356,4356
906,2010,3914,0,3914
906,2011,3914,0,3914
906,2012,3914,0,3914
906,2013,3914,0,3914
906,2014,4301,0,4301
906,2015,4295,0,4295
906,2016,4325,0,4325
906,2017,4325,0,4325
906,2018,4325,0,4325
906,2019,4325,0,4325
907,2006,4324,0,4324
908,1998,0,4312,4312
909,2019,4309,0,4309
910,2017,4309,0,4309
911,2002,4292,0,4292
911,2003,4288,0,4288
912,2017,4285,0,4285
913,2013,4058,0,4058
913,2014,4108,0,4108
913,2015,4108,0,4108
913,2016,4060,0,4060
913,2017,4280,0,4280
913,2018,4058,0,4058
913,2019,4059,0,4059
914,2002,4273,0,4273
914,2003,4273,0,4273
915,2006,4236,0,4236
916,2000,4236,0,4236
917,1998,4216,0,4216
918,2016,4183,0,4183
918,2017,4194,0,4194
918,2018,4194,0,4194
918,2019,4194,0,4194
919,2002,4194,0,4194
920,2008,4184,0,4184
920,2009,4184,0,4184
920,2010,4184,0,4184
920,2011,4184,0,4184
921,1998,4170,0,4170
921,1999,4171,0,4171
921,2000,4171,0,4171
921,2001,4171,0,4171
921,2002,4171,0,4171
921,2003,4171,0,4171
921,2004,4171,0,4171
921,2005,4171,0,4171
921,2006,4171,0,4171
921,2007,4171,0,4171
921,2008,4171,0,4171
921,2009,4171,0,4171
921,2010,4171,0,4171
921,2011,4171,0,4171
921,2012,4171,0,4171
921,2013,4171,0,4171
921,2014,4171,0,4171
922,1999,4170,0,4170
923,2019,4153,0,4153
924,2016,4153,0,4153
924,2017,4153,0,4153
925,2013,3962,0,3962
925,2014,4152,0,4152
925,2015,4140,0,4140
925,2016,4140,0,4140
926,2018,4149,0,4149
926,2019,4149,0,4149
927,1998,3954,0,3954
927,1999,3954,0,3954
927,2000,3954,0,3954
927,2001,3954,0,3954
927,2002,3604,0,3604
927,2003,3721,0,3721
927,2004,3452,0,3452
927,2005,3515,0,3515
927,2006,3645,0,3645
927,2007,3645,0,3645
927,2008,3748,0,3748
927,2009,3748,0,3748
927,2010,3755,0,3755
927,2011,3755,0,3755
927,2012,3857,0,3857
927,2013,4122,0,4122
927,2014,4122,0,4122
927,2015,4122,0,4122
927,2016,4122,0,4122
927,2017,4122,0,4122
927,2018,4122,0,4122
927,2019,4122,0,4122
928,2012,4120,0,4120
928,2013,4120,0,4120
928,2014,4120,0,4120
929,2000,3979,0,3979
929,2001,4118,0,4118
930,2010,3876,0,3876
930,2011,3876,0,3876
930,2012,3876,0,3876
930,2013,3876,0,3876
930,2014,3995,0,3995
930,2015,3995,0,3995
930,2016,3995,0,3995
930,2017,3995,0,3995
930,2018,4107,0,4107
930,2019,4107,0,4107
931,2002,4105,0,4105
932,2006,2780,0,2780
932,2007,2780,0,2780
932,2008,2780,0,2780
932,2009,2780,0,2780
932,2010,2780,0,2780
932,2011,2780,0,2780
932,2012,2780,0,2780
932,2013,2780,0,2780
932,2014,2780,0,2780
932,2015,2780,0,2780
932,2016,2780,0,2780
932,2017,4093,0,4093
932,2018,4093,0,4093
932,2019,4093,0,4093
933,2011,3991,0,3991
933,2012,3991,0,3991
933,2013,3991,0,3991
933,2014,3991,0,3991
933,2015,4087,0,4087
934,2017,2975,0,2975
934,2018,2975,0,2975
934,2019,4080,0,4080
935,2007,2096,0,2096
935,2008,4077,0,4077
935,2009,4077,0,4077
936,2017,4055,0,4055
937,2019,4054,0,4054
938,1998,4052,0,4052
939,2001,4045,0,4045
939,2002,4045,0,4045
939,2003,4045,0,4045
940,2012,4034,0,4034
941,2002,4034,0,4034
941,2003,4034,0,4034
941,2004,4034,0,4034
941,2005,4034,0,4034
941,2006,4034,0,4034
941,2007,4034,0,4034
941,2008,4034,0,4034
941,2009,4034,0,4034
941,2010,4034,0,4034
942,2016,2480,0,2480
942,2017,2480,0,2480
942,2018,2480,0,2480
942,2019,4022,0,4022
943,2019,3987,0,3987
944,2017,3987,0,3987
945,2009,3965,0,3965
945,2010,3982,0,3982
946,2016,3973,0,3973
946,2017,3973,0,3973
946,2018,3973,0,3973
946,2019,3973,0,3973
947,1999,3972,0,3972
947,2000,3972,0,3972
948,1999,3962,0,3962
948,2000,3962,0,3962
949,2017,3960,0,3960
950,2002,3948,0,3948
950,2003,3948,0,3948
951,2000,3948,0,3948
952,2007,3923,0,3923
952,2008,3942,0,3942
953,2004,3914,0,3914
953,2005,3914,0,3914
953,2006,3914,0,3914
954,2011,3882,0,3882
955,1999,3857,0,3857
955,2000,3857,0,3857
956,1999,3855,0,3855
956,2000,3855,0,3855
956,2001,3855,0,3855
957,2002,3854,0,3854
958,2009,3849,0,3849
958,2010,3849,0,3849
958,2011,3849,0,3849
958,2012,3849,0,3849
958,2013,3849,0,3849
958,2014,3849,0,3849
958,2015,3849,0,3849
958,2016,3849,0,3849
958,2017,3849,0,3849
959,2018,3848,0,3848
959,2019,3848,0,3848
960,2016,3848,0,3848
961,1998,3846,0,3846
962,2009,3844,0,3844
963,2001,3844,0,3844
963,2002,3844,0,3844
963,2003,3844,0,3844
963,2004,3844,0,3844
964,1999,3843,0,3843
965,2003,3835,0,3835
965,2004,3835,0,3835
966,1998,3834,0,3834
966,1999,3834,0,3834
967,2008,3831,0,3831
967,2009,3831,0,3831
967,2010,3831,0,3831
967,2011,3831,0,3831
968,2000,2497,0,2497
968,2001,2497,0,2497
968,2002,2497,0,2497
968,2003,2497,0,2497
968,2004,2497,0,2497
968,2005,3831,0,3831
968,2006,3831,0,3831
969,2004,3828,0,3828
970,2008,3806,0,3806
970,2009,3806,0,3806
970,2010,3806,0,3806
970,2011,3806,0,3806
970,2012,3806,0,3806
970,2013,3806,0,3806
970,2014,3806,0,3806
971,1998,3801,0,3801
972,2009,3793,0,3793
973,2000,3793,0,3793
974,1998,3789,0,3789
975,2019,0,3787,3787
976,2012,3785,0,3785
977,2018,3782,0,3782
977,2019,3782,0,3782
978,2009,3782,0,3782
979,2015,857,0,857
979,2016,3781,0,3781
980,1998,3755,0,3755
980,1999,3755,0,3755
980,2000,3755,0,3755
980,2001,3755,0,3755
980,2002,3780,0,3780
980,2003,3780,0,3780
981,2002,3754,0,3754
982,2015,3472,0,3472
982,2016,3730,0,3730
982,2017,3732,0,3732
983,2000,3732,0,3732
984,1998,3732,0,3732
985,1999,3727,0,3727
985,2000,2878,0,2878
986,1999,3713,0,3713
986,2000,3713,0,3713
986,2001,2789,0,2789
986,2002,2789,0,2789
986,2003,2789,0,2789
986,2004,2789,0,2789
986,2005,2789,0,2789
986,2006,2789,0,2789
986,2007,2789,0,2789
986,2008,2789,0,2789
986,2009,2789,0,2789
986,2010,2789,0,2789
986,2011,2789,0,2789
986,2012,2789,0,2789
986,2013,2789,0,2789
986,2014,2789,0,2789
986,2015,2789,0,2789
986,2016,2789,0,2789
986,2017,2789,0,2789
987,2002,3713,0,3713
988,2010,3701,0,3701
988,2011,3701,0,3701
988,2012,3701,0,3701
988,2013,3701,0,3701
988,2014,1785,0,1785
988,2015,1773,0,1773
988,2016,3686,0,3686
988,2017,3686,0,3686
988,2018,3686,0,3686
988,2019,3686,0,3686
989,2017,3697,0,3697
989,2018,3697,0,3697
989,2019,3697,0,3697
990,2013,3584,0,3584
990,2014,3548,0,3548
990,2015,3548,0,3548
990,2016,3548,0,3548
990,2017,3635,0,3635
990,2018,3671,0,3671
991,1998,3651,0,3651
991,1999,3651,0,3651
991,2000,3651,0,3651
992,2017,3638,0,3638
993,1998,3633,0,3633
994,1998,2567,0,2567
994,1999,3625,0,3625
994,2000,3608,0,3608
995,2007,755,0,755
995,2008,755,0,755
995,2009,755,0,755
995,2010,798,0,798
995,2011,798,0,798
995,2012,798,0,798
995,2013,3624,0,3624
995,2014,3624,0,3624
995,2015,3624,0,3624
995,2016,3624,0,3624
995,2017,3624,0,3624
995,2018,3624,0,3624
995,2019,3624,0,3624
996,1998,3619,0,3619
996,1999,3619,0,3619
996,2000,3619,0,3619
996,2001,3619,0,3619
996,2002,3619,0,3619
996,2003,3619,0,3619
996,2004,3619,0,3619
996,2005,3619,0,3619
996,2006,3619,0,3619
996,2007,3619,0,3619
996,2008,3619,0,3619
996,2009,3619,0,3619
996,2010,3619,0,3619
996,2011,3619,0,3619
996,2012,3619,0,3619
996,2013,3619,0,3619
996,2014,3619,0,3619
996,2015,3619,0,3619
996,2016,3619,0,3619
996,2017,3619,0,3619
996,2018,3619,0,3619
996,2019,3619,0,3619
997,2007,3594,0,3594
997,2008,3594,0,3594
998,2003,3594,0,3594
998,2004,3594,0,3594
998,2005,3594,0,3594
999,2001,3588,0,3588
999,2002,3588,0,3588
999,2003,3588,0,3588
999,2004,3588,0,3588
999,2005,3588,0,3588
999,2006,3580,0,3580
999,2007,3580,0,3580
999,2008,3580,0,3580
1000,2010,3584,0,3584
1001,1998,3545,0,3545
1001,1999,3545,0,3545
1001,2000,3584,0,3584
1001,2001,3584,0,3584
1001,2002,3584,0,3584
1001,2003,3584,0,3584
1001,2004,3584,0,3584
1001,2005,3584,0,3584
1001,2006,3584,0,3584
1002,2006,3566,0,3566
1003,2001,3565,0,3565
1003,2002,3565,0,3565
1003,2003,3565,0,3565
1003,2004,3565,0,3565
1003,2005,3565,0,3565
1004,2017,3558,0,3558
1004,2018,3558,0,3558
1005,2009,3558,0,3558
1006,1998,3543,0,3543
1007,2000,3541,0,3541
1008,2011,0,3512,3512
1008,2012,0,3512,3512
1008,2013,0,3512,3512
1008,2014,0,3512,3512
1008,2015,0,3512,3512
1008,2016,0,3512,3512
1008,2017,0,3512,3512
1008,2018,0,3512,3512
1008,2019,0,3512,3512
1009,2008,0,3512,3512
1009,2009,0,3512,3512
1010,2010,3502,0,3502
1011,1998,3479,0,3479
1011,1999,3482,0,3482
1011,2000,3482,0,3482
1011,2001,3482,0,3482
1011,2002,3475,0,3475
1011,2003,3475,0,3475
1011,2004,3458,0,3458
1011,2005,3458,0,3458
1011,2006,3409,0,3409
1011,2007,3409,0,3409
1011,2008,3405,0,3405
1011,2009,3405,0,3405
1011,2010,3422,0,3422
1011,2011,3422,0,3422
1011,2012,3422,0,3422
1011,2013,3422,0,3422
1011,2014,3422,0,3422
1011,2015,3416,0,3416
1011,2016,3416,0,3416
1011,2017,3416,0,3416
1011,2018,3416,0,3416
1011,2019,3416,0,3416
1012,2009,3466,0,3466
1012,2010,3465,0,3465
1012,2011,3465,0,3465
1012,2012,3465,0,3465
1012,2013,3465,0,3465
1012,2014,3465,0,3465
1013,2007,3466,0,3466
1014,2006,3464,0,3464
1015,1998,3461,0,3461
1015,1999,3461,0,3461
1015,2000,3461,0,3461
1015,2001,3461,0,3461
1016,2001,3447,0,3447
1017,2002,3444,0,3444
1017,2003,3444,0,3444
1017,2004,3444,0,3444
1017,2005,3444,0,3444
1017,2006,3444,0,3444
1017,2007,3444,0,3444
1017,2008,3444,0,3444
1017,2009,3444,0,3444
1017,2010,3444,0,3444
1017,2011,3444,0,3444
1017,2012,3444,0,3444
1017,2013,3444,0,3444
1017,2014,3441,0,3441
1017,2015,3441,0,3441
1017,2016,3441,0,3441
1017,2017,3441,0,3441
1017,2018,3441,0,3441
1017,2019,3441,0,3441
1018,2009,3444,0,3444
1019,1998,3444,0,3444
1019,1999,3444,0,3444
1019,2000,3444,0,3444
1020,1998,3444,0,3444
1021,1998,3437,0,3437
1021,1999,3437,0,3437
1021,2000,3437,0,3437
1021,2001,3437,0,3437
1021,2002,3437,0,3437
1021,2003,3437,0,3437
1021,2004,3437,0,3437
1021,2005,3437,0,3437
1021,2006,3437,0,3437
1021,2007,3437,0,3437
1021,2008,3437,0,3437
1021,2009,3437,0,3437
1021,2010,3437,0,3437
1021,2011,3437,0,3437
1021,2012,3437,0,3437
1021,2013,3437,0,3437
1021,2014,3437,0,3437
1021,2015,3437,0,3437
1021,2016,3437,0,3437
1021,2017,3437,0,3437
1021,2018,3437,0,3437
1021,2019,3437,0,3437
1022,2014,0,3426,3426
1022,2015,0,3426,3426
1022,2016,0,3426,3426
1022,2017,0,3426,3426
1022,2018,0,3426,3426
1022,2019,0,3426,3426
1023,2009,0,3426,3426
1023,2010,0,3426,3426
1023,2011,0,3426,3426
1024,2002,0,3426,3426
1024,2003,0,3426,3426
1024,2004,0,3426,3426
1024,2005,0,3426,3426
1024,2006,0,3426,3426
1024,2007,0,3426,3426
1025,1999,0,3391,3391
1025,2000,0,3426,3426
1026,2009,3396,0,3396
1026,2010,3423,0,3423
1026,2011,3015,0,3015
1027,2004,3386,0,3386
1027,2005,3386,0,3386
1027,2006,3386,0,3386
1027,2007,3386,0,3386
1027,2008,3386,0,3386
1027,2009,3386,0,3386
1027,2010,3386,0,3386
1027,2011,3386,0,3386
1027,2012,3386,0,3386
1027,2013,3386,0,3386
1027,2014,3386,0,3386
1027,2015,3362,0,3362
1027,2016,3362,0,3362
1027,2017,3362,0,3362
1027,2018,3362,0,3362
1027,2019,3362,0,3362
1028,1998,3385,0,3385
1028,1999,3385,0,3385
1028,2000,3385,0,3385
1028,2001,3385,0,3385
1028,2002,3385,0,3385
1028,2003,3385,0,3385
1028,2004,3385,0,3385
1028,2005,3385,0,3385
1028,2006,3385,0,3385
1028,2007,3385,0,3385
1028,2008,3385,0,3385
1028,2009,3385,0,3385
1028,2010,3385,0,3385
1028,2011,3385,0,3385
1028,2012,3385,0,3385
1028,2013,3385,0,3385
1028,2014,3385,0,3385
1028,2015,3385,0,3385
1028,2016,3376,0,3376
1029,2010,3367,0,3367
1030,1998,3351,0,3351
1030,1999,3351,0,3351
1031,2018,3323,0,3323
1031,2019,3323,0,3323
1032,2018,3293,0,3293
1032,2019,3293,0,3293
1033,2016,3284,0,3284
1033,2017,3292,0,3292
1033,2018,3292,0,3292
1033,2019,3292,0,3292
1034,2015,3284,0,3284
1034,2016,3149,0,3149
1035,1999,3284,0,3284
1036,1998,2289,0,2289
1036,1999,3008,0,3008
1036,2000,3008,0,3008
1036,2001,3281,0,3281
1037,2016,3272,0,3272
1037,2017,3272,0,3272
1037,2018,3272,0,3272
1038,2009,3267,0,3267
1038,2010,3267,0,3267
1038,2011,3267,0,3267
1038,2012,3267,0,3267
1038,2013,3267,0,3267
1038,2014,3267,0,3267
1038,2015,3267,0,3267
1038,2016,3252,0,3252
1038,2017,3252,0,3252
1038,2018,3252,0,3252
1038,2019,3252,0,3252
1039,2002,3267,0,3267
1039,2003,3267,0,3267
1039,2004,3267,0,3267
1039,2005,3267,0,3267
1039,2006,3267,0,3267
1039,2007,3267,0,3267
1040,2001,3263,0,3263
1041,2010,3084,0,3084
1041,2011,3262,0,3262
1041,2012,3237,0,3237
1041,2013,3237,0,3237
1042,2000,3254,0,3254
1042,2001,3254,0,3254
1043,2015,0,3223,3223
1044,1998,3173,0,3173
1044,1999,3173,0,3173
1044,2000,3173,0,3173
1044,2001,3173,0,3173
1044,2002,3204,0,3204
1044,2003,3204,0,3204
1044,2004,3204,0,3204
1044,2005,3204,0,3204
1044,2006,3204,0,3204
1044,2007,2591,0,2591
1044,2008,2589,0,2589
1044,2009,2589,0,2589
1044,2010,2589,0,2589
1044,2011,2589,0,2589
1044,2012,2589,0,2589
1044,2013,2589,0,2589
1044,2014,2589,0,2589
1044,2015,2589,0,2589
1044,2016,2589,0,2589
1045,1998,3199,0,3199
1045,1999,3199,0,3199
1045,2000,1521,0,1521
1045,2001,1625,0,1625
1045,2002,1627,0,1627
1045,2003,1627,0,1627
1045,2004,1627,0,1627
1045,2005,1627,0,1627
1045,2006,1627,0,1627
1045,2007,1627,0,1627
1045,2008,1627,0,1627
1045,2009,1627,0,1627
1045,2010,1627,0,1627
1045,2011,1627,0,1627
1045,2012,1627,0,1627
1045,2013,1627,0,1627
1045,2014,1627,0,1627
1045,2015,1627,0,1627
1046,2015,3193,0,3193
1046,2016,3193,0,3193
1046,2017,3193,0,3193
1047,2004,3193,0,3193
1047,2005,3193,0,3193
1047,2006,3193,0,3193
1047,2007,3193,0,3193
1047,2008,3193,0,3193
1047,2009,3193,0,3193
1047,2010,3193,0,3193
1047,2011,3193,0,3193
1047,2012,3193,0,3193
1048,1998,3193,0,3193
1048,1999,3193,0,3193
1048,2000,3193,0,3193
1048,2001,3193,0,3193
1048,2002,3193,0,3193
1049,2005,3180,0,3180
1049,2006,3180,0,3180
1050,1999,3180,0,3180
1050,2000,3180,0,3180
1050,2001,3180,0,3180
1050,2002,3180,0,3180
1050,2003,3180,0,3180
1051,2010,3173,0,3173
1052,1998,3168,0,3168
1052,1999,3168,0,3168
1053,1999,0,3158,3158
1054,1998,2062,0,2062
1054,1999,2062,0,2062
1054,2000,3154,0,3154
1054,2001,3154,0,3154
1054,2002,3154,0,3154
1054,2003,3154,0,3154
1054,2004,3154,0,3154
1055,2010,2932,0,2932
1055,2011,2203,0,2203
1055,2012,2932,0,2932
1055,2013,3149,0,3149
1055,2014,3149,0,3149
1055,2015,3149,0,3149
1056,2012,3143,0,3143
1057,2002,3143,0,3143
1057,2003,3143,0,3143
1057,2004,3143,0,3143
1057,2005,3143,0,3143
1057,2006,3143,0,3143
1057,2007,3143,0,3143
1057,2008,3143,0,3143
1057,2009,3143,0,3143
1057,2010,3143,0,3143
1058,2013,3140,0,3140
1058,2014,3128,0,3128
1058,2015,3128,0,3128
1058,2016,3128,0,3128
1059,2017,3126,0,3126
1059,2018,3126,0,3126
1059,2019,3136,0,3136
1060,2000,2284,0,2284
1060,2001,2937,0,2937
1060,2002,2936,0,2936
1060,2003,3134,0,3134
1061,2018,3128,0,3128
1061,2019,3128,0,3128
1062,2019,0,3117,3117
1063,2011,3107,0,3107
1063,2012,3107,0,3107
1064,2009,3107,0,3107
1065,2003,3107,0,3107
1065,2004,3107,0,3107
1065,2005,3107,0,3107
1065,2006,3107,0,3107
1065,2007,3107,0,3107
1066,1998,0,3105,3105
1066,1999,0,3105,3105
1066,2000,0,3105,3105
1066,2001,0,3105,3105
1066,2002,0,3105,3105
1066,2003,0,3105,3105
1066,2004,0,3105,3105
1066,2005,0,3105,3105
1066,2006,0,3105,3105
1066,2007,0,3105,3105
1067,1998,3067,0,3067
1067,1999,3103,0,3103
1067,2000,3103,0,3103
1068,2018,3102,0,3102
1069,1998,3068,0,3068
1069,1999,3068,0,3068
1069,2000,3068,0,3068
1069,2001,3068,0,3068
1069,2002,1945,0,1945
1069,2003,3068,0,3068
1069,2004,3068,0,3068
1069,2005,3068,0,3068
1069,2006,3068,0,3068
1069,2007,3068,0,3068
1069,2008,3068,0,3068
1069,2009,3068,0,3068
1069,2010,2708,0,2708
1069,2011,2708,0,2708
1070,2005,3057,0,3057
1070,2006,3057,0,3057
1070,2007,3057,0,3057
1070,2008,3057,0,3057
1070,2009,3057,0,3057
1070,2010,3057,0,3057
1070,2011,3057,0,3057
1070,2012,3057,0,3057
1070,2013,3057,0,3057
1070,2014,3057,0,3057
1070,2015,3048,0,3048
1070,2016,3048,0,3048
1070,2017,3048,0,3048
1070,2018,3048,0,3048
1070,2019,3048,0,3048
1071,2001,3057,0,3057
1072,2012,3054,0,3054
1072,2013,3054,0,3054
1072,2014,3043,0,3043
1072,2015,3043,0,3043
1073,2000,3054,0,3054
1073,2001,3054,0,3054
1073,2002,3054,0,3054
1073,2003,3054,0,3054
1074,1998,3054,0,3054
1075,1998,3035,0,3035
1076,2012,0,3014,3014
1077,2001,2964,0,2964
1077,2002,2994,0,2994
1077,2003,2994,0,2994
1077,2004,2994,0,2994
1077,2005,2994,0,2994
1078,1998,0,2982,2982
1079,2010,2951,0,2951
1079,2011,2951,0,2951
1079,2012,2980,0,2980
1080,2017,2977,0,2977
1080,2018,2977,0,2977
1080,2019,2977,0,2977
1081,2014,2977,0,2977
1081,2015,2977,0,2977
1082,1998,2971,0,2971
1083,1998,2964,0,2964
1084,2017,2951,0,2951
1084,2018,2951,0,2951
1084,2019,2951,0,2951
1085,2000,0,2949,2949
1085,2001,0,2949,2949
1085,2002,0,2945,2945
1085,2003,0,2945,2945
1085,2004,0,2945,2945
1085,2005,0,2945,2945
1085,2006,0,2945,2945
1085,2007,0,2945,2945
1085,2008,0,2945,2945
1085,2009,0,2945,2945
1085,2010,0,2945,2945
1085,2011,0,2945,2945
1085,2012,0,2945,2945
1085,2013,0,2945,2945
1085,2014,0,2945,2945
1085,2015,0,2945,2945
1085,2016,0,2945,2945
1085,2017,0,2945,2945
1085,2018,0,2945,2945
1085,2019,0,2945,2945
1086,1998,0,2949,2949
1087,2001,2937,0,2937
1088,1999,2937,0,2937
1089,2010,2714,0,2714
1089,2011,2865,0,2865
1089,2012,2865,0,2865
1089,2013,2902,0,2902
1089,2014,2924,0,2924
1089,2015,2924,0,2924
1089,2016,2924,0,2924
1090,1999,2922,0,2922
1090,2000,2922,0,2922
1091,2010,0,2919,2919
1092,1998,2918,0,2918
1092,1999,2918,0,2918
1092,2000,2918,0,2918
1092,2001,2918,0,2918
1092,2002,2919,0,2919
1093,1998,2910,0,2910
1093,1999,2910,0,2910
1093,2000,2910,0,2910
1093,2001,2910,0,2910
1093,2002,2910,0,2910
1093,2003,2910,0,2910
1093,2004,2910,0,2910
1093,2005,2910,0,2910
1093,2006,2910,0,2910
1093,2007,2910,0,2910
1093,2008,2910,0,2910
1093,2009,2910,0,2910
1093,2010,2910,0,2910
1093,2011,2910,0,2910
1093,2012,2910,0,2910
1093,2013,2910,0,2910
1093,2014,2910,0,2910
1093,2015,2910,0,2910
1093,2016,2910,0,2910
1093,2017,2910,0,2910
1093,2018,2910,0,2910
1093,2019,2910,0,2910
1094,2018,2910,0,2910
1094,2019,2910,0,2910
1095,2011,2910,0,2910
1095,2012,2910,0,2910
1095,2013,2910,0,2910
1095,2014,2910,0,2910
1095,2015,2910,0,2910
1095,2016,2910,0,2910
1096,2007,2910,0,2910
1096,2008,2910,0,2910
1096,2009,2910,0,2910
1097,2002,2878,0,2878
1097,2003,2878,0,2878
1097,2004,2878,0,2878
1097,2005,2910,0,2910
1098,2000,0,2866,2866
1098,2001,0,2866,2866
1098,2002,0,2866,2866
1098,2003,0,2866,2866
1098,2004,0,2866,2866
1099,2019,2863,0,2863
1100,2004,2859,0,2859
1100,2005,2859,0,2859
1100,2006,2859,0,2859
1101,1998,2499,0,2499
1101,1999,2499,0,2499
1101,2000,2479,0,2479
1101,2001,2479,0,2479
1101,2002,2630,0,2630
1101,2003,2630,0,2630
1101,2004,2847,0,2847
1101,2005,2847,0,2847
1101,2006,2847,0,2847
1101,2007,2847,0,2847
1101,2008,2847,0,2847
1101,2009,2847,0,2847
1102,2011,2843,0,2843
1103,2009,2843,0,2843
1103,2010,2635,0,2635
1104,2000,2843,0,2843
1104,2001,2843,0,2843
1104,2002,2843,0,2843
1104,2003,2843,0,2843
1104,2004,2843,0,2843
1104,2005,2843,0,2843
1104,2006,2843,0,2843
1104,2007,2843,0,2843
1104,2008,2843,0,2843
1105,2019,2837,0,2837
1106,2003,2826,0,2826
1106,2004,2826,0,2826
1106,2005,2826,0,2826
1106,2006,2826,0,2826
1106,2007,2826,0,2826
1106,2008,2826,0,2826
1107,2000,2821,0,2821
1107,2001,2821,0,2821
1107,2002,2821,0,2821
1108,1999,2733,0,2733
1108,2000,2820,0,2820
1109,1998,2812,0,2812
1109,1999,2812,0,2812
1109,2000,2813,0,2813
1109,2001,2813,0,2813
1109,2002,2813,0,2813
1109,2003,2813,0,2813
1109,2004,2813,0,2813
1109,2005,2253,0,2253
1109,2006,2253,0,2253
1109,2007,2253,0,2253
1109,2008,2253,0,2253
1109,2009,2253,0,2253
1109,2010,2244,0,2244
1109,2011,2244,0,2244
1109,2012,2244,0,2244
1109,2013,2244,0,2244
1109,2014,2244,0,2244
1109,2015,2244,0,2244
1109,2016,2244,0,2244
1109,2017,2244,0,2244
1109,2018,2244,0,2244
1109,2019,2244,0,2244
1110,2000,2797,0,2797
1111,2010,2796,0,2796
1111,2011,2796,0,2796
1111,2012,2796,0,2796
1111,2013,2796,0,2796
1111,2014,2796,0,2796
1111,2015,2796,0,2796
1111,2016,2796,0,2796
1111,2017,2796,0,2796
1111,2018,2796,0,2796
1111,2019,2796,0,2796
1112,2008,2796,0,2796
1113,2004,2796,0,2796
1113,2005,2796,0,2796
1113,2006,2796,0,2796
1114,1998,2793,0,2793
1114,1999,2793,0,2793
1114,2000,2793,0,2793
1114,2001,2793,0,2793
1114,2002,2793,0,2793
1114,2003,2793,0,2793
1114,2004,2793,0,2793
1114,2005,2793,0,2793
1114,2006,2793,0,2793
1114,2007,2793,0,2793
1114,2008,2793,0,2793
1114,2009,2793,0,2793
1114,2010,2793,0,2793
1114,2011,2793,0,2793
1114,2012,2793,0,2793
1114,2013,2793,0,2793
1114,2014,2793,0,2793
1114,2015,2790,0,2790
1114,2016,2790,0,2790
1114,2017,2790,0,2790
1114,2018,2790,0,2790
1114,2019,2790,0,2790
1115,2017,2772,0,2772
1115,2018,2790,0,2790
1115,2019,2790,0,2790
1116,2019,2789,0,2789
1117,2009,2788,0,2788
1117,2010,2788,0,2788
1117,2011,2788,0,2788
1117,2012,2772,0,2772
1118,2017,2145,0,2145
1118,2018,2787,0,2787
1118,2019,2787,0,2787
1119,1998,2785,0,2785
1120,1998,2769,0,2769
1121,2007,2741,0,2741
1121,2008,2741,0,2741
1121,2009,2739,0,2739
1121,2010,2768,0,2768
1122,2001,2767,0,2767
1122,2002,2767,0,2767
1122,2003,2767,0,2767
1122,2004,2767,0,2767
1122,2005,2767,0,2767
1122,2006,2767,0,2767
1123,2012,2749,0,2749
1123,2013,2749,0,2749
1123,2014,2737,0,2737
1123,2015,2737,0,2737
1123,2016,2737,0,2737
1123,2017,2737,0,2737
1123,2018,2737,0,2737
1123,2019,2737,0,2737
1124,2012,2743,0,2743
1124,2013,2743,0,2743
1125,2013,2741,0,2741
1125,2014,2730,0,2730
1125,2015,2697,0,2697
1125,2016,2697,0,2697
1125,2017,2697,0,2697
1126,2009,2723,0,2723
1126,2010,2741,0,2741
1126,2011,2741,0,2741
1127,1998,2369,0,2369
1127,1999,2377,0,2377
1127,2000,2733,0,2733
1127,2001,2733,0,2733
1127,2002,2726,0,2726
1127,2003,2726,0,2726
1127,2004,2726,0,2726
1127,2005,2726,0,2726
1128,2001,2730,0,2730
1129,2003,2727,0,2727
1129,2004,2725,0,2725
1129,2005,2725,0,2725
1129,2006,2725,0,2725
1129,2007,2725,0,2725
1129,2008,2725,0,2725
1130,1998,1313,0,1313
1130,1999,1313,0,1313
1130,2000,2727,0,2727
1131,2010,2725,0,2725
1131,2011,2725,0,2725
1131,2012,2725,0,2725
1131,2013,2725,0,2725
1131,2014,2725,0,2725
1131,2015,2725,0,2725
1131,2016,2686,0,2686
1131,2017,2686,0,2686
1131,2018,2686,0,2686
1131,2019,2686,0,2686
1132,2018,2724,0,2724
1132,2019,2724,0,2724
1133,1998,2724,0,2724
1133,1999,2724,0,2724
1133,2000,2724,0,2724
1133,2001,2724,0,2724
1133,2002,2724,0,2724
1133,2003,2724,0,2724
1133,2004,2724,0,2724
1133,2005,2724,0,2724
1133,2006,2724,0,2724
1133,2007,2724,0,2724
1133,2008,2724,0,2724
1133,2009,2724,0,2724
1133,2010,2724,0,2724
1133,2011,2724,0,2724
1133,2012,2724,0,2724
1134,2007,2723,0,2723
1135,2009,2715,0,2715
1135,2010,2716,0,2716
1136,2007,2712,0,2712
1137,2014,2709,0,2709
1137,2015,2709,0,2709
1137,2016,2709,0,2709
1137,2017,2709,0,2709
1138,1999,0,2680,2680
1139,2018,2366,0,2366
1139,2019,2678,0,2678
1140,2009,2668,0,2668
1141,1998,2664,0,2664
1141,1999,2664,0,2664
1141,2000,2665,0,2665
1141,2001,2665,0,2665
1141,2002,2665,0,2665
1141,2003,2665,0,2665
1141,2004,2665,0,2665
1141,2005,2665,0,2665
1141,2006,2665,0,2665
1141,2007,2665,0,2665
1141,2008,2665,0,2665
1141,2009,2665,0,2665
1141,2010,2665,0,2665
1141,2011,2665,0,2665
1141,2012,2665,0,2665
1141,2013,2665,0,2665
1141,2014,2665,0,2665
1141,2015,2665,0,2665
1141,2016,2665,0,2665
1141,2017,2665,0,2665
1141,2018,2665,0,2665
1141,2019,2665,0,2665
1142,2001,2660,0,2660
1143,1998,2654,0,2654
1144,2015,2653,0,2653
1145,2010,2645,0,2645
1145,2011,2645,0,2645
1146,2009,0,2640,2640
1147,2001,0,2640,2640
1147,2002,0,2640,2640
1147,2003,0,2640,2640
1147,2004,0,2640,2640
1147,2005,0,2640,2640
1147,2006,0,2640,2640
1148,1998,0,2631,2631
1149,2000,2630,0,2630
1149,2001,2630,0,2630
1150,2008,2621,0,2621
1150,2009,2621,0,2621
1150,2010,2621,0,2621
1150,2011,2621,0,2621
1150,2012,2621,0,2621
1150,2013,2621,0,2621
1151,2001,2621,0,2621
1151,2002,2621,0,2621
1151,2003,2621,0,2621
1151,2004,2621,0,2621
1151,2005,2621,0,2621
1152,2000,2608,0,2608
1152,2001,2608,0,2608
1152,2002,2617,0,2617
1152,2003,2617,0,2617
1152,2004,2617,0,2617
1152,2005,2617,0,2617
1152,2006,2617,0,2617
1152,2007,2617,0,2617
1152,2008,2617,0,2617
1152,2009,2617,0,2617
1152,2010,2615,0,2615
1152,2011,2615,0,2615
1152,2012,2615,0,2615
1152,2013,2615,0,2615
1152,2014,2615,0,2615
1152,2015,2615,0,2615
1152,2016,2615,0,2615
1152,2017,2615,0,2615
1153,2019,2615,0,2615
1154,1998,2610,0,2610
1154,1999,2610,0,2610
1154,2000,2610,0,2610
1154,2001,2610,0,2610
1154,2002,2610,0,2610
1154,2003,2610,0,2610
1154,2004,2610,0,2610
1154,2005,2610,0,2610
1154,2006,2610,0,2610
1154,2007,2610,0,2610
1154,2008,2610,0,2610
1154,2009,2610,0,2610
1154,2010,2610,0,2610
1154,2011,2610,0,2610
1154,2012,2610,0,2610
1154,2013,2610,0,2610
1154,2014,2610,0,2610
1154,2015,2607,0,2607
1154,2016,2607,0,2607
1154,2017,2607,0,2607
1154,2018,2607,0,2607
1154,2019,2607,0,2607
1155,2014,2606,0,2606
1155,2015,2606,0,2606
1155,2016,2600,0,2600
1155,2017,2600,0,2600
1155,2018,2600,0,2600
1155,2019,2600,0,2600
1156,2012,2606,0,2606
1157,2010,2606,0,2606
1158,2000,2600,0,2600
1158,2001,2600,0,2600
1159,2008,2598,0,2598
1160,1998,2598,0,2598
1160,1999,2598,0,2598
1160,2000,2598,0,2598
1160,2001,2598,0,2598
1160,2002,2598,0,2598
1160,2003,2598,0,2598
1160,2004,2598,0,2598
1160,2005,2598,0,2598
1161,2014,2591,0,2591
1161,2015,2591,0,2591
1161,2016,2591,0,2591
1162,2009,2588,0,2588
1163,2019,2583,0,2583
1164,2015,2583,0,2583
1164,2016,2583,0,2583
1164,2017,2583,0,2583
1165,1998,2582,0,2582
1166,2013,2568,0,2568
1166,2014,2568,0,2568
1166,2015,2568,0,2568
1166,2016,2568,0,2568
1166,2017,2568,0,2568
1167,2012,2554,0,2554
1167,2013,2554,0,2554
1167,2014,2554,0,2554
1168,1998,1523,0,1523
1168,1999,1523,0,1523
1168,2000,1523,0,1523
1168,2001,1523,0,1523
1168,2002,1523,0,1523
1168,2003,1523,0,1523
1168,2004,1523,0,1523
1168,2005,1523,0,1523
1168,2006,1523,0,1523
1168,2007,2554,0,2554
1168,2008,2554,0,2554
1169,1999,2518,0,2518
1169,2000,2518,0,2518
1169,2001,2518,0,2518
1169,2002,2518,0,2518
1169,2003,2518,0,2518
1169,2004,2518,0,2518
1169,2005,2518,0,2518
1169,2006,2518,0,2518
1169,2007,2518,0,2518
1169,2008,2518,0,2518
1169,2009,2518,0,2518
1169,2010,2518,0,2518
1169,2011,2518,0,2518
1169,2012,2518,0,2518
1169,2013,2518,0,2518
1169,2014,2518,0,2518
1169,2015,2518,0,2518
1169,2016,2518,0,2518
1169,2017,2518,0,2518
1169,2018,2518,0,2518
1169,2019,2518,0,2518
1170,2017,2507,0,2507
1171,2016,2456,0,2456
1171,2017,2497,0,2497
1171,2018,2495,0,2495
1172,1998,2495,0,2495
1172,1999,2495,0,2495
1172,2000,2449,0,2449
1172,2001,2496,0,2496
1172,2002,2496,0,2496
1172,2003,2496,0,2496
1173,2014,2472,0,2472
1174,2005,2472,0,2472
1175,2017,2469,0,2469
1176,2010,0,2465,2465
1177,2002,0,2459,2459
1177,2003,0,2459,2459
1177,2004,0,2459,2459
1177,2005,0,2459,2459
1177,2006,0,2459,2459
1177,2007,0,2459,2459
1177,2008,0,2459,2459
1177,2009,0,2459,2459
1177,2010,0,2459,2459
1177,2011,0,2459,2459
1177,2012,0,2459,2459
1177,2013,0,2459,2459
1177,2014,0,2459,2459
1177,2015,0,2459,2459
1177,2016,0,2459,2459
1177,2017,0,2459,2459
1177,2018,0,2459,2459
1177,2019,0,2459,2459
1178,2014,2455,0,2455
1179,2015,2452,0,2452
1179,2016,2452,0,2452
1179,2017,2452,0,2452
1179,2018,2452,0,2452
1179,2019,2452,0,2452
1180,2002,2447,0,2447
1180,2003,2447,0,2447
1180,2004,2447,0,2447
1180,2005,2447,0,2447
1180,2006,2447,0,2447
1181,2004,2446,0,2446
1181,2005,2446,0,2446
1181,2006,2446,0,2446
1182,1998,2446,0,2446
1182,1999,2446,0,2446
1182,2000,2446,0,2446
1183,1998,2431,0,2431
1184,2000,2410,0,2410
1185,1998,2401,0,2401
1185,1999,2401,0,2401
1185,2000,2407,0,2407
1185,2001,2407,0,2407
1185,2002,2402,0,2402
1185,2003,2402,0,2402
1185,2004,2402,0,2402
1185,2005,2402,0,2402
1185,2006,2402,0,2402
1185,2007,2402,0,2402
1185,2008,2402,0,2402
1185,2009,2402,0,2402
1185,2010,2402,0,2402
1185,2011,2402,0,2402
1185,2012,2402,0,2402
1185,2013,2402,0,2402
1185,2014,2402,0,2402
1185,2015,2402,0,2402
1185,2016,2402,0,2402
1185,2017,2402,0,2402
1185,2018,2402,0,2402
1185,2019,2402,0,2402
1186,1998,2404,0,2404
1186,1999,2404,0,2404
1186,2000,2404,0,2404
1186,2001,2404,0,2404
1186,2002,2402,0,2402
1187,2018,2385,0,2385
1187,2019,2385,0,2385
1188,2013,2375,0,2375
1189,2010,2373,0,2373
1189,2011,2373,0,2373
1189,2012,2373,0,2373
1189,2013,2373,0,2373
1190,2006,2373,0,2373
1190,2007,2373,0,2373
1190,2008,2373,0,2373
1191,2012,1842,0,1842
1191,2013,1842,0,1842
1191,2014,1842,0,1842
1191,2015,1842,0,1842
1191,2016,1842,0,1842
1191,2017,1842,0,1842
1191,2018,2253,0,2253
1191,2019,2365,0,2365
1192,1998,0,2332,2332
1192,1999,0,2332,2332
1192,2000,0,2332,2332
1193,2003,2331,0,2331
1193,2004,2331,0,2331
1193,2005,2331,0,2331
1193,2006,2331,0,2331
1193,2007,2331,0,2331
1193,2008,2331,0,2331
1193,2009,2331,0,2331
1193,2010,2331,0,2331
1193,2011,2331,0,2331
1193,2012,2331,0,2331
1193,2013,2331,0,2331
1194,2002,2119,0,2119
1194,2003,2331,0,2331
1195,1998,2325,0,2325
1196,1999,2324,0,2324
1196,2000,2324,0,2324
1196,2001,2324,0,2324
1196,2002,2324,0,2324
1196,2003,2324,0,2324
1196,2004,2324,0,2324
1196,2005,2324,0,2324
1196,2006,2324,0,2324
1196,2007,2324,0,2324
1196,2008,2202,0,2202
1197,2018,2320,0,2320
1198,2000,2316,0,2316
1199,1998,2316,0,2316
1200,2007,2313,0,2313
1200,2008,2313,0,2313
1200,2009,2313,0,2313
1200,2010,2313,0,2313
1200,2011,2313,0,2313
1200,2012,2313,0,2313
1200,2013,2313,0,2313
1200,2014,2313,0,2313
1200,2015,2304,0,2304
1200,2016,2304,0,2304
1200,2017,2304,0,2304
1200,2018,2304,0,2304
1200,2019,2304,0,2304
1201,2002,2313,0,2313
1201,2003,2313,0,2313
1201,2004,2313,0,2313
1201,2005,2313,0,2313
1202,2001,2307,0,2307
1203,1998,2307,0,2307
1204,2006,2305,0,2305
1205,2008,2297,0,2297
1205,2009,2297,0,2297
1205,2010,2297,0,2297
1205,2011,2297,0,2297
1205,2012,2297,0,2297
1205,2013,2297,0,2297
1205,2014,2297,0,2297
1206,2001,2297,0,2297
1207,2017,2291,0,2291
1207,2018,2291,0,2291
1208,2010,2285,0,2285
1209,1998,2283,0,2283
1210,2001,2274,0,2274
1211,2012,2273,0,2273
1212,2017,2270,0,2270
1213,2015,2270,0,2270
1214,2009,2270,0,2270
1215,2017,2265,0,2265
1216,2016,2255,0,2255
1217,2013,2255,0,2255
1218,1998,2252,0,2252
1218,1999,2252,0,2252
1218,2000,2252,0,2252
1218,2001,2252,0,2252
1219,2003,2246,0,2246
1219,2004,2246,0,2246
1220,2001,2230,0,2230
1221,1998,2230,0,2230
1222,2017,2223,0,2223
1223,2004,2179,0,2179
1224,2009,2177,0,2177
1225,2016,2171,0,2171
1225,2017,2171,0,2171
1225,2018,2171,0,2171
1225,2019,2171,0,2171
1226,2006,2171,0,2171
1226,2007,2171,0,2171
1226,2008,2171,0,2171
1226,2009,2171,0,2171
1226,2010,2171,0,2171
1227,1999,2168,0,2168
1227,2000,2168,0,2168
1228,1998,2155,0,2155
1229,2017,2149,0,2149
1230,2017,2144,0,2144
1231,1998,2143,0,2143
1231,1999,2143,0,2143
1231,2000,2143,0,2143
1231,2001,2143,0,2143
1231,2002,2143,0,2143
1231,2003,2143,0,2143
1231,2004,2143,0,2143
1231,2005,2143,0,2143
1231,2006,2143,0,2143
1231,2007,2143,0,2143
1231,2008,2143,0,2143
1231,2009,2143,0,2143
1232,2017,2142,0,2142
1233,2015,2140,0,2140
1233,2016,2140,0,2140
1234,2010,2140,0,2140
1234,2011,2140,0,2140
1234,2012,2140,0,2140
1234,2013,2140,0,2140
1235,2015,2138,0,2138
1235,2016,2138,0,2138
1235,2017,2138,0,2138
1235,2018,2135,0,2135
1235,2019,2135,0,2135
1236,2008,2138,0,2138
1236,2009,2138,0,2138
1236,2010,2138,0,2138
1236,2011,2138,0,2138
1237,2000,2135,0,2135
1237,2001,2135,0,2135
1237,2002,2135,0,2135
1237,2003,2060,0,2060
1237,2004,2060,0,2060
1237,2005,2060,0,2060
1237,2006,2060,0,2060
1237,2007,2060,0,2060
1238,1999,2125,0,2125
1239,2013,2123,0,2123
1239,2014,2123,0,2123
1239,2015,2123,0,2123
1239,2016,2123,0,2123
1239,2017,2123,0,2123
1239,2018,2123,0,2123
1239,2019,2123,0,2123
1240,2000,2117,0,2117
1240,2001,2117,0,2117
1241,1999,2111,0,2111
1242,2000,2108,0,2108
1243,1998,2108,0,2108
1244,2013,2106,0,2106
1244,2014,2106,0,2106
1244,2015,2106,0,2106
1244,2016,2106,0,2106
1244,2017,2106,0,2106
1244,2018,2106,0,2106
1244,2019,2106,0,2106
1245,2010,2099,0,2099
1246,2003,2096,0,2096
1247,2018,2082,0,2082
1247,2019,2082,0,2082
1248,2016,2082,0,2082
1249,1998,2078,0,2078
1250,1998,2076,0,2076
1251,2007,2070,0,2070
1251,2008,2070,0,2070
1251,2009,2070,0,2070
1251,2010,2070,0,2070
1252,2018,2069,0,2069
1252,2019,2069,0,2069
1253,2006,2069,0,2069
1253,2007,2069,0,2069
1253,2008,2069,0,2069
1253,2009,2069,0,2069
1253,2010,2069,0,2069
1253,2011,2069,0,2069
1253,2012,2069,0,2069
1253,2013,2069,0,2069
1253,2014,2069,0,2069
1254,2010,2069,0,2069
1254,2011,2069,0,2069
1255,2007,2069,0,2069
1256,2004,2069,0,2069
1256,2005,2069,0,2069
1257,1998,2069,0,2069
1257,1999,2069,0,2069
1257,2000,2069,0,2069
1258,1998,2064,0,2064
1259,2013,2054,0,2054
1260,1998,1849,0,1849
1260,1999,1849,0,1849
1260,2000,2046,0,2046
1260,2001,2046,0,2046
1260,2002,2046,0,2046
1260,2003,2046,0,2046
1260,2004,2046,0,2046
1260,2005,2046,0,2046
1260,2006,2046,0,2046
1260,2007,2046,0,2046
1260,2008,2046,0,2046
1260,2009,2046,0,2046
1260,2010,2046,0,2046
1260,2011,2046,0,2046
1260,2012,2046,0,2046
1260,2013,2046,0,2046
1260,2014,2046,0,2046
1261,2018,2026,0,2026
1262,2015,2015,0,2015
1263,1998,0,2012,2012
1264,2007,1998,0,1998
1264,2008,1998,0,1998
1264,2009,1998,0,1998
1265,2014,1985,0,1985
1265,2015,1979,0,1979
1266,2005,1985,0,1985
1266,2006,1985,0,1985
1266,2007,1985,0,1985
1267,2000,1979,0,1979
1268,2017,1978,0,1978
1268,2018,1978,0,1978
1268,2019,1978,0,1978
1269,2003,1978,0,1978
1269,2004,1978,0,1978
1269,2005,1978,0,1978
1269,2006,1971,0,1971
1269,2007,1971,0,1971
1269,2008,1971,0,1971
1269,2009,1971,0,1971
1270,2000,1978,0,1978
1271,2014,1975,0,1975
1271,2015,1975,0,1975
1271,2016,1975,0,1975
1272,2012,1974,0,1974
1272,2013,1974,0,1974
1273,2010,1974,0,1974
1274,2017,1970,0,1970
1274,2018,1970,0,1970
1275,2015,1970,0,1970
1276,2011,1970,0,1970
1277,2002,1969,0,1969
1278,2005,1402,0,1402
1278,2006,1402,0,1402
1278,2007,1402,0,1402
1278,2008,1402,0,1402
1278,2009,1968,0,1968
1278,2010,1968,0,1968
1278,2011,1968,0,1968
1278,2012,1968,0,1968
1278,2013,1968,0,1968
1278,2014,1862,0,1862
1278,2015,1862,0,1862
1278,2016,1862,0,1862
1278,2017,1862,0,1862
1278,2018,1862,0,1862
1278,2019,1864,0,1864
1279,2001,2003,0,2003
1279,2002,2003,0,2003
1279,2003,2003,0,2003
1279,2004,2003,0,2003
1279,2005,2013,0,2013
1279,2006,1965,0,1965
1279,2007,1965,0,1965
1279,2008,1965,0,1965
1280,2000,1962,0,1962
1281,2013,1956,0,1956
1282,1998,1909,0,1909
1282,1999,1953,0,1953
1282,2000,1953,0,1953
1282,2001,1953,0,1953
1283,2018,1951,0,1951
1283,2019,1951,0,1951
1284,2015,1951,0,1951
1285,1998,1948,0,1948
1286,2009,1947,0,1947
1286,2010,1947,0,1947
1287,2018,1940,0,1940
1287,2019,1940,0,1940
1288,1998,1931,0,1931
1289,1998,1924,0,1924
1289,1999,1924,0,1924
1289,2000,1924,0,1924
1289,2001,1924,0,1924
1289,2002,1924,0,1924
1290,2019,1919,0,1919
1291,2014,1919,0,1919
1291,2015,1919,0,1919
1291,2016,1919,0,1919
1292,2015,1914,0,1914
1293,2009,1914,0,1914
1293,2010,1914,0,1914
1293,2011,1914,0,1914
1293,2012,1914,0,1914
1294,2004,1914,0,1914
1294,2005,1914,0,1914
1295,1998,1914,0,1914
1295,1999,1914,0,1914
1295,2000,1914,0,1914
1295,2001,1914,0,1914
1295,2002,1914,0,1914
1296,1998,289,0,289
1296,1999,289,0,289
1296,2000,289,0,289
1296,2001,289,0,289
1296,2002,289,0,289
1296,2003,289,0,289
1296,2004,289,0,289
1296,2005,289,0,289
1296,2006,1596,0,1596
1296,2007,1596,0,1596
1296,2008,1913,0,1913
1296,2009,1913,0,1913
1297,1999,0,1911,1911
1297,2000,0,1911,1911
1297,2001,0,1911,1911
1297,2002,0,1911,1911
1297,2003,0,1911,1911
1297,2004,0,1911,1911
1297,2005,0,1911,1911
1297,2006,0,1911,1911
1297,2007,0,1911,1911
1297,2008,0,1911,1911
1297,2009,0,1911,1911
1297,2010,0,1911,1911
1297,2011,0,1911,1911
1297,2012,0,1911,1911
1297,2013,0,1911,1911
1297,2014,0,1911,1911
1297,2015,0,1911,1911
1297,2016,0,1911,1911
1297,2017,0,1911,1911
1297,2018,0,1911,1911
1297,2019,0,1911,1911
1298,2019,1911,0,1911
1299,2012,1843,0,1843
1299,2013,1843,0,1843
1299,2014,1911,0,1911
1299,2015,1911,0,1911
1299,2016,1911,0,1911
1300,1998,1911,0,1911
1300,1999,1911,0,1911
1301,1998,1860,0,1860
1301,1999,1860,0,1860
1301,2000,1908,0,1908
1301,2001,1908,0,1908
1301,2002,1908,0,1908
1301,2003,1908,0,1908
1301,2004,1908,0,1908
1301,2005,1908,0,1908
1302,1998,1807,0,1807
1302,1999,1807,0,1807
1302,2000,1807,0,1807
1302,2001,1807,0,1807
1302,2002,1908,0,1908
1303,2019,1896,0,1896
1304,2003,1325,0,1325
1304,2004,1498,0,1498
1304,2005,1498,0,1498
1304,2006,1894,0,1894
1304,2007,1894,0,1894
1304,2008,1894,0,1894
1305,2019,1888,0,1888
1306,2005,1887,0,1887
1306,2006,1887,0,1887
1306,2007,1887,0,1887
1306,2008,1887,0,1887
1306,2009,1887,0,1887
1306,2010,1887,0,1887
1306,2011,1887,0,1887
1306,2012,1887,0,1887
1306,2013,1887,0,1887
1306,2014,1887,0,1887
1306,2015,1887,0,1887
1306,2016,1887,0,1887
1307,1998,1887,0,1887
1307,1999,1887,0,1887
1307,2000,1887,0,1887
1308,2011,1883,0,1883
1309,2007,1883,0,1883
1309,2008,1883,0,1883
1309,2009,1883,0,1883
1310,2002,1883,0,1883
1310,2003,1883,0,1883
1310,2004,1883,0,1883
1310,2005,1883,0,1883
1311,1999,1883,0,1883
1312,2004,1879,0,1879
1313,1998,1535,0,1535
1313,1999,1864,0,1864
1313,2000,1864,0,1864
1313,2001,1864,0,1864
1313,2002,1867,0,1867
1313,2003,1867,0,1867
1313,2004,1875,0,1875
1314,2015,1868,0,1868
1314,2016,1865,0,1865
1314,2017,1865,0,1865
1315,2019,1865,0,1865
1316,1998,1861,0,1861
1316,1999,1861,0,1861
1316,2000,1861,0,1861
1316,2001,1861,0,1861
1316,2002,1861,0,1861
1316,2003,1861,0,1861
1316,2004,1861,0,1861
1316,2005,1861,0,1861
1316,2006,1861,0,1861
1316,2007,1861,0,1861
1316,2008,1861,0,1861
1316,2009,1861,0,1861
1316,2010,1861,0,1861
1316,2011,1861,0,1861
1316,2012,1861,0,1861
1316,2013,1861,0,1861
1316,2014,1861,0,1861
1316,2015,1861,0,1861
1316,2016,1861,0,1861
1316,2017,1861,0,1861
1316,2018,1861,0,1861
1317,1998,1856,0,1856
1318,1999,1837,0,1837
1318,2000,1837,0,1837
1318,2001,1837,0,1837
1318,2002,1837,0,1837
1318,2003,1837,0,1837
1319,1998,1826,0,1826
1319,1999,1826,0,1826
1319,2000,1826,0,1826
1320,2016,1823,0,1823
1320,2017,1823,0,1823
1320,2018,1823,0,1823
1320,2019,1823,0,1823
1321,2006,1822,0,1822
1321,2007,1822,0,1822
1321,2008,1822,0,1822
1322,1998,1818,0,1818
1323,2004,309,0,309
1323,2005,309,0,309
1323,2006,309,0,309
1323,2007,309,0,309
1323,2008,1815,0,1815
1323,2009,1815,0,1815
1324,1998,1749,0,1749
1324,1999,1749,0,1749
1324,2000,1810,0,1810
1324,2001,1810,0,1810
1324,2002,1810,0,1810
1324,2003,1810,0,1810
1325,2009,1805,0,1805
1326,2019,1798,0,1798
1327,2016,1798,0,1798
1327,2017,1798,0,1798
1328,2012,1325,0,1325
1328,2013,1325,0,1325
1328,2014,1325,0,1325
1328,2015,1325,0,1325
1328,2016,1416,0,1416
1328,2017,1416,0,1416
1328,2018,1795,0,1795
1328,2019,1795,0,1795
1329,2018,1790,0,1790
1329,2019,1790,0,1790
1330,2015,1790,0,1790
1330,2016,1790,0,1790
1331,2019,1789,0,1789
1332,2015,1789,0,1789
1332,2016,1789,0,1789
1332,2017,1789,0,1789
1333,2019,1788,0,1788
1334,2016,1788,0,1788
1335,2001,1783,0,1783
1335,2002,1783,0,1783
1335,2003,1783,0,1783
1335,2004,1783,0,1783
1335,2005,1783,0,1783
1335,2006,1783,0,1783
1335,2007,1783,0,1783
1336,2008,1778,0,1778
1336,2009,1778,0,1778
1336,2010,1778,0,1778
1337,2001,1777,0,1777
1338,1998,1777,0,1777
1338,1999,1777,0,1777
1339,2000,1776,0,1776
1340,1998,1738,0,1738
1340,1999,1767,0,1767
1341,1998,1511,0,1511
1341,1999,1511,0,1511
1341,2000,1511,0,1511
1341,2001,1511,0,1511
1341,2002,1490,0,1490
1341,2003,1490,0,1490
1341,2004,1490,0,1490
1341,2005,1490,0,1490
1341,2006,1571,0,1571
1341,2007,1713,0,1713
1341,2008,1713,0,1713
1341,2009,1713,0,1713
1341,2010,1713,0,1713
1341,2011,1713,0,1713
1341,2012,1742,0,1742
1341,2013,1742,0,1742
1341,2014,1742,0,1742
1341,2015,1765,0,1765
1341,2016,1765,0,1765
1341,2017,1765,0,1765
1341,2018,1765,0,1765
1341,2019,1765,0,1765
1342,2001,1739,0,1739
1343,1998,1736,0,1736
1343,1999,1736,0,1736
1343,2000,1736,0,1736
1343,2001,1736,0,1736
1343,2002,1736,0,1736
1343,2003,1736,0,1736
1343,2004,1736,0,1736
1343,2005,1736,0,1736
1344,1998,1733,0,1733
1344,1999,1733,0,1733
1345,1998,1733,0,1733
1346,2014,1731,0,1731
1346,2015,1731,0,1731
1346,2016,1731,0,1731
1346,2017,1731,0,1731
1346,2018,1731,0,1731
1346,2019,1731,0,1731
1347,2012,1731,0,1731
1348,2012,1709,0,1709
1349,2003,1704,0,1704
1349,2004,1704,0,1704
1349,2005,1704,0,1704
1349,2006,1709,0,1709
1350,2012,1624,0,1624
1350,2013,1706,0,1706
1350,2014,1706,0,1706
1350,2015,1661,0,1661
1350,2016,1660,0,1660
1350,2017,1660,0,1660
1350,2018,1660,0,1660
1351,1998,1695,0,1695
1352,2001,0,1682,1682
1352,2002,0,1682,1682
1352,2003,0,1682,1682
1352,2004,0,1682,1682
1352,2005,0,1682,1682
1352,2006,0,1682,1682
1352,2007,0,1682,1682
1352,2008,0,1682,1682
1352,2009,0,1682,1682
1352,2010,0,1682,1682
1352,2011,0,1682,1682
1352,2012,0,1682,1682
1352,2013,0,1682,1682
1352,2014,0,1682,1682
1352,2015,0,1682,1682
1352,2016,0,1682,1682
1352,2017,0,1682,1682
1352,2018,0,1682,1682
1352,2019,0,1682,1682
1353,2017,0,1681,1681
1354,1998,543,0,543
1354,1999,543,0,543
1354,2000,543,0,543
1354,2001,543,0,543
1354,2002,543,0,543
1354,2003,543,0,543
1354,2004,543,0,543
1354,2005,543,0,543
1354,2006,1677,0,1677
1354,2007,1677,0,1677
1354,2008,1677,0,1677
1354,2009,1677,0,1677
1354,2010,1677,0,1677
1354,2011,1677,0,1677
1354,2012,1677,0,1677
1354,2013,1677,0,1677
1354,2014,1663,0,1663
1354,2015,1663,0,1663
1354,2016,1663,0,1663
1354,2017,1663,0,1663
1354,2018,1663,0,1663
1354,2019,1663,0,1663
1355,2004,1674,0,1674
1355,2005,1674,0,1674
1355,2006,1674,0,1674
1355,2007,1674,0,1674
1356,1998,1674,0,1674
1356,1999,1674,0,1674
1356,2000,1674,0,1674
1356,2001,1674,0,1674
1357,2017,1673,0,1673
1357,2018,1673,0,1673
1357,2019,1673,0,1673
1358,2014,1673,0,1673
1358,2015,1673,0,1673
1358,2016,300,0,300
1358,2017,300,0,300
1359,1998,1587,0,1587
1359,1999,1587,0,1587
1359,2000,1587,0,1587
1359,2001,1587,0,1587
1359,2002,1587,0,1587
1359,2003,1587,0,1587
1359,2004,1587,0,1587
1359,2005,1587,0,1587
1359,2006,1587,0,1587
1359,2007,1587,0,1587
1359,2008,1587,0,1587
1359,2009,1587,0,1587
1359,2010,1587,0,1587
1359,2011,1587,0,1587
1359,2012,1587,0,1587
1359,2013,1587,0,1587
1359,2014,1587,0,1587
1359,2015,1587,0,1587
1359,2016,1587,0,1587
1359,2017,1587,0,1587
1359,2018,1587,0,1587
1359,2019,1669,0,1669
1360,2017,1631,0,1631
1360,2018,1631,0,1631
1360,2019,1631,0,1631
1361,2010,1631,0,1631
1361,2011,1631,0,1631
1361,2012,1631,0,1631
1361,2013,1631,0,1631
1361,2014,1631,0,1631
1361,2015,1631,0,1631
1362,2000,1447,0,1447
1362,2001,1615,0,1615
1362,2002,1615,0,1615
1362,2003,1627,0,1627
1362,2004,1627,0,1627
1362,2005,1627,0,1627
1363,1999,1606,0,1606
1364,2009,1592,0,1592
1365,1999,1587,0,1587
1365,2000,1587,0,1587
1365,2001,1587,0,1587
1365,2002,1542,0,1542
1365,2003,1492,0,1492
1365,2004,1492,0,1492
1365,2005,1519,0,1519
1365,2006,1557,0,1557
1365,2007,1557,0,1557
1365,2008,1557,0,1557
1366,2009,1585,0,1585
1366,2010,1585,0,1585
1366,2011,1585,0,1585
1366,2012,1585,0,1585
1366,2013,1585,0,1585
1366,2014,1585,0,1585
1366,2015,1585,0,1585
1366,2016,1585,0,1585
1366,2017,1585,0,1585
1366,2018,1585,0,1585
1366,2019,1585,0,1585
1367,1998,1582,0,1582
1367,1999,1582,0,1582
1367,2000,1582,0,1582
1368,2014,1578,0,1578
1368,2015,1578,0,1578
1369,2009,1565,0,1565
1370,2018,1556,0,1556
1370,2019,1556,0,1556
1371,2017,1555,0,1555
1372,2002,1551,0,1551
1373,2015,1541,0,1541
1374,2006,1540,0,1540
1374,2007,1540,0,1540
1375,2018,1534,0,1534
1375,2019,1534,0,1534
1376,2019,1533,0,1533
1377,2017,1527,0,1527
1378,2002,1516,0,1516
1379,2000,1491,0,1491
1379,2001,1491,0,1491
1379,2002,1492,0,1492
1379,2003,1483,0,1483
1379,2004,1483,0,1483
1379,2005,1510,0,1510
1379,2006,1510,0,1510
1379,2007,1510,0,1510
1379,2008,1510,0,1510
1379,2009,1510,0,1510
1379,2010,1510,0,1510
1379,2011,1510,0,1510
1379,2012,1510,0,1510
1379,2013,1510,0,1510
1379,2014,1510,0,1510
1379,2015,1510,0,1510
1379,2016,1510,0,1510
1379,2017,1510,0,1510
1379,2018,1510,0,1510
1379,2019,1510,0,1510
1380,2004,1509,0,1509
1380,2005,1509,0,1509
1380,2006,1509,0,1509
1381,2001,0,1503,1503
1381,2002,0,1503,1503
1381,2003,0,1503,1503
1381,2004,0,1503,1503
1381,2005,0,1503,1503
1381,2006,0,1503,1503
1381,2007,0,1503,1503
1381,2008,0,1503,1503
1381,2009,0,1503,1503
1381,2010,0,1503,1503
1381,2011,0,1503,1503
1381,2012,0,1503,1503
1381,2013,0,1503,1503
1381,2014,0,1503,1503
1381,2015,0,1503,1503
1381,2016,0,1503,1503
1381,2017,0,1503,1503
1381,2018,0,1503,1503
1381,2019,0,1503,1503
1382,2017,1492,0,1492
1382,2018,1492,0,1492
1382,2019,1492,0,1492
1383,2014,1492,0,1492
1384,2011,1492,0,1492
1385,2004,1486,0,1486
1386,1998,1128,0,1128
1386,1999,1242,0,1242
1386,2000,1479,0,1479
1386,2001,1479,0,1479
1386,2002,1486,0,1486
1387,2000,1486,0,1486
1387,2001,1486,0,1486
1388,2012,1484,0,1484
1389,2006,1224,0,1224
1389,2007,1224,0,1224
1389,2008,1224,0,1224
1389,2009,1224,0,1224
1389,2010,1482,0,1482
1389,2011,1482,0,1482
1389,2012,1482,0,1482
1389,2013,1482,0,1482
1389,2014,1482,0,1482
1390,2018,1475,0,1475
1390,2019,1475,0,1475
1391,2002,1466,0,1466
1391,2003,1466,0,1466
1391,2004,1466,0,1466
1391,2005,1466,0,1466
1391,2006,1466,0,1466
1391,2007,1466,0,1466
1391,2008,1466,0,1466
1391,2009,1466,0,1466
1391,2010,1466,0,1466
1391,2011,1466,0,1466
1391,2012,1466,0,1466
1391,2013,1466,0,1466
1391,2014,1466,0,1466
1391,2015,1466,0,1466
1391,2016,1466,0,1466
1391,2017,1466,0,1466
1391,2018,1466,0,1466
1391,2019,1466,0,1466
1392,2013,1461,0,1461
1392,2014,1461,0,1461
1392,2015,1461,0,1461
1392,2016,1461,0,1461
1393,2000,1456,0,1456
1393,2001,1456,0,1456
1394,2009,1447,0,1447
1395,2000,941,502,1443
1396,1998,1433,0,1433
1396,1999,1433,0,1433
1396,2000,1433,0,1433
1396,2001,1433,0,1433
1396,2002,1433,0,1433
1396,2003,1433,0,1433
1396,2004,1433,0,1433
1397,2006,1431,0,1431
1397,2007,1431,0,1431
1397,2008,1431,0,1431
1397,2009,1431,0,1431
1397,2010,1431,0,1431
1397,2011,1431,0,1431
1397,2012,1431,0,1431
1397,2013,1431,0,1431
1397,2014,1431,0,1431
1397,2015,1431,0,1431
1397,2016,1431,0,1431
1397,2017,1431,0,1431
1397,2018,1431,0,1431
1397,2019,1431,0,1431
1398,2019,0,1414,1414
1399,1998,1412,0,1412
1400,2017,1410,0,1410
1401,2007,1409,0,1409
1401,2008,1409,0,1409
1401,2009,1409,0,1409
1401,2010,1409,0,1409
1401,2011,1409,0,1409
1401,2012,1409,0,1409
1401,2013,1409,0,1409
1401,2014,1409,0,1409
1401,2015,1409,0,1409
1401,2016,1409,0,1409
1401,2017,1394,0,1394
1401,2018,1394,0,1394
1401,2019,1394,0,1394
1402,2014,1402,0,1402
1402,2015,1402,0,1402
1402,2016,1402,0,1402
1403,1998,1401,0,1401
1403,1999,1401,0,1401
1403,2000,1401,0,1401
1403,2001,1401,0,1401
1403,2002,1401,0,1401
1403,2003,1401,0,1401
1403,2004,1401,0,1401
1403,2005,1401,0,1401
1403,2006,1401,0,1401
1403,2007,1401,0,1401
1403,2008,1401,0,1401
1403,2009,1401,0,1401
1403,2010,1401,0,1401
1403,2011,1401,0,1401
1403,2012,1401,0,1401
1403,2013,1401,0,1401
1403,2014,1401,0,1401
1403,2015,1401,0,1401
1403,2016,1401,0,1401
1403,2017,1401,0,1401
1403,2018,1401,0,1401
1403,2019,1401,0,1401
1404,2011,1114,0,1114
1404,2012,1114,0,1114
1404,2013,1399,0,1399
1405,2010,0,1398,1398
1406,2011,1395,0,1395
1406,2012,1395,0,1395
1406,2013,1395,0,1395
1406,2014,1395,0,1395
1406,2015,1395,0,1395
1406,2016,1383,0,1383
1407,2007,1360,0,1360
1407,2008,1360,0,1360
1407,2009,1395,0,1395
1408,1998,1382,0,1382
1408,1999,1382,0,1382
1408,2000,1382,0,1382
1408,2001,1382,0,1382
1408,2002,1382,0,1382
1408,2003,1382,0,1382
1408,2004,1382,0,1382
1408,2005,1382,0,1382
1408,2006,1382,0,1382
1408,2007,1382,0,1382
1408,2008,1382,0,1382
1408,2009,1382,0,1382
1408,2010,1382,0,1382
1408,2011,1382,0,1382
1408,2012,1382,0,1382
1408,2013,1382,0,1382
1408,2014,1382,0,1382
1408,2015,1382,0,1382
1408,2016,1382,0,1382
1408,2017,1382,0,1382
1408,2018,1382,0,1382
1408,2019,1382,0,1382
1409,1998,1376,0,1376
1409,1999,1376,0,1376
1409,2000,1376,0,1376
1409,2001,1376,0,1376
1409,2002,1376,0,1376
1409,2003,1376,0,1376
1409,2004,1376,0,1376
1409,2005,1376,0,1376
1409,2006,1376,0,1376
1409,2007,1376,0,1376
1409,2008,1376,0,1376
1409,2009,1376,0,1376
1409,2010,1376,0,1376
1409,2011,1376,0,1376
1409,2012,1376,0,1376
1409,2013,1376,0,1376
1409,2014,1376,0,1376
1409,2015,1376,0,1376
1409,2016,1376,0,1376
1409,2017,1376,0,1376
1409,2018,1376,0,1376
1409,2019,1376,0,1376
1410,2006,1367,0,1367
1410,2007,1367,0,1367
1410,2008,1367,0,1367
1410,2009,1367,0,1367
1410,2010,1367,0,1367
1410,2011,1367,0,1367
1410,2012,1367,0,1367
1410,2013,1367,0,1367
1410,2014,1367,0,1367
1410,2015,1367,0,1367
1410,2016,1367,0,1367
1410,2017,1367,0,1367
1410,2018,1367,0,1367
1410,2019,1367,0,1367
1411,2010,1366,0,1366
1411,2011,1366,0,1366
1411,2012,1366,0,1366
1411,2013,1366,0,1366
1412,2015,1365,0,1365
1412,2016,1365,0,1365
1412,2017,1365,0,1365
1412,2018,1365,0,1365
1412,2019,1365,0,1365
1413,2006,1365,0,1365
1413,2007,1365,0,1365
1413,2008,1365,0,1365
1413,2009,1365,0,1365
1413,2010,1365,0,1365
1413,2011,1365,0,1365
1413,2012,1365,0,1365
1414,2004,1360,0,1360
1415,2002,1360,0,1360
1416,1999,1360,0,1360
1417,2010,1343,0,1343
1417,2011,1343,0,1343
1418,2017,543,0,543
1418,2018,1341,0,1341
1419,2001,1341,0,1341
1420,2019,1330,0,1330
1421,2014,1329,0,1329
1421,2015,1329,0,1329
1421,2016,1329,0,1329
1421,2017,1329,0,1329
1422,2007,1323,0,1323
1422,2008,1323,0,1323
1422,2009,1323,0,1323
1422,2010,1323,0,1323
1422,2011,1323,0,1323
1422,2012,1323,0,1323
1422,2013,1323,0,1323
1422,2014,629,0,629
1422,2015,202,0,202
1422,2016,202,0,202
1422,2017,202,0,202
1422,2018,202,0,202
1422,2019,202,0,202
1423,2002,1322,0,1322
1423,2003,1322,0,1322
1423,2004,1322,0,1322
1423,2005,1322,0,1322
1423,2006,1322,0,1322
1423,2007,1322,0,1322
1424,1998,1322,0,1322
1424,1999,1322,0,1322
1424,2000,1322,0,1322
1425,1998,1319,0,1319
1425,1999,1319,0,1319
1425,2000,1319,0,1319
1425,2001,1319,0,1319
1425,2002,1307,0,1307
1425,2003,1307,0,1307
1425,2004,1307,0,1307
1425,2005,1307,0,1307
1425,2006,1307,0,1307
1425,2007,1307,0,1307
1425,2008,1307,0,1307
1425,2009,1307,0,1307
1425,2010,1307,0,1307
1425,2011,1307,0,1307
1425,2012,1307,0,1307
1425,2013,1307,0,1307
1425,2014,1307,0,1307
1425,2015,1307,0,1307
1425,2016,1307,0,1307
1425,2017,1307,0,1307
1425,2018,1307,0,1307
1425,2019,1307,0,1307
1426,2019,1314,0,1314
1427,2010,1314,0,1314
1427,2011,1314,0,1314
1427,2012,1314,0,1314
1427,2013,1314,0,1314
1427,2014,1314,0,1314
1427,2015,1314,0,1314
1427,2016,1314,0,1314
1427,2017,1314,0,1314
1428,1998,1286,0,1286
1428,1999,1286,0,1286
1428,2000,1286,0,1286
1428,2001,1286,0,1286
1428,2002,1286,0,1286
1428,2003,1286,0,1286
1428,2004,1305,0,1305
1428,2005,1305,0,1305
1428,2006,1305,0,1305
1428,2007,1305,0,1305
1428,2008,1305,0,1305
1428,2009,1305,0,1305
1428,2010,1305,0,1305
1428,2011,1305,0,1305
1428,2012,1305,0,1305
1428,2013,1305,0,1305
1428,2014,1305,0,1305
1428,2015,1305,0,1305
1428,2016,1305,0,1305
1428,2017,1305,0,1305
1428,2018,1305,0,1305
1428,2019,1305,0,1305
1429,2000,1291,0,1291
1429,2001,1291,0,1291
1429,2002,1291,0,1291
1429,2003,1291,0,1291
1429,2004,1291,0,1291
1429,2005,1291,0,1291
1429,2006,1291,0,1291
1429,2007,1291,0,1291
1429,2008,1291,0,1291
1429,2009,1291,0,1291
1429,2010,1291,0,1291
1429,2011,1291,0,1291
1429,2012,1291,0,1291
1429,2013,1291,0,1291
1429,2014,1291,0,1291
1429,2015,1291,0,1291
1429,2016,1282,0,1282
1429,2017,1282,0,1282
1429,2018,1282,0,1282
1429,2019,1282,0,1282
1430,2002,1287,0,1287
1430,2003,1287,0,1287
1430,2004,1287,0,1287
1430,2005,1287,0,1287
1430,2006,1287,0,1287
1430,2007,1287,0,1287
1431,2000,1287,0,1287
1432,1998,1287,0,1287
1433,2002,1281,0,1281
1433,2003,1281,0,1281
1434,1999,1281,0,1281
1435,1998,1278,0,1278
1435,1999,1278,0,1278
1435,2000,1278,0,1278
1435,2001,1278,0,1278
1435,2002,1278,0,1278
1435,2003,1278,0,1278
1435,2004,1278,0,1278
1435,2005,1278,0,1278
1435,2006,1278,0,1278
1435,2007,1278,0,1278
1435,2008,1278,0,1278
1435,2009,1278,0,1278
1435,2010,1278,0,1278
1435,2011,1278,0,1278
1435,2012,1278,0,1278
1435,2013,1278,0,1278
1435,2014,1278,0,1278
1435,2015,1278,0,1278
1435,2016,1278,0,1278
1435,2017,1278,0,1278
1435,2018,1278,0,1278
1435,2019,1278,0,1278
1436,1998,1274,0,1274
1436,1999,1274,0,1274
1437,2018,1273,0,1273
1437,2019,1273,0,1273
1438,2014,1273,0,1273
1438,2015,1273,0,1273
1439,2002,1272,0,1272
1439,2003,1272,0,1272
1440,2016,1263,0,1263
1441,2011,1261,0,1261
1442,2005,1245,0,1245
1443,2003,1245,0,1245
1444,1999,1224,0,1224
1444,2000,1244,0,1244
1445,2009,1241,0,1241
1446,2002,1241,0,1241
1447,2000,1241,0,1241
1448,2019,1234,0,1234
1449,1998,1234,0,1234
1449,1999,1234,0,1234
1449,2000,1234,0,1234
1449,2001,1234,0,1234
1449,2002,1234,0,1234
1449,2003,1234,0,1234
1449,2004,1234,0,1234
1449,2005,1234,0,1234
1449,2006,1234,0,1234
1449,2007,1234,0,1234
1449,2008,1234,0,1234
1449,2009,1234,0,1234
1449,2010,1234,0,1234
1449,2011,1234,0,1234
1449,2012,1234,0,1234
1449,2013,1234,0,1234
1449,2014,1234,0,1234
1449,2015,1234,0,1234
1449,2016,1234,0,1234
1449,2017,1234,0,1234
1449,2018,1234,0,1234
1449,2019,1234,0,1234
1450,1998,1231,0,1231
1450,1999,1231,0,1231
1450,2000,1231,0,1231
1450,2001,1231,0,1231
1450,2002,1231,0,1231
1450,2003,1231,0,1231
1450,2004,1231,0,1231
1450,2005,1231,0,1231
1450,2006,1231,0,1231
1450,2007,1231,0,1231
1450,2008,1231,0,1231
1450,2009,1231,0,1231
1450,2010,1231,0,1231
1450,2011,1231,0,1231
1450,2012,1231,0,1231
1450,2013,1231,0,1231
1450,2014,1231,0,1231
1450,2015,1231,0,1231
1450,2016,1231,0,1231
1450,2017,1231,0,1231
1450,2018,1231,0,1231
1450,2019,1231,0,1231
1451,2005,1228,0,1228
1451,2006,1228,0,1228
1451,2007,1228,0,1228
1451,2008,1228,0,1228
1451,2009,1228,0,1228
1451,2010,1228,0,1228
1451,2011,1228,0,1228
1451,2012,1228,0,1228
1451,2013,1228,0,1228
1451,2014,1228,0,1228
1451,2015,1228,0,1228
1451,2016,1228,0,1228
1451,2017,1228,0,1228
1451,2018,1228,0,1228
1451,2019,1228,0,1228
1452,1998,1228,0,1228
1452,1999,1228,0,1228
1452,2000,1228,0,1228
1452,2001,1228,0,1228
1452,2002,1205,0,1205
1452,2003,1205,0,1205
1452,2004,1205,0,1205
1452,2005,1205,0,1205
1452,2006,1205,0,1205
1452,2007,1205,0,1205
1452,2008,1205,0,1205
1452,2009,1205,0,1205
1452,2010,1205,0,1205
1452,2011,1205,0,1205
1452,2012,1205,0,1205
1452,2013,1205,0,1205
1452,2014,1205,0,1205
1452,2015,1205,0,1205
1452,2016,1205,0,1205
1452,2017,1205,0,1205
1452,2018,1205,0,1205
1452,2019,1205,0,1205
1453,2011,679,0,679
1453,2012,679,0,679
1453,2013,679,0,679
1453,2014,679,0,679
1453,2015,679,0,679
1453,2016,679,0,679
1453,2017,679,0,679
1453,2018,1142,0,1142
1453,2019,1221,0,1221
1454,2017,1221,0,1221
1455,2006,1221,0,1221
1455,2007,1221,0,1221
1455,2008,1221,0,1221
1455,2009,1221,0,1221
1455,2010,1221,0,1221
1455,2011,1221,0,1221
1456,2015,1216,0,1216
1456,2016,1216,0,1216
1456,2017,1216,0,1216
1456,2018,1216,0,1216
1456,2019,1216,0,1216
1457,2002,1216,0,1216
1458,2001,1201,0,1201
1459,1998,1201,0,1201
1459,1999,1201,0,1201
1460,2017,1200,0,1200
1460,2018,1200,0,1200
1460,2019,1200,0,1200
1461,2016,1200,0,1200
1461,2017,1200,0,1200
1461,2018,1200,0,1200
1462,2007,1193,0,1193
1462,2008,1193,0,1193
1462,2009,1193,0,1193
1462,2010,1193,0,1193
1462,2011,1193,0,1193
1462,2012,1193,0,1193
1462,2013,1193,0,1193
1462,2014,1193,0,1193
1462,2015,1193,0,1193
1462,2016,1193,0,1193
1462,2017,1193,0,1193
1462,2018,1193,0,1193
1462,2019,1193,0,1193
1463,1998,0,1181,1181
1463,1999,0,1159,1159
1463,2000,0,1159,1159
1463,2001,0,1159,1159
1463,2002,0,1159,1159
1463,2003,0,1159,1159
1463,2004,0,1159,1159
1463,2005,0,1159,1159
1463,2006,0,1159,1159
1463,2007,0,1159,1159
1463,2008,0,1159,1159
1463,2009,0,1159,1159
1463,2010,0,1159,1159
1463,2011,0,1159,1159
1463,2012,0,1159,1159
1463,2013,0,1159,1159
1463,2014,0,1159,1159
1463,2015,0,1159,1159
1463,2016,0,1159,1159
1463,2017,0,1159,1159
1463,2018,0,1159,1159
1463,2019,0,1159,1159
1464,2004,1175,0,1175
1464,2005,1175,0,1175
1465,1998,1168,0,1168
1465,1999,1168,0,1168
1466,2018,1153,0,1153
1466,2019,1153,0,1153
1467,1998,1147,0,1147
1467,1999,1147,0,1147
1467,2000,1147,0,1147
1467,2001,1147,0,1147
1467,2002,1147,0,1147
1467,2003,1147,0,1147
1467,2004,1147,0,1147
1467,2005,1147,0,1147
1467,2006,1147,0,1147
1467,2007,1147,0,1147
1467,2008,1147,0,1147
1467,2009,1147,0,1147
1467,2010,1147,0,1147
1467,2011,1147,0,1147
1467,2012,1147,0,1147
1467,2013,1147,0,1147
1467,2014,1147,0,1147
1467,2015,1147,0,1147
1467,2016,1147,0,1147
1467,2017,1147,0,1147
1467,2018,1147,0,1147
1467,2019,1147,0,1147
1468,2006,1141,0,1141
1469,1998,1141,0,1141
1469,1999,1141,0,1141
1469,2000,1141,0,1141
1470,2010,1138,0,1138
1470,2011,1138,0,1138
1470,2012,1138,0,1138
1470,2013,1138,0,1138
1470,2014,1138,0,1138
1470,2015,1138,0,1138
1470,2016,1138,0,1138
1470,2017,1138,0,1138
1470,2018,1138,0,1138
1470,2019,1138,0,1138
1471,1998,1138,0,1138
1471,1999,1138,0,1138
1471,2000,1138,0,1138
1471,2001,1138,0,1138
1471,2002,1138,0,1138
1471,2003,1138,0,1138
1471,2004,1138,0,1138
1471,2005,1138,0,1138
1471,2006,1138,0,1138
1471,2007,1138,0,1138
1471,2008,1138,0,1138
1471,2009,1138,0,1138
1471,2010,1138,0,1138
1471,2011,1138,0,1138
1471,2012,1138,0,1138
1471,2013,1138,0,1138
1472,1998,1133,0,1133
1472,1999,1133,0,1133
1472,2000,1133,0,1133
1472,2001,1133,0,1133
1472,2002,1133,0,1133
1472,2003,1133,0,1133
1472,2004,1133,0,1133
1472,2005,1133,0,1133
1472,2006,1133,0,1133
1472,2007,1133,0,1133
1472,2008,1133,0,1133
1472,2009,1133,0,1133
1472,2010,1133,0,1133
1472,2011,1133,0,1133
1472,2012,1133,0,1133
1472,2013,1133,0,1133
1472,2014,1133,0,1133
1472,2015,1133,0,1133
1472,2016,1133,0,1133
1472,2017,1133,0,1133
1472,2018,1133,0,1133
1472,2019,1133,0,1133
1473,1998,1131,0,1131
1473,1999,1131,0,1131
1473,2000,1131,0,1131
1473,2001,1131,0,1131
1473,2002,1131,0,1131
1473,2003,1131,0,1131
1473,2004,1131,0,1131
1473,2005,1131,0,1131
1473,2006,1131,0,1131
1473,2007,1131,0,1131
1473,2008,1131,0,1131
1474,1998,155,0,155
1474,1999,155,0,155
1474,2000,155,0,155
1474,2001,254,0,254
1474,2002,254,0,254
1474,2003,317,0,317
1474,2004,316,0,316
1474,2005,795,0,795
1474,2006,795,0,795
1474,2007,795,0,795
1474,2008,1128,0,1128
1474,2009,1128,0,1128
1474,2010,1128,0,1128
1474,2011,1128,0,1128
1474,2012,1128,0,1128
1474,2013,1128,0,1128
1474,2014,1128,0,1128
1474,2015,1128,0,1128
1474,2016,1128,0,1128
1474,2017,1128,0,1128
1474,2018,1128,0,1128
1474,2019,1128,0,1128
1475,1998,1114,0,1114
1475,1999,1114,0,1114
1475,2000,1115,0,1115
1475,2001,1115,0,1115
1475,2002,1127,0,1127
1475,2003,1127,0,1127
1475,2004,1127,0,1127
1475,2005,1127,0,1127
1475,2006,1127,0,1127
1475,2007,1127,0,1127
1475,2008,1127,0,1127
1475,2009,1127,0,1127
1475,2010,1127,0,1127
1475,2011,1127,0,1127
1475,2012,1127,0,1127
1475,2013,1127,0,1127
1475,2014,1127,0,1127
1475,2015,1127,0,1127
1475,2016,1127,0,1127
1475,2017,1127,0,1127
1475,2018,1127,0,1127
1475,2019,1127,0,1127
1476,1998,1120,0,1120
1476,1999,1120,0,1120
1476,2000,1120,0,1120
1476,2001,1120,0,1120
1476,2002,1120,0,1120
1476,2003,1120,0,1120
1476,2004,1120,0,1120
1476,2005,1120,0,1120
1476,2006,1107,0,1107
1476,2007,1107,0,1107
1476,2008,1107,0,1107
1476,2009,1107,0,1107
1476,2010,1107,0,1107
1476,2011,1107,0,1107
1476,2012,1107,0,1107
1476,2013,1107,0,1107
1476,2014,1107,0,1107
1476,2015,1107,0,1107
1476,2016,1107,0,1107
1476,2017,1107,0,1107
1476,2018,1107,0,1107
1476,2019,1107,0,1107
1477,2006,1098,0,1098
1477,2007,1098,0,1098
1477,2008,1098,0,1098
1477,2009,1098,0,1098
1477,2010,1112,0,1112
1477,2011,1112,0,1112
1477,2012,1098,0,1098
1477,2013,1098,0,1098
1477,2014,1098,0,1098
1477,2015,1098,0,1098
1478,2012,1112,0,1112
1479,2007,1112,0,1112
1479,2008,1112,0,1112
1479,2009,1112,0,1112
1480,2006,1112,0,1112
1481,2001,1110,0,1110
1481,2002,1110,0,1110
1481,2003,1110,0,1110
1482,1999,1110,0,1110
1483,2019,1109,0,1109
1484,2017,1109,0,1109
1485,2013,1109,0,1109
1486,1999,1108,0,1108
1487,1998,0,672,672
1487,1999,0,886,886
1487,2000,0,886,886
1487,2001,0,1099,1099
1487,2002,0,1099,1099
1487,2003,0,1099,1099
1487,2004,0,1099,1099
1487,2005,0,1099,1099
1487,2006,0,1099,1099
1487,2007,0,1099,1099
1487,2008,0,1099,1099
1487,2009,0,1099,1099
1487,2010,0,1099,1099
1487,2011,0,1099,1099
1487,2012,0,1099,1099
1487,2013,0,1099,1099
1487,2014,0,1099,1099
1487,2015,0,1099,1099
1487,2016,0,1099,1099
1487,2017,0,1099,1099
1487,2018,0,1099,1099
1487,2019,0,1099,1099
1488,2006,1092,0,1092
1489,1998,1092,0,1092
1490,2014,1091,0,1091
1490,2015,1091,0,1091
1491,2000,1057,0,1057
1491,2001,1057,0,1057
1491,2002,1057,0,1057
1491,2003,1091,0,1091
1491,2004,1091,0,1091
1491,2005,1091,0,1091
1492,2012,1087,0,1087
1492,2013,1087,0,1087
1493,2004,1084,0,1084
1494,1998,1082,0,1082
1494,1999,1082,0,1082
1494,2000,1082,0,1082
1494,2001,1082,0,1082
1494,2002,1082,0,1082
1494,2003,1082,0,1082
1494,2004,1082,0,1082
1494,2005,1082,0,1082
1494,2006,1082,0,1082
1494,2007,1082,0,1082
1494,2008,1082,0,1082
1494,2009,1082,0,1082
1494,2010,1082,0,1082
1494,2011,1082,0,1082
1494,2012,1082,0,1082
1494,2013,1082,0,1082
1494,2014,1082,0,1082
1494,2015,1082,0,1082
1494,2016,1082,0,1082
1494,2017,1082,0,1082
1494,2018,1082,0,1082
1494,2019,1082,0,1082
1495,2017,1077,0,1077
1495,2018,466,0,466
1496,2016,544,0,544
1496,2017,1077,0,1077
1496,2018,1077,0,1077
1497,2007,1077,0,1077
1497,2008,1077,0,1077
1497,2009,1077,0,1077
1497,2010,1077,0,1077
1498,2004,1077,0,1077
1499,2014,1070,0,1070
1500,1998,1068,0,1068
1501,2004,1066,0,1066
1502,1998,1066,0,1066
1503,1998,1065,0,1065
1503,1999,1065,0,1065
1503,2000,1065,0,1065
1503,2001,1065,0,1065
1503,2002,1065,0,1065
1503,2003,1065,0,1065
1503,2004,1065,0,1065
1503,2005,1065,0,1065
1503,2006,1065,0,1065
1503,2007,1065,0,1065
1503,2008,1065,0,1065
1503,2009,1065,0,1065
1503,2010,1065,0,1065
1503,2011,1065,0,1065
1503,2012,1065,0,1065
1503,2013,1065,0,1065
1503,2014,1065,0,1065
1503,2015,1050,0,1050
1504,2015,1062,0,1062
1504,2016,1062,0,1062
1504,2017,1062,0,1062
1504,2018,1062,0,1062
1504,2019,1062,0,1062
1505,2007,1058,0,1058
1505,2008,923,0,923
1505,2009,923,0,923
1505,2010,923,0,923
1505,2011,923,0,923
1505,2012,958,0,958
1505,2013,958,0,958
1505,2014,958,0,958
1505,2015,958,0,958
1506,2003,0,1050,1050
1507,2003,1049,0,1049
1507,2004,1049,0,1049
1507,2005,698,0,698
1507,2006,762,0,762
1507,2007,762,0,762
1507,2008,762,0,762
1507,2009,762,0,762
1507,2010,844,0,844
1508,1998,0,1048,1048
1509,2001,971,0,971
1509,2002,1044,0,1044
1509,2003,1044,0,1044
1509,2004,1044,0,1044
1509,2005,1044,0,1044
1509,2006,1044,0,1044
1510,1998,1044,0,1044
1510,1999,1044,0,1044
1511,2001,1042,0,1042
1511,2002,1042,0,1042
1511,2003,1042,0,1042
1511,2004,1042,0,1042
1511,2005,1042,0,1042
1511,2006,1042,0,1042
1511,2007,1042,0,1042
1511,2008,1042,0,1042
1511,2009,1042,0,1042
1511,2010,1042,0,1042
1511,2011,1042,0,1042
1511,2012,1042,0,1042
1511,2013,1042,0,1042
1511,2014,1042,0,1042
1511,2015,1042,0,1042
1511,2016,1042,0,1042
1511,2017,1042,0,1042
1511,2018,1042,0,1042
1511,2019,1042,0,1042
1512,1998,1042,0,1042
1512,1999,1042,0,1042
1512,2000,1042,0,1042
1512,2001,1042,0,1042
1512,2002,1042,0,1042
1512,2003,1042,0,1042
1512,2004,1042,0,1042
1512,2005,1042,0,1042
1512,2006,1042,0,1042
1512,2007,1042,0,1042
1512,2008,1042,0,1042
1512,2009,1042,0,1042
1512,2010,1042,0,1042
1512,2011,1042,0,1042
1512,2012,1042,0,1042
1512,2013,1042,0,1042
1512,2014,1042,0,1042
1512,2015,1042,0,1042
1512,2016,1042,0,1042
1512,2017,1042,0,1042
1512,2018,1042,0,1042
1512,2019,1042,0,1042
1513,1998,1035,0,1035
1513,1999,1035,0,1035
1513,2000,1035,0,1035
1513,2001,1035,0,1035
1513,2002,1035,0,1035
1513,2003,1035,0,1035
1513,2004,1035,0,1035
1513,2005,1035,0,1035
1513,2006,1035,0,1035
1513,2007,1035,0,1035
1513,2008,1035,0,1035
1513,2009,1035,0,1035
1513,2010,1035,0,1035
1513,2011,1037,0,1037
1513,2012,1037,0,1037
1513,2013,1037,0,1037
1513,2014,1037,0,1037
1513,2015,1037,0,1037
1513,2016,1037,0,1037
1513,2017,1037,0,1037
1513,2018,1037,0,1037
1513,2019,1037,0,1037
1514,2018,1036,0,1036
1515,2010,1036,0,1036
1516,1998,1035,0,1035
1516,1999,1035,0,1035
1516,2000,1035,0,1035
1516,2001,1035,0,1035
1516,2002,1035,0,1035
1516,2003,1035,0,1035
1516,2004,1035,0,1035
1516,2005,1035,0,1035
1516,2006,1035,0,1035
1516,2007,1035,0,1035
1516,2008,1035,0,1035
1516,2009,1035,0,1035
1516,2010,1035,0,1035
1516,2011,1035,0,1035
1516,2012,1035,0,1035
1516,2013,1035,0,1035
1516,2014,1035,0,1035
1516,2015,1035,0,1035
1516,2016,1035,0,1035
1516,2017,1035,0,1035
1516,2018,1035,0,1035
1516,2019,1035,0,1035
1517,1999,1034,0,1034
1518,2000,1033,0,1033
1519,1998,1033,0,1033
1520,2008,983,0,983
1520,2009,1031,0,1031
1521,2005,1030,0,1030
1522,1998,1029,0,1029
1522,1999,1029,0,1029
1522,2000,1029,0,1029
1522,2001,1029,0,1029
1522,2002,1029,0,1029
1522,2003,1029,0,1029
1522,2004,1029,0,1029
1522,2005,1029,0,1029
1522,2006,1029,0,1029
1522,2007,1029,0,1029
1522,2008,1029,0,1029
1522,2009,1029,0,1029
1522,2010,1029,0,1029
1522,2011,1029,0,1029
1522,2012,1029,0,1029
1522,2013,1029,0,1029
1522,2014,1029,0,1029
1522,2015,1029,0,1029
1522,2016,1029,0,1029
1522,2017,1029,0,1029
1522,2018,1029,0,1029
1522,2019,1029,0,1029
1523,2017,1029,0,1029
1523,2018,1029,0,1029
1524,2010,1029,0,1029
1524,2011,1029,0,1029
1524,2012,1029,0,1029
1524,2013,1029,0,1029
1525,2002,1027,0,1027
1525,2003,679,0,679
1525,2004,679,0,679
1525,2005,679,0,679
1526,2006,1023,0,1023
1527,1999,0,1016,1016
1528,2009,1013,0,1013
1529,1998,1011,0,1011
1529,1999,1011,0,1011
1529,2000,1011,0,1011
1529,2001,1011,0,1011
1529,2002,1011,0,1011
1529,2003,1011,0,1011
1529,2004,1011,0,1011
1529,2005,1011,0,1011
1529,2006,1011,0,1011
1529,2007,1011,0,1011
1529,2008,1011,0,1011
1529,2009,1011,0,1011
1529,2010,1011,0,1011
1529,2011,1011,0,1011
1529,2012,1011,0,1011
1529,2013,1011,0,1011
1529,2014,1011,0,1011
1529,2015,1011,0,1011
1529,2016,1011,0,1011
1529,2017,1011,0,1011
1529,2018,1011,0,1011
1529,2019,1011,0,1011
1530,1998,1007,0,1007
1530,1999,1007,0,1007
1530,2000,1007,0,1007
1530,2001,1007,0,1007
1530,2002,1007,0,1007
1530,2003,1007,0,1007
1530,2004,1007,0,1007
1530,2005,1007,0,1007
1530,2006,1007,0,1007
1530,2007,1007,0,1007
1530,2008,1007,0,1007
1530,2009,1007,0,1007
1530,2010,1007,0,1007
1530,2011,1007,0,1007
1530,2012,1007,0,1007
1530,2013,1007,0,1007
1530,2014,1007,0,1007
1530,2015,1007,0,1007
1530,2016,1007,0,1007
1530,2017,1007,0,1007
1530,2018,1007,0,1007
1530,2019,1007,0,1007
1531,2003,1006,0,1006
1531,2004,1006,0,1006
1531,2005,1006,0,1006
1532,2004,1005,0,1005
1533,2001,1005,0,1005
1533,2002,1005,0,1005
1534,2019,1004,0,1004
1535,1998,1000,0,1000
1535,1999,1000,0,1000
1535,2000,1000,0,1000
1535,2001,1000,0,1000
1535,2002,1000,0,1000
1535,2003,1000,0,1000
1535,2004,1000,0,1000
1535,2005,1000,0,1000
1535,2006,1000,0,1000
1535,2007,1000,0,1000
1535,2008,1003,0,1003
1535,2009,1003,0,1003
1535,2010,1003,0,1003
1535,2011,1003,0,1003
1535,2012,1003,0,1003
1535,2013,1003,0,1003
1535,2014,1003,0,1003
1535,2015,1003,0,1003
1535,2016,1003,0,1003
1535,2017,1003,0,1003
1535,2018,1003,0,1003
1535,2019,1003,0,1003
1536,2019,998,0,998
1537,2016,998,0,998
1538,2012,998,0,998
1538,2013,998,0,998
1538,2014,998,0,998
1539,2010,998,0,998
1540,2008,998,0,998
1541,2002,998,0,998
1541,2003,998,0,998
1541,2004,998,0,998
1541,2005,998,0,998
1542,2016,997,0,997
1542,2017,997,0,997
1542,2018,997,0,997
1543,2006,997,0,997
1544,2010,996,0,996
1544,2011,996,0,996
1544,2012,996,0,996
1544,2013,996,0,996
1544,2014,996,0,996
1544,2015,996,0,996
1544,2016,996,0,996
1544,2017,996,0,996
1544,2018,996,0,996
1544,2019,996,0,996
1545,2002,996,0,996
1545,2003,996,0,996
1545,2004,996,0,996
1545,2005,996,0,996
1545,2006,996,0,996
1545,2007,996,0,996
1545,2008,996,0,996
1546,2018,995,0,995
1547,1998,993,0,993
1547,1999,993,0,993
1547,2000,993,0,993
1547,2001,993,0,993
1547,2002,993,0,993
1547,2003,993,0,993
1547,2004,993,0,993
1547,2005,993,0,993
1547,2006,993,0,993
1547,2007,993,0,993
1547,2008,993,0,993
1547,2009,993,0,993
1547,2010,993,0,993
1547,2011,993,0,993
1547,2012,993,0,993
1547,2013,993,0,993
1547,2014,993,0,993
1547,2015,993,0,993
1547,2016,993,0,993
1547,2017,993,0,993
1547,2018,993,0,993
1547,2019,993,0,993
1548,1998,989,0,989
1548,1999,989,0,989
1548,2000,989,0,989
1548,2001,989,0,989
1548,2002,989,0,989
1548,2003,989,0,989
1548,2004,991,0,991
1548,2005,991,0,991
1548,2006,991,0,991
1548,2007,991,0,991
1548,2008,991,0,991
1548,2009,991,0,991
1548,2010,991,0,991
1548,2011,991,0,991
1548,2012,991,0,991
1548,2013,991,0,991
1548,2014,991,0,991
1548,2015,991,0,991
1548,2016,991,0,991
1548,2017,991,0,991
1549,2018,990,0,990
1550,1998,983,0,983
1550,1999,983,0,983
1550,2000,983,0,983
1550,2001,983,0,983
1550,2002,983,0,983
1550,2003,983,0,983
1550,2004,983,0,983
1550,2005,983,0,983
1550,2006,983,0,983
1551,2006,982,0,982
1551,2007,982,0,982
1551,2008,982,0,982
1551,2009,982,0,982
1551,2010,982,0,982
1551,2011,982,0,982
1551,2012,982,0,982
1551,2013,982,0,982
1551,2014,982,0,982
1551,2015,982,0,982
1551,2016,982,0,982
1551,2017,982,0,982
1551,2018,982,0,982
1551,2019,982,0,982
1552,1998,970,0,970
1552,1999,970,0,970
1552,2000,970,0,970
1552,2001,980,0,980
1553,2005,0,714,714
1553,2006,0,898,898
1553,2007,0,898,898
1553,2008,0,898,898
1553,2009,0,898,898
1553,2010,0,928,928
1553,2011,0,928,928
1553,2012,0,928,928
1553,2013,0,928,928
1553,2014,0,928,928
1553,2015,0,974,974
1553,2016,0,974,974
1553,2017,0,974,974
1553,2018,0,974,974
1553,2019,0,974,974
1554,1998,971,0,971
1554,1999,971,0,971
1554,2000,972,0,972
1554,2001,972,0,972
1554,2002,972,0,972
1554,2003,972,0,972
1554,2004,972,0,972
1554,2005,972,0,972
1554,2006,972,0,972
1554,2007,972,0,972
1554,2008,972,0,972
1554,2009,972,0,972
1555,2017,965,0,965
1555,2018,965,0,965
1556,2019,960,0,960
1557,2013,960,0,960
1557,2014,960,0,960
1557,2015,960,0,960
1557,2016,960,0,960
1558,2009,960,0,960
1558,2010,960,0,960
1559,2001,960,0,960
1559,2002,960,0,960
1559,2003,960,0,960
1560,1998,960,0,960
1560,1999,960,0,960
1561,1998,959,0,959
1561,1999,959,0,959
1561,2000,959,0,959
1561,2001,959,0,959
1561,2002,959,0,959
1561,2003,959,0,959
1561,2004,959,0,959
1561,2005,959,0,959
1561,2006,959,0,959
1561,2007,959,0,959
1561,2008,959,0,959
1561,2009,959,0,959
1561,2010,959,0,959
1561,2011,959,0,959
1561,2012,959,0,959
1561,2013,959,0,959
1561,2014,959,0,959
1561,2015,959,0,959
1561,2016,959,0,959
1561,2017,959,0,959
1561,2018,959,0,959
1561,2019,959,0,959
1562,2010,958,0,958
1562,2011,958,0,958
1562,2012,958,0,958
1562,2013,958,0,958
1562,2014,958,0,958
1562,2015,958,0,958
1562,2016,958,0,958
1562,2017,958,0,958
1562,2018,958,0,958
1562,2019,958,0,958
1563,2019,957,0,957
1564,2012,957,0,957
1565,2004,957,0,957
1565,2005,957,0,957
1565,2006,957,0,957
1565,2007,957,0,957
1565,2008,957,0,957
1565,2009,957,0,957
1565,2010,957,0,957
1566,1999,956,0,956
1566,2000,957,0,957
1566,2001,957,0,957
1567,1998,956,0,956
1567,1999,956,0,956
1567,2000,956,0,956
1567,2001,956,0,956
1567,2002,956,0,956
1567,2003,956,0,956
1567,2004,956,0,956
1567,2005,956,0,956
1567,2006,956,0,956
1567,2007,956,0,956
1567,2008,956,0,956
1567,2009,956,0,956
1567,2010,956,0,956
1567,2011,956,0,956
1567,2012,956,0,956
1567,2013,956,0,956
1567,2014,956,0,956
1567,2015,956,0,956
1567,2016,956,0,956
1567,2017,956,0,956
1567,2018,956,0,956
1567,2019,956,0,956
1568,1998,934,0,934
1569,1999,932,0,932
1570,2010,832,0,832
1570,2011,832,0,832
1570,2012,832,0,832
1570,2013,832,0,832
1570,2014,832,0,832
1570,2015,832,0,832
1570,2016,832,0,832
1570,2017,922,0,922
1570,2018,922,0,922
1570,2019,922,0,922
1571,1998,896,0,896
1571,1999,896,0,896
1571,2000,896,0,896
1571,2001,896,0,896
1571,2002,896,0,896
1571,2003,896,0,896
1571,2004,896,0,896
1571,2005,896,0,896
1571,2006,896,0,896
1571,2007,896,0,896
1571,2008,896,0,896
1571,2009,921,0,921
1571,2010,921,0,921
1571,2011,921,0,921
1571,2012,921,0,921
1571,2013,921,0,921
1571,2014,921,0,921
1571,2015,921,0,921
1571,2016,921,0,921
1571,2017,921,0,921
1571,2018,921,0,921
1571,2019,921,0,921
1572,2016,918,0,918
1572,2017,918,0,918
1573,2013,918,0,918
1573,2014,918,0,918
1574,1998,907,0,907
1574,1999,907,0,907
1574,2000,907,0,907
1574,2001,907,0,907
1574,2002,907,0,907
1574,2003,907,0,907
1574,2004,907,0,907
1574,2005,907,0,907
1574,2006,907,0,907
1574,2007,907,0,907
1574,2008,907,0,907
1574,2009,907,0,907
1574,2010,907,0,907
1574,2011,907,0,907
1574,2012,907,0,907
1574,2013,907,0,907
1574,2014,907,0,907
1574,2015,907,0,907
1574,2016,907,0,907
1574,2017,907,0,907
1574,2018,907,0,907
1574,2019,907,0,907
1575,1998,906,0,906
1575,1999,906,0,906
1575,2000,906,0,906
1575,2001,906,0,906
1575,2002,906,0,906
1575,2003,906,0,906
1575,2004,906,0,906
1575,2005,906,0,906
1575,2006,907,0,907
1575,2007,907,0,907
1575,2008,907,0,907
1575,2009,907,0,907
1575,2010,907,0,907
1575,2011,907,0,907
1575,2012,907,0,907
1575,2013,907,0,907
1575,2014,907,0,907
1575,2015,907,0,907
1575,2016,907,0,907
1575,2017,907,0,907
1575,2018,907,0,907
1575,2019,907,0,907
1576,2010,904,0,904
1577,1998,899,0,899
1577,1999,899,0,899
1577,2000,899,0,899
1577,2001,899,0,899
1578,1998,719,0,719
1578,1999,719,0,719
1578,2000,895,0,895
1579,2018,893,0,893
1579,2019,893,0,893
1580,1998,863,0,863
1580,1999,863,0,863
1580,2000,863,0,863
1580,2001,863,0,863
1580,2002,863,0,863
1580,2003,863,0,863
1580,2004,892,0,892
1580,2005,892,0,892
1580,2006,892,0,892
1580,2007,892,0,892
1581,2006,887,0,887
1581,2007,887,0,887
1581,2008,880,0,880
1582,1998,662,0,662
1582,1999,662,0,662
1582,2000,662,0,662
1582,2001,662,0,662
1582,2002,662,0,662
1582,2003,662,0,662
1582,2004,642,0,642
1582,2005,642,0,642
1582,2006,642,0,642
1582,2007,642,0,642
1582,2008,642,0,642
1582,2009,642,0,642
1582,2010,642,0,642
1582,2011,642,0,642
1582,2012,642,0,642
1582,2013,642,0,642
1582,2014,642,0,642
1582,2015,642,0,642
1582,2016,886,0,886
1582,2017,836,0,836
1582,2018,886,0,886
1582,2019,886,0,886
1583,2009,885,0,885
1583,2010,885,0,885
1583,2011,885,0,885
1583,2012,885,0,885
1583,2013,885,0,885
1583,2014,885,0,885
1583,2015,885,0,885
1583,2016,885,0,885
1583,2017,885,0,885
1583,2018,885,0,885
1583,2019,885,0,885
1584,1998,833,0,833
1584,1999,833,0,833
1584,2000,727,0,727
1584,2001,727,0,727
1584,2002,651,0,651
1584,2003,651,0,651
1584,2004,651,0,651
1584,2005,885,0,885
1584,2006,885,0,885
1584,2007,885,0,885
1584,2008,885,0,885
1584,2009,885,0,885
1584,2010,885,0,885
1584,2011,885,0,885
1584,2012,885,0,885
1584,2013,885,0,885
1584,2014,885,0,885
1584,2015,885,0,885
1584,2016,885,0,885
1584,2017,885,0,885
1584,2018,885,0,885
1584,2019,885,0,885
1585,2004,885,0,885
1585,2005,885,0,885
1586,2000,885,0,885
1587,1998,864,0,864
1587,1999,864,0,864
1587,2000,864,0,864
1587,2001,864,0,864
1587,2002,864,0,864
1587,2003,864,0,864
1587,2004,864,0,864
1587,2005,864,0,864
1587,2006,864,0,864
1587,2007,864,0,864
1587,2008,864,0,864
1587,2009,864,0,864
1587,2010,864,0,864
1587,2011,864,0,864
1587,2012,864,0,864
1587,2013,864,0,864
1587,2014,864,0,864
1587,2015,864,0,864
1587,2016,864,0,864
1587,2017,864,0,864
1587,2018,864,0,864
1587,2019,864,0,864
1588,2002,862,0,862
1588,2003,862,0,862
1588,2004,862,0,862
1588,2005,862,0,862
1588,2006,821,0,821
1589,1998,862,0,862
1589,1999,862,0,862
1589,2000,862,0,862
1590,2018,857,0,857
1590,2019,857,0,857
1591,2001,857,0,857
1591,2002,857,0,857
1591,2003,857,0,857
1591,2004,857,0,857
1591,2005,857,0,857
1591,2006,857,0,857
1591,2007,857,0,857
1591,2008,857,0,857
1591,2009,857,0,857
1591,2010,857,0,857
1591,2011,857,0,857
1591,2012,857,0,857
1591,2013,857,0,857
1591,2014,857,0,857
1591,2015,857,0,857
1591,2016,857,0,857
1592,2001,854,0,854
1593,2018,849,0,849
1594,2008,849,0,849
1594,2009,849,0,849
1595,1998,848,0,848
1595,1999,848,0,848
1595,2000,848,0,848
1595,2001,848,0,848
1595,2002,848,0,848
1595,2003,848,0,848
1595,2004,848,0,848
1595,2005,848,0,848
1595,2006,848,0,848
1595,2007,848,0,848
1595,2008,848,0,848
1595,2009,848,0,848
1595,2010,848,0,848
1595,2011,848,0,848
1595,2012,848,0,848
1595,2013,848,0,848
1595,2014,848,0,848
1595,2015,848,0,848
1595,2016,848,0,848
1595,2017,848,0,848
1595,2018,848,0,848
1595,2019,848,0,848
1596,2016,847,0,847
1597,2012,847,0,847
1597,2013,847,0,847
1597,2014,847,0,847
1598,2001,847,0,847
1599,1998,846,0,846
1599,1999,846,0,846
1599,2000,846,0,846
1599,2001,846,0,846
1599,2002,846,0,846
1599,2003,846,0,846
1599,2004,846,0,846
1599,2005,846,0,846
1599,2006,846,0,846
1599,2007,846,0,846
1599,2008,846,0,846
1599,2009,846,0,846
1599,2010,846,0,846
1599,2011,846,0,846
1599,2012,846,0,846
1599,2013,846,0,846
1599,2014,846,0,846
1599,2015,846,0,846
1599,2016,846,0,846
1599,2017,846,0,846
1599,2018,846,0,846
1599,2019,846,0,846
1600,1998,845,0,845
1600,1999,845,0,845
1600,2000,845,0,845
1600,2001,845,0,845
1600,2002,845,0,845
1600,2003,845,0,845
1600,2004,845,0,845
1600,2005,845,0,845
1600,2006,845,0,845
1600,2007,845,0,845
1600,2008,845,0,845
1600,2009,845,0,845
1600,2010,845,0,845
1600,2011,845,0,845
1600,2012,845,0,845
1600,2013,845,0,845
1600,2014,845,0,845
1600,2015,845,0,845
1600,2016,845,0,845
1600,2017,845,0,845
1600,2018,845,0,845
1600,2019,845,0,845
1601,1998,844,0,844
1601,1999,844,0,844
1601,2000,844,0,844
1601,2001,844,0,844
1601,2002,844,0,844
1601,2003,844,0,844
1601,2004,844,0,844
1601,2005,844,0,844
1601,2006,844,0,844
1601,2007,844,0,844
1601,2008,844,0,844
1601,2009,844,0,844
1601,2010,844,0,844
1601,2011,844,0,844
1601,2012,844,0,844
1601,2013,844,0,844
1601,2014,844,0,844
1601,2015,844,0,844
1601,2016,844,0,844
1601,2017,844,0,844
1601,2018,844,0,844
1601,2019,844,0,844
1602,2002,0,837,837
1602,2003,0,837,837
1602,2004,0,837,837
1602,2005,0,837,837
1602,2006,0,837,837
1602,2007,0,837,837
1602,2008,0,837,837
1602,2009,0,837,837
1602,2010,0,837,837
1602,2011,0,839,839
1603,2000,838,0,838
1603,2001,838,0,838
1603,2002,838,0,838
1604,1999,0,728,728
1604,2000,0,837,837
1604,2001,0,837,837
1604,2002,0,837,837
1605,2007,834,0,834
1605,2008,834,0,834
1606,2003,834,0,834
1607,2007,833,0,833
1607,2008,833,0,833
1607,2009,833,0,833
1607,2010,833,0,833
1607,2011,833,0,833
1607,2012,833,0,833
1607,2013,833,0,833
1607,2014,833,0,833
1607,2015,833,0,833
1607,2016,833,0,833
1607,2017,833,0,833
1607,2018,833,0,833
1607,2019,833,0,833
1608,1998,832,0,832
1608,1999,832,0,832
1608,2000,832,0,832
1608,2001,832,0,832
1608,2002,832,0,832
1608,2003,832,0,832
1608,2004,832,0,832
1608,2005,832,0,832
1608,2006,832,0,832
1608,2007,832,0,832
1608,2008,832,0,832
1608,2009,832,0,832
1608,2010,832,0,832
1608,2011,832,0,832
1608,2012,832,0,832
1608,2013,832,0,832
1608,2014,832,0,832
1608,2015,832,0,832
1608,2016,832,0,832
1608,2017,832,0,832
1608,2018,832,0,832
1608,2019,832,0,832
1609,2011,831,0,831
1609,2012,817,0,817
1609,2013,817,0,817
1609,2014,817,0,817
1609,2015,817,0,817
1610,2017,821,0,821
1610,2018,821,0,821
1610,2019,821,0,821
1611,2018,816,0,816
1612,2015,813,0,813
1613,1998,799,0,799
1613,1999,799,0,799
1613,2000,799,0,799
1613,2001,799,0,799
1613,2002,813,0,813
1613,2003,813,0,813
1613,2004,813,0,813
1613,2005,813,0,813
1613,2006,813,0,813
1613,2007,813,0,813
1613,2008,813,0,813
1613,2009,813,0,813
1613,2010,813,0,813
1613,2011,813,0,813
1613,2012,813,0,813
1613,2013,813,0,813
1614,2019,811,0,811
1615,1999,809,0,809
1615,2000,809,0,809
1615,2001,809,0,809
1615,2002,809,0,809
1615,2003,809,0,809
1615,2004,809,0,809
1615,2005,809,0,809
1615,2006,809,0,809
1615,2007,809,0,809
1615,2008,808,0,808
1616,2018,808,0,808
1616,2019,808,0,808
1617,2011,808,0,808
1617,2012,808,0,808
1617,2013,808,0,808
1617,2014,808,0,808
1617,2015,808,0,808
1617,2016,808,0,808
1618,1999,0,803,803
1619,2003,796,0,796
1619,2004,796,0,796
1619,2005,796,0,796
1619,2006,796,0,796
1620,1998,790,0,790
1620,1999,790,0,790
1620,2000,796,0,796
1620,2001,796,0,796
1621,2006,159,0,159
1621,2007,159,0,159
1621,2008,159,0,159
1621,2009,159,0,159
1621,2010,159,0,159
1621,2011,159,0,159
1621,2012,790,0,790
1621,2013,790,0,790
1622,2014,788,0,788
1622,2015,788,0,788
1622,2016,788,0,788
1622,2017,788,0,788
1622,2018,788,0,788
1623,2009,788,0,788
1623,2010,788,0,788
1624,2001,788,0,788
1624,2002,788,0,788
1624,2003,788,0,788
1624,2004,788,0,788
1624,2005,788,0,788
1625,2000,788,0,788
1626,1998,786,0,786
1626,1999,786,0,786
1626,2000,786,0,786
1626,2001,786,0,786
1626,2002,786,0,786
1626,2003,786,0,786
1626,2004,786,0,786
1626,2005,786,0,786
1627,2010,785,0,785
1627,2011,785,0,785
1627,2012,785,0,785
1627,2013,785,0,785
1627,2014,785,0,785
1627,2015,785,0,785
1627,2016,785,0,785
1627,2017,785,0,785
1627,2018,785,0,785
1627,2019,785,0,785
1628,2012,784,0,784
1628,2013,784,0,784
1628,2014,784,0,784
1628,2015,784,0,784
1628,2016,784,0,784
1628,2017,784,0,784
1628,2018,784,0,784
1628,2019,784,0,784
1629,1998,784,0,784
1629,1999,784,0,784
1629,2000,784,0,784
1629,2001,784,0,784
1629,2002,784,0,784
1629,2003,784,0,784
1629,2004,784,0,784
1629,2005,784,0,784
1629,2006,784,0,784
1629,2007,784,0,784
1629,2008,784,0,784
1629,2009,784,0,784
1629,2010,784,0,784
1629,2011,784,0,784
1629,2012,784,0,784
1629,2013,784,0,784
1629,2014,784,0,784
1629,2015,784,0,784
1629,2016,784,0,784
1629,2017,784,0,784
1629,2018,784,0,784
1629,2019,784,0,784
1630,1998,0,780,780
1631,2000,778,0,778
1631,2001,778,0,778
1631,2002,778,0,778
1631,2003,778,0,778
1631,2004,778,0,778
1632,2014,776,0,776
1632,2015,776,0,776
1632,2016,776,0,776
1632,2017,776,0,776
1632,2018,776,0,776
1632,2019,776,0,776
1633,1998,775,0,775
1633,1999,775,0,775
1633,2000,775,0,775
1634,2010,774,0,774
1635,2002,774,0,774
1636,1998,774,0,774
1636,1999,774,0,774
1636,2000,774,0,774
1637,2000,773,0,773
1637,2001,773,0,773
1637,2002,773,0,773
1637,2003,773,0,773
1637,2004,773,0,773
1637,2005,773,0,773
1637,2006,773,0,773
1637,2007,773,0,773
1637,2008,773,0,773
1637,2009,773,0,773
1637,2010,773,0,773
1637,2011,773,0,773
1637,2012,773,0,773
1637,2013,773,0,773
1637,2014,773,0,773
1637,2015,773,0,773
1637,2016,773,0,773
1637,2017,773,0,773
1637,2018,773,0,773
1637,2019,773,0,773
1638,1998,773,0,773
1639,2007,764,0,764
1639,2008,537,0,537
1639,2009,537,0,537
1639,2010,537,0,537
1639,2011,537,0,537
1639,2012,537,0,537
1640,1998,762,0,762
1640,1999,762,0,762
1640,2000,762,0,762
1640,2001,762,0,762
1640,2002,762,0,762
1640,2003,762,0,762
1640,2004,762,0,762
1640,2005,762,0,762
1640,2006,762,0,762
1640,2007,762,0,762
1640,2008,762,0,762
1640,2009,762,0,762
1640,2010,762,0,762
1640,2011,762,0,762
1640,2012,762,0,762
1640,2013,762,0,762
1640,2014,762,0,762
1640,2015,762,0,762
1640,2016,762,0,762
1640,2017,762,0,762
1640,2018,762,0,762
1640,2019,762,0,762
1641,2014,759,0,759
1641,2015,759,0,759
1641,2016,759,0,759
1641,2017,759,0,759
1641,2018,759,0,759
1642,2012,754,0,754
1642,2013,754,0,754
1642,2014,754,0,754
1642,2015,754,0,754
1642,2016,754,0,754
1642,2017,754,0,754
1642,2018,754,0,754
1642,2019,754,0,754
1643,1999,752,0,752
1644,2000,382,0,382
1644,2001,751,0,751
1644,2002,382,0,382
1645,2016,750,0,750
1645,2017,750,0,750
1645,2018,239,0,239
1645,2019,239,0,239
1646,2008,239,0,239
1646,2009,239,0,239
1646,2010,239,0,239
1646,2011,239,0,239
1646,2012,725,0,725
1646,2013,725,0,725
1646,2014,750,0,750
1647,2008,748,0,748
1647,2009,748,0,748
1647,2010,748,0,748
1647,2011,748,0,748
1647,2012,748,0,748
1647,2013,748,0,748
1647,2014,748,0,748
1647,2015,748,0,748
1647,2016,748,0,748
1647,2017,748,0,748
1647,2018,748,0,748
1647,2019,748,0,748
1648,2004,748,0,748
1649,2007,745,0,745
1650,2009,738,0,738
1651,2005,738,0,738
1651,2006,738,0,738
1651,2007,738,0,738
1652,1998,738,0,738
1652,1999,738,0,738
1652,2000,738,0,738
1652,2001,738,0,738
1652,2002,738,0,738
1652,2003,738,0,738
1653,1998,551,0,551
1653,1999,551,0,551
1653,2000,551,0,551
1653,2001,551,0,551
1653,2002,738,0,738
1654,1999,0,736,736
1654,2000,0,736,736
1654,2001,0,736,736
1654,2002,0,736,736
1654,2003,0,736,736
1654,2004,0,736,736
1654,2005,0,736,736
1654,2006,0,736,736
1654,2007,0,736,736
1654,2008,0,736,736
1654,2009,0,736,736
1654,2010,0,736,736
1654,2011,0,736,736
1654,2012,0,736,736
1654,2013,0,736,736
1654,2014,0,736,736
1654,2015,0,736,736
1654,2016,0,736,736
1654,2017,0,736,736
1654,2018,0,736,736
1654,2019,0,736,736
1655,1998,734,0,734
1655,1999,734,0,734
1655,2000,734,0,734
1655,2001,734,0,734
1655,2002,734,0,734
1655,2003,734,0,734
1655,2004,734,0,734
1655,2005,734,0,734
1655,2006,734,0,734
1655,2007,734,0,734
1655,2008,734,0,734
1655,2009,734,0,734
1655,2010,734,0,734
1655,2011,734,0,734
1655,2012,734,0,734
1655,2013,734,0,734
1655,2014,734,0,734
1655,2015,734,0,734
1655,2016,734,0,734
1655,2017,734,0,734
1655,2018,734,0,734
1655,2019,734,0,734
1656,1998,144,0,144
1656,1999,734,0,734
1657,2010,733,0,733
1657,2011,733,0,733
1657,2012,733,0,733
1657,2013,733,0,733
1657,2014,733,0,733
1657,2015,733,0,733
1658,1998,733,0,733
1658,1999,733,0,733
1658,2000,733,0,733
1658,2001,733,0,733
1658,2002,733,0,733
1658,2003,733,0,733
1658,2004,733,0,733
1658,2005,733,0,733
1658,2006,733,0,733
1658,2007,733,0,733
1658,2008,733,0,733
1659,1999,733,0,733
1659,2000,693,0,693
1660,1998,731,0,731
1660,1999,731,0,731
1660,2000,731,0,731
1660,2001,731,0,731
1660,2002,731,0,731
1660,2003,731,0,731
1660,2004,731,0,731
1660,2005,731,0,731
1660,2006,731,0,731
1660,2007,731,0,731
1660,2008,731,0,731
1660,2009,731,0,731
1660,2010,731,0,731
1660,2011,731,0,731
1660,2012,731,0,731
1660,2013,731,0,731
1660,2014,731,0,731
1660,2015,731,0,731
1660,2016,731,0,731
1660,2017,731,0,731
1660,2018,731,0,731
1660,2019,731,0,731
1661,1998,0,731,731
1661,1999,0,731,731
1661,2000,0,731,731
1661,2001,0,731,731
1661,2002,0,731,731
1661,2003,0,731,731
1661,2004,0,731,731
1661,2005,0,731,731
1661,2006,0,731,731
1662,1998,727,0,727
1662,1999,727,0,727
1662,2000,727,0,727
1662,2001,727,0,727
1662,2002,727,0,727
1662,2003,727,0,727
1662,2004,727,0,727
1662,2005,727,0,727
1662,2006,727,0,727
1662,2007,727,0,727
1662,2008,727,0,727
1662,2009,727,0,727
1662,2010,727,0,727
1662,2011,727,0,727
1662,2012,727,0,727
1662,2013,727,0,727
1662,2014,727,0,727
1662,2015,727,0,727
1662,2016,727,0,727
1662,2017,727,0,727
1662,2018,727,0,727
1662,2019,727,0,727
1663,1998,727,0,727
1663,1999,727,0,727
1663,2000,727,0,727
1663,2001,727,0,727
1664,2002,726,0,726
1664,2003,726,0,726
1664,2004,726,0,726
1664,2005,726,0,726
1664,2006,726,0,726
1664,2007,726,0,726
1664,2008,726,0,726
1664,2009,726,0,726
1664,2010,726,0,726
1664,2011,726,0,726
1664,2012,726,0,726
1664,2013,726,0,726
1664,2014,726,0,726
1664,2015,726,0,726
1664,2016,726,0,726
1664,2017,726,0,726
1664,2018,726,0,726
1664,2019,726,0,726
1665,2006,634,0,634
1665,2007,634,0,634
1665,2008,634,0,634
1665,2009,634,0,634
1665,2010,634,0,634
1665,2011,634,0,634
1665,2012,634,0,634
1665,2013,634,0,634
1665,2014,725,0,725
1665,2015,725,0,725
1665,2016,723,0,723
1665,2017,723,0,723
1665,2018,719,0,719
1665,2019,719,0,719
1666,1998,723,0,723
1666,1999,723,0,723
1666,2000,723,0,723
1666,2001,723,0,723
1666,2002,723,0,723
1666,2003,723,0,723
1666,2004,723,0,723
1666,2005,386,0,386
1666,2006,386,0,386
1666,2007,386,0,386
1666,2008,386,0,386
1666,2009,386,0,386
1666,2010,386,0,386
1666,2011,386,0,386
1666,2012,386,0,386
1667,1998,723,0,723
1667,1999,723,0,723
1667,2000,723,0,723
1667,2001,723,0,723
1668,2007,716,0,716
1668,2008,716,0,716
1668,2009,716,0,716
1668,2010,716,0,716
1668,2011,716,0,716
1668,2012,716,0,716
1668,2013,716,0,716
1668,2014,716,0,716
1668,2015,716,0,716
1668,2016,716,0,716
1668,2017,716,0,716
1668,2018,716,0,716
1668,2019,716,0,716
1669,1998,562,0,562
1669,1999,716,0,716
1670,1998,714,0,714
1670,1999,714,0,714
1670,2000,714,0,714
1670,2001,714,0,714
1670,2002,714,0,714
1670,2003,714,0,714
1670,2004,714,0,714
1670,2005,714,0,714
1670,2006,714,0,714
1670,2007,714,0,714
1670,2008,714,0,714
1670,2009,714,0,714
1670,2010,714,0,714
1670,2011,714,0,714
1670,2012,714,0,714
1670,2013,714,0,714
1670,2014,705,0,705
1670,2015,705,0,705
1670,2016,705,0,705
1670,2017,705,0,705
1670,2018,705,0,705
1670,2019,705,0,705
1671,2017,708,0,708
1671,2018,708,0,708
1671,2019,708,0,708
1672,2010,702,0,702
1672,2011,702,0,702
1672,2012,702,0,702
1672,2013,702,0,702
1672,2014,702,0,702
1672,2015,702,0,702
1672,2016,702,0,702
1673,2009,702,0,702
1674,1998,702,0,702
1674,1999,702,0,702
1675,2017,701,0,701
1675,2018,701,0,701
1676,2008,701,0,701
1676,2009,701,0,701
1676,2010,701,0,701
1676,2011,701,0,701
1676,2012,701,0,701
1676,2013,701,0,701
1676,2014,701,0,701
1676,2015,701,0,701
1676,2016,701,0,701
1677,2010,595,0,595
1677,2011,595,0,595
1677,2012,701,0,701
1677,2013,701,0,701
1677,2014,701,0,701
1677,2015,701,0,701
1678,1998,691,0,691
1678,1999,691,0,691
1678,2000,691,0,691
1678,2001,691,0,691
1678,2002,691,0,691
1678,2003,691,0,691
1678,2004,691,0,691
1678,2005,691,0,691
1678,2006,691,0,691
1678,2007,691,0,691
1678,2008,700,0,700
1678,2009,700,0,700
1678,2010,700,0,700
1678,2011,700,0,700
1678,2012,700,0,700
1678,2013,700,0,700
1678,2014,700,0,700
1678,2015,691,0,691
1678,2016,691,0,691
1678,2017,691,0,691
1678,2018,691,0,691
1678,2019,691,0,691
1679,2014,693,0,693
1679,2015,693,0,693
1679,2016,693,0,693
1679,2017,693,0,693
1679,2018,693,0,693
1679,2019,693,0,693
1680,2011,693,0,693
1681,2008,693,0,693
1681,2009,693,0,693
1682,2002,693,0,693
1682,2003,693,0,693
1682,2004,693,0,693
1682,2005,693,0,693
1683,1998,690,0,690
1683,1999,690,0,690
1683,2000,690,0,690
1683,2001,690,0,690
1683,2002,690,0,690
1683,2003,690,0,690
1683,2004,690,0,690
1683,2005,690,0,690
1683,2006,690,0,690
1683,2007,690,0,690
1683,2008,690,0,690
1683,2009,690,0,690
1683,2010,690,0,690
1683,2011,690,0,690
1683,2012,690,0,690
1683,2013,690,0,690
1683,2014,690,0,690
1683,2015,681,0,681
1683,2016,681,0,681
1683,2017,681,0,681
1683,2018,681,0,681
1683,2019,681,0,681
1684,2002,689,0,689
1684,2003,689,0,689
1684,2004,689,0,689
1684,2005,689,0,689
1684,2006,689,0,689
1684,2007,689,0,689
1684,2008,689,0,689
1684,2009,689,0,689
1684,2010,689,0,689
1684,2011,689,0,689
1684,2012,689,0,689
1684,2013,689,0,689
1684,2014,689,0,689
1684,2015,689,0,689
1684,2016,689,0,689
1684,2017,689,0,689
1684,2018,689,0,689
1684,2019,689,0,689
1685,1998,687,0,687
1685,1999,687,0,687
1685,2000,687,0,687
1685,2001,687,0,687
1685,2002,687,0,687
1685,2003,687,0,687
1685,2004,687,0,687
1685,2005,687,0,687
1685,2006,687,0,687
1685,2007,687,0,687
1685,2008,687,0,687
1685,2009,687,0,687
1685,2010,687,0,687
1685,2011,687,0,687
1685,2012,687,0,687
1685,2013,687,0,687
1685,2014,687,0,687
1685,2015,687,0,687
1685,2016,687,0,687
1685,2017,687,0,687
1685,2018,687,0,687
1685,2019,687,0,687
1686,1998,684,0,684
1686,1999,684,0,684
1686,2000,684,0,684
1686,2001,684,0,684
1686,2002,686,0,686
1686,2003,686,0,686
1686,2004,686,0,686
1686,2005,686,0,686
1686,2006,686,0,686
1686,2007,686,0,686
1686,2008,686,0,686
1686,2009,686,0,686
1686,2010,686,0,686
1686,2011,686,0,686
1686,2012,686,0,686
1686,2013,686,0,686
1686,2014,686,0,686
1686,2015,686,0,686
1686,2016,686,0,686
1686,2017,686,0,686
1686,2018,686,0,686
1686,2019,686,0,686
1687,2000,685,0,685
1688,2015,684,0,684
1689,1998,683,0,683
1689,1999,683,0,683
1689,2000,683,0,683
1689,2001,683,0,683
1690,1998,682,0,682
1690,1999,682,0,682
1690,2000,682,0,682
1690,2001,682,0,682
1690,2002,682,0,682
1690,2003,682,0,682
1690,2004,682,0,682
1690,2005,682,0,682
1690,2006,682,0,682
1690,2007,682,0,682
1690,2008,682,0,682
1690,2009,682,0,682
1690,2010,682,0,682
1690,2011,682,0,682
1690,2012,682,0,682
1690,2013,682,0,682
1690,2014,682,0,682
1690,2015,682,0,682
1690,2016,682,0,682
1690,2017,682,0,682
1690,2018,682,0,682
1690,2019,682,0,682
1691,2002,682,0,682
1692,2015,679,0,679
1692,2016,679,0,679
1692,2017,679,0,679
1692,2018,679,0,679
1692,2019,679,0,679
1693,2012,679,0,679
1693,2013,679,0,679
1694,2007,679,0,679
1694,2008,679,0,679
1695,2007,679,0,679
1696,2003,679,0,679
1696,2004,679,0,679
1696,2005,679,0,679
1697,2004,673,0,673
1698,1998,670,0,670
1698,1999,670,0,670
1698,2000,670,0,670
1698,2001,670,0,670
1698,2002,670,0,670
1698,2003,670,0,670
1698,2004,670,0,670
1698,2005,670,0,670
1698,2006,670,0,670
1698,2007,670,0,670
1698,2008,670,0,670
1698,2009,670,0,670
1698,2010,670,0,670
1698,2011,670,0,670
1698,2012,670,0,670
1698,2013,670,0,670
1698,2014,670,0,670
1698,2015,670,0,670
1698,2016,670,0,670
1698,2017,670,0,670
1698,2018,670,0,670
1698,2019,670,0,670
1699,2017,669,0,669
1699,2018,669,0,669
1699,2019,669,0,669
1700,2015,669,0,669
1701,2007,669,0,669
1701,2008,669,0,669
1702,2007,667,0,667
1702,2008,667,0,667
1703,2019,665,0,665
1704,2013,665,0,665
1704,2014,665,0,665
1704,2015,665,0,665
1704,2016,665,0,665
1704,2017,665,0,665
1704,2018,665,0,665
1704,2019,665,0,665
1705,2014,665,0,665
1705,2015,665,0,665
1705,2016,665,0,665
1705,2017,665,0,665
1706,2014,665,0,665
1706,2015,665,0,665
1706,2016,665,0,665
1707,2010,660,0,660
1707,2011,660,0,660
1707,2012,660,0,660
1707,2013,660,0,660
1708,2002,660,0,660
1708,2003,660,0,660
1708,2004,660,0,660
1708,2005,660,0,660
1708,2006,660,0,660
1708,2007,660,0,660
1708,2008,660,0,660
1709,1998,657,0,657
1709,1999,657,0,657
1709,2000,657,0,657
1709,2001,657,0,657
1709,2002,657,0,657
1709,2003,657,0,657
1709,2004,657,0,657
1709,2005,657,0,657
1709,2006,657,0,657
1709,2007,657,0,657
1709,2008,657,0,657
1709,2009,657,0,657
1709,2010,657,0,657
1709,2011,657,0,657
1709,2012,657,0,657
1709,2013,657,0,657
1709,2014,657,0,657
1709,2015,657,0,657
1709,2016,657,0,657
1709,2017,657,0,657
1709,2018,657,0,657
1709,2019,657,0,657
1710,2014,657,0,657
1710,2015,657,0,657
1710,2016,657,0,657
1710,2017,657,0,657
1710,2018,657,0,657
1710,2019,657,0,657
1711,1998,649,0,649
1711,1999,649,0,649
1711,2000,649,0,649
1711,2001,649,0,649
1711,2002,649,0,649
1711,2003,649,0,649
1711,2004,649,0,649
1711,2005,649,0,649
1711,2006,649,0,649
1711,2007,649,0,649
1711,2008,649,0,649
1711,2009,649,0,649
1711,2010,649,0,649
1711,2011,649,0,649
1711,2012,649,0,649
1711,2013,649,0,649
1711,2014,649,0,649
1711,2015,649,0,649
1711,2016,649,0,649
1711,2017,649,0,649
1711,2018,649,0,649
1711,2019,649,0,649
1712,1998,646,0,646
1712,1999,646,0,646
1712,2000,646,0,646
1712,2001,646,0,646
1712,2002,646,0,646
1712,2003,646,0,646
1712,2004,646,0,646
1712,2005,646,0,646
1712,2006,646,0,646
1712,2007,646,0,646
1712,2008,646,0,646
1712,2009,646,0,646
1712,2010,646,0,646
1712,2011,646,0,646
1712,2012,646,0,646
1712,2013,646,0,646
1712,2014,646,0,646
1713,2017,643,0,643
1714,2001,643,0,643
1715,2019,642,0,642
1716,2015,642,0,642
1716,2016,642,0,642
1717,2011,642,0,642
1717,2012,642,0,642
1717,2013,642,0,642
1718,1998,641,0,641
1718,1999,641,0,641
1718,2000,641,0,641
1718,2001,641,0,641
1719,1998,572,0,572
1719,1999,572,0,572
1719,2000,572,0,572
1719,2001,572,0,572
1719,2002,571,0,571
1719,2003,571,0,571
1719,2004,571,0,571
1719,2005,571,0,571
1719,2006,571,0,571
1719,2007,571,0,571
1719,2008,571,0,571
1719,2009,571,0,571
1719,2010,571,0,571
1719,2011,571,0,571
1719,2012,571,0,571
1719,2013,571,0,571
1719,2014,571,0,571
1719,2015,571,0,571
1719,2016,635,0,635
1719,2017,635,0,635
1719,2018,635,0,635
1719,2019,635,0,635
1720,2014,633,0,633
1720,2015,633,0,633
1721,2012,633,0,633
1722,2010,633,0,633
1723,2007,629,0,629
1723,2008,629,0,629
1723,2009,629,0,629
1723,2010,629,0,629
1723,2011,629,0,629
1723,2012,629,0,629
1723,2013,629,0,629
1723,2014,629,0,629
1723,2015,629,0,629
1723,2016,629,0,629
1723,2017,629,0,629
1723,2018,629,0,629
1723,2019,629,0,629
1724,1998,616,0,616
1724,1999,616,0,616
1724,2000,616,0,616
1724,2001,616,0,616
1724,2002,616,0,616
1724,2003,616,0,616
1724,2004,616,0,616
1724,2005,616,0,616
1724,2006,616,0,616
1724,2007,616,0,616
1724,2008,616,0,616
1724,2009,616,0,616
1724,2010,616,0,616
1724,2011,616,0,616
1724,2012,616,0,616
1724,2013,616,0,616
1724,2014,620,0,620
1724,2015,620,0,620
1724,2016,620,0,620
1724,2017,620,0,620
1724,2018,620,0,620
1724,2019,620,0,620
1725,1998,617,0,617
1725,1999,617,0,617
1725,2000,617,0,617
1725,2001,617,0,617
1725,2002,617,0,617
1725,2003,617,0,617
1725,2004,617,0,617
1725,2005,617,0,617
1725,2006,617,0,617
1725,2007,617,0,617
1725,2008,617,0,617
1725,2009,617,0,617
1725,2010,617,0,617
1725,2011,617,0,617
1725,2012,546,0,546
1725,2013,546,0,546
1725,2014,546,0,546
1725,2015,546,0,546
1725,2016,546,0,546
1725,2017,546,0,546
1725,2018,546,0,546
1725,2019,546,0,546
1726,2017,617,0,617
1726,2018,617,0,617
1727,2005,616,0,616
1727,2006,616,0,616
1728,2003,616,0,616
1729,2001,615,0,615
1730,1998,614,0,614
1730,1999,614,0,614
1730,2000,614,0,614
1730,2001,614,0,614
1730,2002,614,0,614
1730,2003,614,0,614
1730,2004,614,0,614
1730,2005,614,0,614
1730,2006,614,0,614
1730,2007,614,0,614
1730,2008,614,0,614
1730,2009,614,0,614
1730,2010,614,0,614
1730,2011,614,0,614
1730,2012,614,0,614
1730,2013,614,0,614
1730,2014,614,0,614
1730,2015,614,0,614
1730,2016,614,0,614
1730,2017,614,0,614
1730,2018,614,0,614
1730,2019,614,0,614
1731,2016,614,0,614
1732,2004,614,0,614
1732,2005,614,0,614
1732,2006,614,0,614
1732,2007,614,0,614
1732,2008,614,0,614
1733,2001,0,613,613
1734,2009,609,0,609
1734,2010,609,0,609
1734,2011,609,0,609
1734,2012,609,0,609
1735,2019,606,0,606
1736,2017,606,0,606
1737,2009,605,0,605
1738,2006,604,0,604
1738,2007,604,0,604
1738,2008,604,0,604
1738,2009,604,0,604
1738,2010,604,0,604
1738,2011,604,0,604
1738,2012,604,0,604
1738,2013,604,0,604
1738,2014,604,0,604
1738,2015,604,0,604
1738,2016,604,0,604
1739,2015,602,0,602
1739,2016,602,0,602
1739,2017,602,0,602
1739,2018,602,0,602
1740,2018,600,0,600
1740,2019,600,0,600
1741,2014,600,0,600
1741,2015,600,0,600
1741,2016,600,0,600
1741,2017,600,0,600
1741,2018,600,0,600
1741,2019,600,0,600
1742,2006,600,0,600
1742,2007,600,0,600
1743,2005,597,0,597
1743,2006,597,0,597
1743,2007,597,0,597
1743,2008,597,0,597
1743,2009,597,0,597
1743,2010,597,0,597
1743,2011,597,0,597
1743,2012,597,0,597
1743,2013,597,0,597
1743,2014,597,0,597
1743,2015,597,0,597
1743,2016,597,0,597
1743,2017,597,0,597
1743,2018,597,0,597
1743,2019,597,0,597
1744,2003,570,0,570
1744,2004,570,0,570
1744,2005,597,0,597
1744,2006,597,0,597
1744,2007,597,0,597
1744,2008,597,0,597
1745,1998,597,0,597
1745,1999,597,0,597
1745,2000,597,0,597
1745,2001,597,0,597
1745,2002,597,0,597
1745,2003,597,0,597
1746,1999,0,597,597
1747,2001,595,0,595
1747,2002,595,0,595
1747,2003,595,0,595
1747,2004,595,0,595
1747,2005,595,0,595
1747,2006,595,0,595
1747,2007,595,0,595
1747,2008,595,0,595
1748,2010,593,0,593
1748,2011,593,0,593
1748,2012,593,0,593
1748,2013,593,0,593
1748,2014,593,0,593
1748,2015,593,0,593
1748,2016,593,0,593
1748,2017,593,0,593
1748,2018,593,0,593
1748,2019,593,0,593
1749,1998,593,0,593
1749,1999,593,0,593
1750,1999,0,592,592
1751,1998,508,0,508
1751,1999,508,0,508
1751,2000,508,0,508
1751,2001,508,0,508
1751,2002,508,0,508
1751,2003,508,0,508
1751,2004,508,0,508
1751,2005,508,0,508
1751,2006,508,0,508
1751,2007,508,0,508
1751,2008,508,0,508
1751,2009,508,0,508
1751,2010,508,0,508
1751,2011,508,0,508
1751,2012,508,0,508
1751,2013,508,0,508
1751,2014,508,0,508
1751,2015,508,0,508
1751,2016,583,0,583
1751,2017,583,0,583
1751,2018,583,0,583
1751,2019,583,0,583
1752,1998,579,0,579
1752,1999,579,0,579
1752,2000,579,0,579
1752,2001,579,0,579
1752,2002,579,0,579
1752,2003,579,0,579
1752,2004,579,0,579
1752,2005,579,0,579
1752,2006,579,0,579
1752,2007,579,0,579
1752,2008,579,0,579
1752,2009,579,0,579
1752,2010,406,0,406
1752,2011,406,0,406
1752,2012,406,0,406
1752,2013,406,0,406
1752,2014,406,0,406
1752,2015,406,0,406
1752,2016,406,0,406
1752,2017,406,0,406
1752,2018,406,0,406
1752,2019,406,0,406
1753,2002,577,0,577
1753,2003,577,0,577
1753,2004,577,0,577
1753,2005,577,0,577
1753,2006,577,0,577
1753,2007,577,0,577
1753,2008,577,0,577
1753,2009,577,0,577
1753,2010,577,0,577
1753,2011,577,0,577
1753,2012,577,0,577
1753,2013,577,0,577
1753,2014,577,0,577
1753,2015,577,0,577
1753,2016,577,0,577
1753,2017,577,0,577
1753,2018,577,0,577
1753,2019,577,0,577
1754,2008,575,0,575
1754,2009,575,0,575
1754,2010,575,0,575
1754,2011,575,0,575
1754,2012,575,0,575
1754,2013,575,0,575
1754,2014,575,0,575
1754,2015,575,0,575
1754,2016,575,0,575
1754,2017,575,0,575
1754,2018,575,0,575
1754,2019,575,0,575
1755,1998,575,0,575
1756,2000,570,0,570
1756,2001,570,0,570
1757,1998,569,0,569
1757,1999,569,0,569
1757,2000,569,0,569
1757,2001,569,0,569
1757,2002,569,0,569
1757,2003,569,0,569
1758,1998,568,0,568
1758,1999,568,0,568
1758,2000,568,0,568
1758,2001,568,0,568
1758,2002,568,0,568
1758,2003,568,0,568
1758,2004,568,0,568
1758,2005,568,0,568
1758,2006,568,0,568
1758,2007,568,0,568
1758,2008,568,0,568
1758,2009,568,0,568
1758,2010,568,0,568
1758,2011,568,0,568
1758,2012,568,0,568
1758,2013,568,0,568
1758,2014,568,0,568
1758,2015,568,0,568
1758,2016,568,0,568
1758,2017,568,0,568
1758,2018,568,0,568
1758,2019,568,0,568
1759,2016,567,0,567
1759,2017,567,0,567
1759,2018,567,0,567
1759,2019,567,0,567
1760,2006,566,0,566
1760,2007,566,0,566
1761,2015,565,0,565
1761,2016,562,0,562
1762,2000,565,0,565
1762,2001,565,0,565
1762,2002,565,0,565
1762,2003,565,0,565
1762,2004,565,0,565
1762,2005,565,0,565
1762,2006,565,0,565
1762,2007,565,0,565
1762,2008,565,0,565
1762,2009,565,0,565
1762,2010,565,0,565
1762,2011,565,0,565
1762,2012,565,0,565
1762,2013,565,0,565
1763,2002,562,0,562
1763,2003,562,0,562
1763,2004,562,0,562
1763,2005,562,0,562
1763,2006,562,0,562
1763,2007,562,0,562
1763,2008,562,0,562
1763,2009,562,0,562
1763,2010,562,0,562
1763,2011,562,0,562
1763,2012,562,0,562
1763,2013,562,0,562
1763,2014,562,0,562
1763,2015,562,0,562
1763,2016,562,0,562
1763,2017,562,0,562
1763,2018,562,0,562
1763,2019,562,0,562
1764,2009,551,0,551
1764,2010,551,0,551
1764,2011,551,0,551
1764,2012,560,0,560
1764,2013,560,0,560
1764,2014,560,0,560
1764,2015,560,0,560
1765,2005,557,0,557
1765,2006,557,0,557
1765,2007,557,0,557
1765,2008,553,0,553
1765,2009,553,0,553
1765,2010,553,0,553
1765,2011,553,0,553
1765,2012,553,0,553
1765,2013,553,0,553
1765,2014,553,0,553
1765,2015,553,0,553
1765,2016,553,0,553
1765,2017,553,0,553
1765,2018,553,0,553
1765,2019,553,0,553
1766,1998,557,0,557
1766,1999,557,0,557
1766,2000,557,0,557
1766,2001,557,0,557
1766,2002,557,0,557
1766,2003,557,0,557
1766,2004,557,0,557
1766,2005,557,0,557
1766,2006,557,0,557
1766,2007,557,0,557
1766,2008,557,0,557
1766,2009,557,0,557
1767,2018,554,0,554
1767,2019,554,0,554
1768,1998,550,0,550
1768,1999,550,0,550
1769,2000,542,0,542
1769,2001,542,0,542
1769,2002,544,0,544
1769,2003,544,0,544
1770,1998,542,0,542
1771,1998,541,0,541
1771,1999,541,0,541
1771,2000,541,0,541
1771,2001,541,0,541
1771,2002,540,0,540
1771,2003,540,0,540
1772,2010,540,0,540
1772,2011,540,0,540
1772,2012,540,0,540
1772,2013,540,0,540
1772,2014,540,0,540
1772,2015,540,0,540
1772,2016,540,0,540
1772,2017,540,0,540
1772,2018,540,0,540
1772,2019,540,0,540
1773,1998,506,0,506
1773,1999,506,0,506
1773,2000,506,0,506
1773,2001,506,0,506
1773,2002,508,0,508
1773,2003,508,0,508
1773,2004,508,0,508
1773,2005,508,0,508
1773,2006,508,0,508
1773,2007,508,0,508
1773,2008,508,0,508
1773,2009,508,0,508
1773,2010,508,0,508
1773,2011,540,0,540
1773,2012,540,0,540
1773,2013,540,0,540
1773,2014,540,0,540
1773,2015,540,0,540
1773,2016,540,0,540
1773,2017,540,0,540
1773,2018,540,0,540
1773,2019,517,0,517
1774,2005,540,0,540
1774,2006,540,0,540
1774,2007,540,0,540
1775,1998,535,0,535
1775,1999,535,0,535
1775,2000,535,0,535
1775,2001,535,0,535
1775,2002,535,0,535
1775,2003,535,0,535
1775,2004,535,0,535
1775,2005,535,0,535
1775,2006,535,0,535
1775,2007,535,0,535
1775,2008,535,0,535
1775,2009,535,0,535
1775,2010,535,0,535
1775,2011,535,0,535
1775,2012,535,0,535
1775,2013,535,0,535
1775,2014,535,0,535
1775,2015,535,0,535
1775,2016,535,0,535
1775,2017,535,0,535
1775,2018,535,0,535
1775,2019,535,0,535
1776,2015,533,0,533
1776,2016,533,0,533
1776,2017,533,0,533
1776,2018,533,0,533
1776,2019,533,0,533
1777,1998,529,0,529
1777,1999,529,0,529
1778,2005,518,0,518
1778,2006,527,0,527
1778,2007,527,0,527
1778,2008,527,0,527
1778,2009,527,0,527
1778,2010,527,0,527
1778,2011,527,0,527
1778,2012,527,0,527
1778,2013,527,0,527
1778,2014,527,0,527
1778,2015,527,0,527
1778,2016,527,0,527
1778,2017,527,0,527
1778,2018,527,0,527
1778,2019,527,0,527
1779,2018,525,0,525
1779,2019,525,0,525
1780,2018,523,0,523
1781,1998,171,0,171
1781,1999,171,0,171
1781,2000,171,0,171
1781,2001,171,0,171
1781,2002,171,0,171
1781,2003,171,0,171
1781,2004,171,0,171
1781,2005,171,0,171
1781,2006,171,0,171
1781,2007,171,0,171
1781,2008,171,0,171
1781,2009,171,0,171
1781,2010,171,0,171
1781,2011,171,0,171
1781,2012,171,0,171
1781,2013,171,0,171
1781,2014,171,0,171
1781,2015,522,0,522
1781,2016,522,0,522
1781,2017,522,0,522
1781,2018,522,0,522
1781,2019,522,0,522
1782,1998,515,0,515
1782,1999,515,0,515
1782,2000,515,0,515
1782,2001,515,0,515
1782,2002,515,0,515
1782,2003,515,0,515
1782,2004,515,0,515
1782,2005,515,0,515
1783,1998,514,0,514
1783,1999,514,0,514
1784,2018,513,0,513
1784,2019,513,0,513
1785,2007,513,0,513
1785,2008,513,0,513
1785,2009,513,0,513
1785,2010,513,0,513
1785,2011,513,0,513
1785,2012,513,0,513
1785,2013,513,0,513
1785,2014,513,0,513
1785,2015,513,0,513
1785,2016,513,0,513
1786,1998,512,0,512
1786,1999,512,0,512
1786,2000,512,0,512
1786,2001,512,0,512
1787,2016,510,0,510
1787,2017,510,0,510
1788,1998,400,0,400
1788,1999,400,0,400
1788,2000,400,0,400
1788,2001,400,0,400
1788,2002,400,0,400
1788,2003,400,0,400
1788,2004,400,0,400
1788,2005,400,0,400
1788,2006,400,0,400
1788,2007,400,0,400
1788,2008,507,0,507
1788,2009,507,0,507
1788,2010,507,0,507
1788,2011,507,0,507
1788,2012,507,0,507
1788,2013,507,0,507
1788,2014,507,0,507
1788,2015,507,0,507
1788,2016,507,0,507
1788,2017,507,0,507
1788,2018,507,0,507
1788,2019,507,0,507
1789,2006,507,0,507
1790,2015,498,0,498
1790,2016,474,0,474
1790,2017,474,0,474
1790,2018,474,0,474
1791,2015,496,0,496
1791,2016,496,0,496
1791,2017,496,0,496
1791,2018,496,0,496
1791,2019,496,0,496
1792,1999,415,0,415
1792,2000,415,0,415
1792,2001,415,0,415
1792,2002,415,0,415
1792,2003,415,0,415
1792,2004,415,0,415
1792,2005,415,0,415
1792,2006,415,0,415
1792,2007,415,0,415
1792,2008,415,0,415
1792,2009,415,0,415
1792,2010,415,0,415
1792,2011,415,0,415
1792,2012,415,0,415
1792,2013,415,0,415
1792,2014,415,0,415
1792,2015,412,0,412
1792,2016,435,0,435
1792,2017,435,0,435
1792,2018,494,0,494
1792,2019,494,0,494
1793,1998,492,0,492
1793,1999,492,0,492
1793,2000,492,0,492
1793,2001,492,0,492
1793,2002,492,0,492
1793,2003,492,0,492
1793,2004,492,0,492
1793,2005,492,0,492
1793,2006,492,0,492
1793,2007,492,0,492
1793,2008,492,0,492
1793,2009,492,0,492
1793,2010,492,0,492
1793,2011,492,0,492
1793,2012,492,0,492
1793,2013,492,0,492
1793,2014,492,0,492
1793,2015,492,0,492
1793,2016,492,0,492
1793,2017,492,0,492
1793,2018,492,0,492
1793,2019,492,0,492
1794,1998,490,0,490
1794,1999,490,0,490
1794,2000,490,0,490
1795,2014,488,0,488
1795,2015,482,0,482
1795,2016,482,0,482
1795,2017,482,0,482
1795,2018,482,0,482
1796,1998,486,0,486
1796,1999,486,0,486
1797,2010,482,0,482
1797,2011,482,0,482
1797,2012,482,0,482
1797,2013,482,0,482
1797,2014,482,0,482
1798,2016,481,0,481
1798,2017,481,0,481
1798,2018,481,0,481
1798,2019,481,0,481
1799,2018,481,0,481
1800,2003,481,0,481
1800,2004,481,0,481
1800,2005,481,0,481
1800,2006,481,0,481
1800,2007,481,0,481
1800,2008,481,0,481
1800,2009,481,0,481
1800,2010,481,0,481
1800,2011,481,0,481
1800,2012,481,0,481
1800,2013,481,0,481
1801,1999,472,0,472
1801,2000,472,0,472
1801,2001,472,0,472
1801,2002,472,0,472
1801,2003,472,0,472
1801,2004,472,0,472
1802,2009,471,0,471
1802,2010,471,0,471
1802,2011,471,0,471
1802,2012,471,0,471
1802,2013,471,0,471
1803,2008,285,0,285
1803,2009,285,0,285
1803,2010,285,0,285
1803,2011,285,0,285
1803,2012,285,0,285
1803,2013,285,0,285
1803,2014,285,0,285
1803,2015,285,0,285
1803,2016,470,0,470
1803,2017,470,0,470
1804,2007,467,0,467
1804,2008,467,0,467
1805,1998,467,0,467
1805,1999,467,0,467
1805,2000,467,0,467
1805,2001,467,0,467
1805,2002,467,0,467
1805,2003,467,0,467
1805,2004,467,0,467
1805,2005,467,0,467
1806,1998,467,0,467
1806,1999,467,0,467
1806,2000,467,0,467
1806,2001,467,0,467
1807,2017,466,0,466
1807,2018,466,0,466
1808,2007,464,0,464
1809,1998,464,0,464
1809,1999,464,0,464
1809,2000,464,0,464
1809,2001,464,0,464
1810,2016,458,0,458
1810,2017,458,0,458
1810,2018,458,0,458
1810,2019,458,0,458
1811,2004,457,0,457
1811,2005,457,0,457
1811,2006,457,0,457
1811,2007,457,0,457
1811,2008,457,0,457
1811,2009,457,0,457
1811,2010,457,0,457
1811,2011,457,0,457
1811,2012,457,0,457
1811,2013,457,0,457
1811,2014,457,0,457
1811,2015,457,0,457
1811,2016,457,0,457
1811,2017,457,0,457
1812,2002,453,0,453
1812,2003,453,0,453
1812,2004,453,0,453
1812,2005,453,0,453
1812,2006,453,0,453
1812,2007,453,0,453
1812,2008,453,0,453
1812,2009,453,0,453
1813,2019,450,0,450
1814,1998,450,0,450
1814,1999,450,0,450
1814,2000,450,0,450
1814,2001,450,0,450
1814,2002,450,0,450
1814,2003,450,0,450
1814,2004,450,0,450
1814,2005,450,0,450
1814,2006,450,0,450
1814,2007,450,0,450
1814,2008,450,0,450
1814,2009,450,0,450
1814,2010,450,0,450
1814,2011,450,0,450
1814,2012,450,0,450
1814,2013,450,0,450
1814,2014,450,0,450
1814,2015,450,0,450
1814,2016,450,0,450
1814,2017,450,0,450
1815,2001,449,0,449
1815,2002,376,0,376
1815,2003,376,0,376
1816,1998,448,0,448
1816,1999,448,0,448
1816,2000,448,0,448
1816,2001,448,0,448
1816,2002,448,0,448
1816,2003,448,0,448
1817,2006,447,0,447
1818,2014,446,0,446
1818,2015,446,0,446
1818,2016,446,0,446
1818,2017,446,0,446
1818,2018,446,0,446
1818,2019,446,0,446
1819,1998,444,0,444
1819,1999,444,0,444
1819,2000,444,0,444
1819,2001,444,0,444
1819,2002,444,0,444
1819,2003,444,0,444
1819,2004,444,0,444
1819,2005,444,0,444
1819,2006,444,0,444
1819,2007,444,0,444
1819,2008,444,0,444
1819,2009,444,0,444
1819,2010,444,0,444
1819,2011,444,0,444
1819,2012,444,0,444
1819,2013,444,0,444
1819,2014,444,0,444
1819,2015,444,0,444
1819,2016,444,0,444
1819,2017,444,0,444
1820,1998,439,0,439
1820,1999,439,0,439
1820,2000,439,0,439
1820,2001,439,0,439
1820,2002,439,0,439
1820,2003,439,0,439
1820,2004,439,0,439
1820,2005,439,0,439
1820,2006,439,0,439
1820,2007,439,0,439
1820,2008,439,0,439
1820,2009,439,0,439
1820,2010,439,0,439
1820,2011,439,0,439
1820,2012,439,0,439
1820,2013,439,0,439
1820,2014,439,0,439
1820,2015,439,0,439
1820,2016,439,0,439
1820,2017,439,0,439
1820,2018,439,0,439
1820,2019,439,0,439
1821,1998,437,0,437
1821,1999,437,0,437
1821,2000,437,0,437
1821,2001,437,0,437
1821,2002,437,0,437
1821,2003,437,0,437
1821,2004,437,0,437
1821,2005,437,0,437
1821,2006,437,0,437
1821,2007,437,0,437
1821,2008,437,0,437
1821,2009,437,0,437
1821,2010,437,0,437
1821,2011,437,0,437
1821,2012,437,0,437
1821,2013,437,0,437
1821,2014,437,0,437
1821,2015,431,0,431
1821,2016,431,0,431
1821,2017,431,0,431
1821,2018,431,0,431
1821,2019,431,0,431
1822,1998,437,0,437
1822,1999,437,0,437
1822,2000,437,0,437
1822,2001,437,0,437
1822,2002,437,0,437
1822,2003,437,0,437
1822,2004,437,0,437
1822,2005,437,0,437
1822,2006,437,0,437
1822,2007,437,0,437
1822,2008,437,0,437
1822,2009,437,0,437
1822,2010,437,0,437
1822,2011,437,0,437
1822,2012,437,0,437
1822,2013,437,0,437
1822,2014,437,0,437
1822,2015,437,0,437
1822,2016,437,0,437
1822,2017,437,0,437
1822,2018,437,0,437
1822,2019,437,0,437
1823,2006,432,0,432
1823,2007,432,0,432
1823,2008,432,0,432
1823,2009,432,0,432
1823,2010,432,0,432
1823,2011,432,0,432
1823,2012,432,0,432
1823,2013,432,0,432
1823,2014,432,0,432
1823,2015,432,0,432
1823,2016,432,0,432
1824,2011,0,429,429
1824,2012,0,429,429
1824,2013,0,429,429
1824,2014,0,429,429
1824,2015,0,429,429
1824,2016,0,429,429
1824,2017,0,429,429
1824,2018,0,429,429
1824,2019,0,429,429
1825,1998,422,0,422
1825,1999,422,0,422
1825,2000,422,0,422
1825,2001,422,0,422
1825,2002,422,0,422
1825,2003,422,0,422
1825,2004,422,0,422
1825,2005,422,0,422
1825,2006,422,0,422
1825,2007,422,0,422
1825,2008,422,0,422
1825,2009,422,0,422
1825,2010,422,0,422
1825,2011,422,0,422
1825,2012,422,0,422
1825,2013,422,0,422
1825,2014,422,0,422
1825,2015,422,0,422
1825,2016,422,0,422
1825,2017,422,0,422
1825,2018,422,0,422
1825,2019,422,0,422
1826,2002,417,0,417
1826,2003,417,0,417
1826,2004,417,0,417
1826,2005,417,0,417
1826,2006,417,0,417
1826,2007,417,0,417
1826,2008,417,0,417
1826,2009,417,0,417
1826,2010,417,0,417
1826,2011,417,0,417
1826,2012,417,0,417
1826,2013,417,0,417
1826,2014,417,0,417
1826,2015,417,0,417
1826,2016,417,0,417
1826,2017,417,0,417
1827,2007,416,0,416
1827,2008,416,0,416
1827,2009,416,0,416
1827,2010,416,0,416
1827,2011,416,0,416
1827,2012,416,0,416
1827,2013,416,0,416
1827,2014,416,0,416
1827,2015,416,0,416
1827,2016,416,0,416
1827,2017,416,0,416
1827,2018,416,0,416
1827,2019,416,0,416
1828,1998,416,0,416
1828,1999,416,0,416
1828,2000,416,0,416
1828,2001,416,0,416
1828,2002,416,0,416
1828,2003,416,0,416
1828,2004,416,0,416
1828,2005,416,0,416
1829,1998,408,0,408
1829,1999,408,0,408
1829,2000,408,0,408
1829,2001,408,0,408
1830,2010,406,0,406
1830,2011,406,0,406
1830,2012,406,0,406
1830,2013,406,0,406
1830,2014,406,0,406
1830,2015,406,0,406
1830,2016,406,0,406
1830,2017,406,0,406
1830,2018,406,0,406
1830,2019,406,0,406
1831,2006,404,0,404
1832,2003,404,0,404
1833,1998,403,0,403
1833,1999,403,0,403
1833,2000,403,0,403
1833,2001,403,0,403
1833,2002,403,0,403
1833,2003,403,0,403
1833,2004,403,0,403
1833,2005,403,0,403
1833,2006,403,0,403
1833,2007,403,0,403
1833,2008,403,0,403
1833,2009,403,0,403
1833,2010,403,0,403
1833,2011,403,0,403
1833,2012,403,0,403
1833,2013,403,0,403
1833,2014,403,0,403
1833,2015,403,0,403
1833,2016,403,0,403
1833,2017,403,0,403
1833,2018,403,0,403
1833,2019,403,0,403
1834,2010,398,0,398
1834,2011,398,0,398
1834,2012,398,0,398
1834,2013,398,0,398
1834,2014,398,0,398
1834,2015,398,0,398
1834,2016,398,0,398
1834,2017,398,0,398
1834,2018,398,0,398
1834,2019,398,0,398
1835,2007,398,0,398
1835,2008,398,0,398
1835,2009,398,0,398
1835,2010,398,0,398
1835,2011,398,0,398
1835,2012,398,0,398
1835,2013,398,0,398
1835,2014,398,0,398
1835,2015,398,0,398
1835,2016,398,0,398
1835,2017,398,0,398
1835,2018,398,0,398
1835,2019,398,0,398
1836,1998,398,0,398
1836,1999,398,0,398
1836,2000,398,0,398
1836,2001,398,0,398
1836,2002,398,0,398
1836,2003,398,0,398
1836,2004,398,0,398
1836,2005,398,0,398
1837,1998,397,0,397
1837,1999,397,0,397
1837,2000,397,0,397
1837,2001,397,0,397
1837,2002,397,0,397
1837,2003,397,0,397
1837,2004,397,0,397
1837,2005,397,0,397
1837,2006,397,0,397
1837,2007,397,0,397
1837,2008,397,0,397
1837,2009,397,0,397
1837,2010,397,0,397
1837,2011,397,0,397
1837,2012,397,0,397
1837,2013,397,0,397
1837,2014,397,0,397
1837,2015,397,0,397
1837,2016,397,0,397
1837,2017,397,0,397
1837,2018,397,0,397
1837,2019,397,0,397
1838,1998,365,0,365
1838,1999,365,0,365
1838,2000,365,0,365
1838,2001,365,0,365
1838,2002,365,0,365
1838,2003,365,0,365
1838,2004,365,0,365
1838,2005,365,0,365
1838,2006,365,0,365
1838,2007,365,0,365
1838,2008,365,0,365
1838,2009,365,0,365
1838,2010,365,0,365
1838,2011,365,0,365
1838,2012,365,0,365
1838,2013,365,0,365
1838,2014,397,0,397
1838,2015,397,0,397
1838,2016,397,0,397
1838,2017,397,0,397
1838,2018,397,0,397
1839,1998,391,0,391
1839,1999,391,0,391
1839,2000,391,0,391
1839,2001,391,0,391
1839,2002,391,0,391
1839,2003,391,0,391
1839,2004,391,0,391
1839,2005,391,0,391
1839,2006,391,0,391
1839,2007,391,0,391
1839,2008,391,0,391
1839,2009,391,0,391
1839,2010,391,0,391
1839,2011,391,0,391
1839,2012,391,0,391
1839,2013,391,0,391
1839,2014,391,0,391
1839,2015,391,0,391
1839,2016,391,0,391
1839,2017,391,0,391
1839,2018,391,0,391
1840,2000,0,390,390
1840,2001,0,390,390
1840,2002,0,390,390
1840,2003,0,390,390
1840,2004,0,390,390
1840,2005,0,390,390
1840,2006,0,390,390
1840,2007,0,390,390
1840,2008,0,390,390
1840,2009,0,390,390
1840,2010,0,390,390
1840,2011,0,390,390
1840,2012,0,390,390
1840,2013,0,390,390
1840,2014,0,390,390
1840,2015,0,390,390
1840,2016,0,390,390
1840,2017,0,390,390
1840,2018,0,390,390
1840,2019,0,390,390
1841,1998,386,0,386
1841,1999,386,0,386
1841,2000,345,0,345
1841,2001,345,0,345
1841,2002,345,0,345
1841,2003,345,0,345
1841,2004,345,0,345
1841,2005,345,0,345
1841,2006,345,0,345
1841,2007,345,0,345
1841,2008,345,0,345
1841,2009,345,0,345
1841,2010,345,0,345
1841,2011,345,0,345
1841,2012,345,0,345
1841,2013,345,0,345
1841,2014,345,0,345
1841,2015,345,0,345
1841,2016,345,0,345
1841,2017,345,0,345
1841,2018,345,0,345
1841,2019,345,0,345
1842,2000,386,0,386
1842,2001,386,0,386
1842,2002,386,0,386
1842,2003,386,0,386
1842,2004,386,0,386
1842,2005,386,0,386
1842,2006,386,0,386
1842,2007,386,0,386
1842,2008,386,0,386
1842,2009,386,0,386
1842,2010,386,0,386
1842,2011,386,0,386
1842,2012,386,0,386
1842,2013,386,0,386
1842,2014,386,0,386
1842,2015,386,0,386
1842,2016,386,0,386
1842,2017,365,0,365
1842,2018,365,0,365
1842,2019,365,0,365
1843,2018,386,0,386
1844,2009,385,0,385
1844,2010,385,0,385
1844,2011,385,0,385
1844,2012,385,0,385
1844,2013,385,0,385
1844,2014,385,0,385
1844,2015,385,0,385
1844,2016,385,0,385
1844,2017,385,0,385
1845,1998,384,0,384
1845,1999,384,0,384
1845,2000,384,0,384
1845,2001,384,0,384
1845,2002,384,0,384
1845,2003,384,0,384
1845,2004,384,0,384
1845,2005,384,0,384
1845,2006,384,0,384
1845,2007,384,0,384
1845,2008,384,0,384
1845,2009,384,0,384
1845,2010,384,0,384
1845,2011,384,0,384
1845,2012,384,0,384
1845,2013,384,0,384
1845,2014,384,0,384
1845,2015,384,0,384
1845,2016,384,0,384
1845,2017,384,0,384
1845,2018,384,0,384
1845,2019,384,0,384
1846,1998,383,0,383
1846,1999,383,0,383
1846,2000,383,0,383
1846,2001,383,0,383
1846,2002,383,0,383
1846,2003,383,0,383
1846,2004,383,0,383
1846,2005,383,0,383
1846,2006,383,0,383
1846,2007,383,0,383
1846,2008,383,0,383
1846,2009,383,0,383
1846,2010,383,0,383
1846,2011,383,0,383
1846,2012,383,0,383
1846,2013,383,0,383
1846,2014,383,0,383
1846,2015,383,0,383
1846,2016,383,0,383
1846,2017,383,0,383
1846,2018,383,0,383
1846,2019,383,0,383
1847,1998,382,0,382
1847,1999,382,0,382
1847,2000,382,0,382
1847,2001,382,0,382
1847,2002,382,0,382
1847,2003,382,0,382
1847,2004,382,0,382
1847,2005,382,0,382
1847,2006,382,0,382
1847,2007,382,0,382
1847,2008,382,0,382
1848,2004,382,0,382
1849,1998,382,0,382
1850,1998,378,0,378
1850,1999,378,0,378
1850,2000,378,0,378
1850,2001,378,0,378
1850,2002,378,0,378
1850,2003,378,0,378
1850,2004,378,0,378
1850,2005,378,0,378
1850,2006,378,0,378
1850,2007,378,0,378
1850,2008,378,0,378
1850,2009,378,0,378
1850,2010,378,0,378
1850,2011,378,0,378
1850,2012,378,0,378
1850,2013,378,0,378
1850,2014,378,0,378
1850,2015,378,0,378
1850,2016,378,0,378
1850,2017,378,0,378
1850,2018,378,0,378
1850,2019,378,0,378
1851,2002,367,0,367
1852,2017,365,0,365
1852,2018,365,0,365
1852,2019,366,0,366
1853,2002,365,0,365
1853,2003,365,0,365
1853,2004,365,0,365
1853,2005,365,0,365
1853,2006,365,0,365
1853,2007,365,0,365
1853,2008,365,0,365
1853,2009,365,0,365
1853,2010,365,0,365
1853,2011,365,0,365
1853,2012,365,0,365
1853,2013,365,0,365
1853,2014,365,0,365
1853,2015,365,0,365
1853,2016,365,0,365
1853,2017,365,0,365
1853,2018,365,0,365
1853,2019,365,0,365
1854,1998,364,0,364
1854,1999,364,0,364
1854,2000,364,0,364
1854,2001,364,0,364
1854,2002,364,0,364
1854,2003,364,0,364
1854,2004,364,0,364
1854,2005,364,0,364
1854,2006,364,0,364
1854,2007,364,0,364
1854,2008,364,0,364
1854,2009,364,0,364
1854,2010,364,0,364
1854,2011,364,0,364
1854,2012,364,0,364
1854,2013,364,0,364
1854,2014,364,0,364
1854,2015,364,0,364
1854,2016,364,0,364
1854,2017,364,0,364
1854,2018,364,0,364
1854,2019,364,0,364
1855,1998,358,0,358
1855,1999,358,0,358
1855,2000,358,0,358
1855,2001,358,0,358
1855,2002,358,0,358
1855,2003,358,0,358
1855,2004,358,0,358
1855,2005,358,0,358
1855,2006,358,0,358
1855,2007,358,0,358
1855,2008,358,0,358
1855,2009,358,0,358
1855,2010,358,0,358
1855,2011,358,0,358
1855,2012,358,0,358
1856,1998,357,0,357
1856,1999,357,0,357
1856,2000,357,0,357
1856,2001,357,0,357
1856,2002,357,0,357
1856,2003,357,0,357
1856,2004,357,0,357
1856,2005,357,0,357
1856,2006,357,0,357
1856,2007,357,0,357
1856,2008,357,0,357
1856,2009,357,0,357
1856,2010,357,0,357
1856,2011,357,0,357
1856,2012,357,0,357
1856,2013,357,0,357
1856,2014,357,0,357
1856,2015,357,0,357
1856,2016,357,0,357
1856,2017,357,0,357
1856,2018,357,0,357
1856,2019,357,0,357
1857,1998,355,0,355
1857,1999,355,0,355
1857,2000,355,0,355
1857,2001,355,0,355
1857,2002,355,0,355
1857,2003,355,0,355
1857,2004,355,0,355
1857,2005,355,0,355
1857,2006,355,0,355
1857,2007,355,0,355
1857,2008,355,0,355
1857,2009,355,0,355
1857,2010,355,0,355
1857,2011,355,0,355
1857,2012,355,0,355
1857,2013,355,0,355
1857,2014,355,0,355
1857,2015,355,0,355
1857,2016,355,0,355
1857,2017,355,0,355
1857,2018,355,0,355
1857,2019,355,0,355
1858,2017,352,0,352
1859,2000,350,0,350
1859,2001,350,0,350
1859,2002,350,0,350
1859,2003,350,0,350
1859,2004,350,0,350
1859,2005,350,0,350
1859,2006,350,0,350
1859,2007,350,0,350
1859,2008,350,0,350
1859,2009,350,0,350
1859,2010,350,0,350
1859,2011,350,0,350
1859,2012,350,0,350
1859,2013,350,0,350
1859,2014,350,0,350
1859,2015,350,0,350
1859,2016,350,0,350
1859,2017,350,0,350
1859,2018,350,0,350
1859,2019,350,0,350
1860,2014,349,0,349
1860,2015,349,0,349
1860,2016,349,0,349
1860,2017,349,0,349
1860,2018,349,0,349
1860,2019,349,0,349
1861,2017,348,0,348
1861,2018,348,0,348
1862,1998,346,0,346
1862,1999,346,0,346
1862,2000,346,0,346
1862,2001,346,0,346
1862,2002,346,0,346
1862,2003,346,0,346
1862,2004,346,0,346
1862,2005,346,0,346
1862,2006,346,0,346
1862,2007,346,0,346
1862,2008,346,0,346
1862,2009,346,0,346
1862,2010,346,0,346
1862,2011,346,0,346
1862,2012,346,0,346
1862,2013,346,0,346
1862,2014,346,0,346
1862,2015,346,0,346
1862,2016,346,0,346
1862,2017,346,0,346
1862,2018,346,0,346
1862,2019,346,0,346
1863,2016,344,0,344
1863,2017,344,0,344
1864,2012,344,0,344
1865,2009,344,0,344
1865,2010,344,0,344
1866,2017,343,0,343
1866,2018,343,0,343
1867,2010,343,0,343
1868,1998,340,0,340
1868,1999,340,0,340
1868,2000,340,0,340
1868,2001,340,0,340
1868,2002,340,0,340
1868,2003,340,0,340
1868,2004,340,0,340
1868,2005,340,0,340
1868,2006,340,0,340
1868,2007,340,0,340
1868,2008,340,0,340
1868,2009,340,0,340
1868,2010,340,0,340
1868,2011,340,0,340
1868,2012,340,0,340
1868,2013,340,0,340
1868,2014,340,0,340
1868,2015,340,0,340
1868,2016,340,0,340
1868,2017,340,0,340
1868,2018,340,0,340
1868,2019,340,0,340
1869,2014,340,0,340
1869,2015,340,0,340
1869,2016,340,0,340
1869,2017,340,0,340
1869,2018,340,0,340
1869,2019,340,0,340
1870,2014,338,0,338
1870,2015,338,0,338
1870,2016,338,0,338
1870,2017,338,0,338
1870,2018,338,0,338
1871,2006,337,0,337
1871,2007,337,0,337
1871,2008,337,0,337
1871,2009,337,0,337
1871,2010,337,0,337
1871,2011,337,0,337
1871,2012,337,0,337
1871,2013,337,0,337
1871,2014,337,0,337
1871,2015,337,0,337
1871,2016,337,0,337
1872,2016,336,0,336
1872,2017,336,0,336
1872,2018,336,0,336
1872,2019,336,0,336
1873,2017,336,0,336
1874,2018,335,0,335
1874,2019,335,0,335
1875,2012,335,0,335
1875,2013,335,0,335
1875,2014,335,0,335
1875,2015,335,0,335
1875,2016,335,0,335
1876,2017,334,0,334
1876,2018,334,0,334
1876,2019,334,0,334
1877,2010,334,0,334
1877,2011,334,0,334
1877,2012,334,0,334
1877,2013,334,0,334
1877,2014,334,0,334
1877,2015,334,0,334
1878,1998,333,0,333
1878,1999,333,0,333
1879,2010,331,0,331
1879,2011,331,0,331
1879,2012,331,0,331
1879,2013,331,0,331
1879,2014,331,0,331
1879,2015,331,0,331
1879,2016,331,0,331
1879,2017,331,0,331
1879,2018,331,0,331
1879,2019,331,0,331
1880,2018,326,0,326
1880,2019,326,0,326
1881,2008,287,0,287
1881,2009,287,0,287
1881,2010,287,0,287
1881,2011,287,0,287
1881,2012,326,0,326
1881,2013,326,0,326
1881,2014,326,0,326
1881,2015,326,0,326
1881,2016,326,0,326
1881,2017,326,0,326
1881,2018,326,0,326
1881,2019,326,0,326
1882,1998,325,0,325
1882,1999,325,0,325
1882,2000,325,0,325
1882,2001,325,0,325
1882,2002,325,0,325
1882,2003,325,0,325
1882,2004,325,0,325
1882,2005,325,0,325
1882,2006,325,0,325
1882,2007,325,0,325
1882,2008,325,0,325
1882,2009,325,0,325
1882,2010,325,0,325
1882,2011,325,0,325
1882,2012,325,0,325
1882,2013,325,0,325
1882,2014,325,0,325
1882,2015,325,0,325
1882,2016,325,0,325
1882,2017,325,0,325
1882,2018,325,0,325
1882,2019,325,0,325
1883,1998,217,0,217
1883,1999,217,0,217
1883,2000,217,0,217
1883,2001,323,0,323
1883,2002,323,0,323
1883,2003,323,0,323
1883,2004,323,0,323
1883,2005,323,0,323
1883,2006,323,0,323
1883,2007,323,0,323
1883,2008,323,0,323
1883,2009,323,0,323
1883,2010,50,0,50
1884,2019,319,0,319
1885,2010,318,0,318
1886,2001,318,0,318
1886,2002,318,0,318
1886,2003,318,0,318
1887,1999,318,0,318
1888,1999,317,0,317
1888,2000,317,0,317
1889,2008,316,0,316
1889,2009,316,0,316
1889,2010,316,0,316
1889,2011,316,0,316
1889,2012,247,0,247
1889,2013,247,0,247
1889,2014,247,0,247
1889,2015,247,0,247
1889,2016,247,0,247
1889,2017,247,0,247
1889,2018,247,0,247
1889,2019,247,0,247
1890,2001,278,0,278
1890,2002,278,0,278
1890,2003,278,0,278
1890,2004,278,0,278
1890,2005,278,0,278
1890,2006,278,0,278
1890,2007,278,0,278
1890,2008,278,0,278
1890,2009,278,0,278
1890,2010,278,0,278
1890,2011,278,0,278
1890,2012,278,0,278
1890,2013,314,0,314
1890,2014,314,0,314
1890,2015,314,0,314
1890,2016,314,0,314
1890,2017,314,0,314
1890,2018,314,0,314
1890,2019,314,0,314
1891,2014,313,0,313
1891,2015,313,0,313
1891,2016,313,0,313
1891,2017,313,0,313
1892,2012,313,0,313
1893,1998,311,0,311
1893,1999,311,0,311
1893,2000,311,0,311
1893,2001,311,0,311
1893,2002,311,0,311
1893,2003,311,0,311
1893,2004,311,0,311
1893,2005,311,0,311
1893,2006,311,0,311
1893,2007,311,0,311
1893,2008,311,0,311
1893,2009,311,0,311
1893,2010,311,0,311
1893,2011,311,0,311
1893,2012,311,0,311
1893,2013,311,0,311
1893,2014,311,0,311
1893,2015,311,0,311
1893,2016,311,0,311
1894,1998,309,0,309
1894,1999,309,0,309
1894,2000,309,0,309
1894,2001,309,0,309
1895,2016,306,0,306
1895,2017,306,0,306
1895,2018,306,0,306
1895,2019,306,0,306
1896,1998,301,0,301
1896,1999,301,0,301
1896,2000,301,0,301
1896,2001,301,0,301
1896,2002,301,0,301
1896,2003,301,0,301
1896,2004,301,0,301
1896,2005,301,0,301
1896,2006,301,0,301
1896,2007,301,0,301
1896,2008,301,0,301
1896,2009,301,0,301
1896,2010,301,0,301
1896,2011,301,0,301
1896,2012,301,0,301
1896,2013,301,0,301
1896,2014,301,0,301
1896,2015,301,0,301
1896,2016,301,0,301
1896,2017,301,0,301
1896,2018,301,0,301
1896,2019,301,0,301
1897,2018,299,0,299
1898,1998,296,0,296
1898,1999,296,0,296
1898,2000,296,0,296
1898,2001,296,0,296
1898,2002,296,0,296
1898,2003,296,0,296
1898,2004,296,0,296
1898,2005,296,0,296
1898,2006,296,0,296
1898,2007,296,0,296
1898,2008,296,0,296
1898,2009,296,0,296
1898,2010,296,0,296
1898,2011,296,0,296
1898,2012,296,0,296
1898,2013,296,0,296
1898,2014,296,0,296
1898,2015,296,0,296
1898,2016,244,0,244
1898,2017,244,0,244
1898,2018,244,0,244
1898,2019,244,0,244
1899,1998,286,0,286
1899,1999,286,0,286
1899,2000,286,0,286
1899,2001,286,0,286
1899,2002,286,0,286
1899,2003,286,0,286
1899,2004,286,0,286
1899,2005,286,0,286
1899,2006,286,0,286
1899,2007,286,0,286
1899,2008,286,0,286
1899,2009,286,0,286
1899,2010,286,0,286
1899,2011,286,0,286
1899,2012,286,0,286
1899,2013,286,0,286
1899,2014,286,0,286
1899,2015,286,0,286
1899,2016,286,0,286
1899,2017,286,0,286
1899,2018,286,0,286
1899,2019,286,0,286
1900,2018,285,0,285
1901,2005,285,0,285
1902,1998,278,0,278
1902,1999,278,0,278
1902,2000,278,0,278
1902,2001,278,0,278
1902,2002,278,0,278
1902,2003,278,0,278
1902,2004,278,0,278
1902,2005,278,0,278
1902,2006,278,0,278
1902,2007,278,0,278
1902,2008,278,0,278
1902,2009,278,0,278
1902,2010,278,0,278
1902,2011,278,0,278
1902,2012,278,0,278
1902,2013,278,0,278
1902,2014,278,0,278
1902,2015,278,0,278
1902,2016,278,0,278
1902,2017,278,0,278
1902,2018,278,0,278
1902,2019,278,0,278
1903,1999,278,0,278
1904,2019,277,0,277
1905,2017,277,0,277
1906,2008,277,0,277
1906,2009,277,0,277
1906,2010,277,0,277
1906,2011,277,0,277
1907,2001,277,0,277
1907,2002,277,0,277
1907,2003,277,0,277
1907,2004,277,0,277
1907,2005,277,0,277
1907,2006,277,0,277
1908,1999,277,0,277
1909,1998,276,0,276
1909,1999,276,0,276
1909,2000,276,0,276
1909,2001,276,0,276
1909,2002,276,0,276
1909,2003,276,0,276
1909,2004,276,0,276
1909,2005,276,0,276
1909,2006,276,0,276
1909,2007,276,0,276
1909,2008,276,0,276
1909,2009,276,0,276
1909,2010,276,0,276
1909,2011,276,0,276
1909,2012,276,0,276
1909,2013,276,0,276
1909,2014,276,0,276
1909,2015,276,0,276
1909,2016,276,0,276
1909,2017,276,0,276
1909,2018,276,0,276
1909,2019,276,0,276
1910,1998,276,0,276
1910,1999,276,0,276
1910,2000,276,0,276
1910,2001,276,0,276
1910,2002,276,0,276
1910,2003,276,0,276
1910,2004,276,0,276
1910,2005,276,0,276
1910,2006,276,0,276
1910,2007,276,0,276
1910,2008,276,0,276
1910,2009,276,0,276
1910,2010,276,0,276
1910,2011,276,0,276
1910,2012,276,0,276
1910,2013,276,0,276
1910,2014,276,0,276
1910,2015,276,0,276
1910,2016,276,0,276
1910,2017,276,0,276
1910,2018,276,0,276
1910,2019,276,0,276
1911,2018,276,0,276
1911,2019,276,0,276
1912,1998,276,0,276
1912,1999,276,0,276
1912,2000,276,0,276
1912,2001,276,0,276
1912,2002,276,0,276
1912,2003,276,0,276
1912,2004,276,0,276
1912,2005,276,0,276
1912,2006,276,0,276
1912,2007,276,0,276
1912,2008,276,0,276
1912,2009,276,0,276
1912,2010,276,0,276
1912,2011,276,0,276
1912,2012,276,0,276
1912,2013,276,0,276
1912,2014,276,0,276
1913,1998,273,0,273
1913,1999,273,0,273
1913,2000,247,0,247
1913,2001,247,0,247
1913,2002,247,0,247
1913,2003,247,0,247
1913,2004,247,0,247
1913,2005,247,0,247
1913,2006,247,0,247
1913,2007,247,0,247
1913,2008,247,0,247
1913,2009,247,0,247
1913,2010,247,0,247
1913,2011,247,0,247
1913,2012,247,0,247
1913,2013,247,0,247
1913,2014,247,0,247
1913,2015,247,0,247
1913,2016,247,0,247
1913,2017,247,0,247
1913,2018,247,0,247
1913,2019,247,0,247
1914,2017,269,0,269
1914,2018,269,0,269
1914,2019,269,0,269
1915,1999,268,0,268
1916,1998,199,0,199
1916,1999,199,0,199
1916,2000,199,0,199
1916,2001,199,0,199
1916,2002,264,0,264
1916,2003,264,0,264
1916,2004,264,0,264
1916,2005,264,0,264
1916,2006,264,0,264
1916,2007,264,0,264
1916,2008,264,0,264
1916,2009,264,0,264
1916,2010,264,0,264
1916,2011,264,0,264
1916,2012,264,0,264
1916,2013,264,0,264
1916,2014,264,0,264
1916,2015,264,0,264
1916,2016,264,0,264
1916,2017,264,0,264
1916,2018,264,0,264
1917,2012,262,0,262
1917,2013,262,0,262
1917,2014,262,0,262
1917,2015,262,0,262
1917,2016,262,0,262
1917,2017,262,0,262
1917,2018,262,0,262
1917,2019,262,0,262
1918,1998,257,0,257
1918,1999,259,0,259
1918,2000,259,0,259
1918,2001,259,0,259
1918,2002,259,0,259
1918,2003,259,0,259
1918,2004,259,0,259
1918,2005,259,0,259
1918,2006,259,0,259
1918,2007,259,0,259
1918,2008,259,0,259
1918,2009,259,0,259
1918,2010,259,0,259
1918,2011,259,0,259
1918,2012,259,0,259
1918,2013,259,0,259
1918,2014,259,0,259
1918,2015,259,0,259
1918,2016,259,0,259
1918,2017,259,0,259
1918,2018,259,0,259
1918,2019,259,0,259
1919,2017,256,0,256
1919,2018,256,0,256
1919,2019,256,0,256
1920,2013,254,0,254
1921,1998,254,0,254
1921,1999,254,0,254
1921,2000,254,0,254
1921,2001,254,0,254
1921,2002,254,0,254
1921,2003,254,0,254
1921,2004,254,0,254
1921,2005,254,0,254
1922,1998,253,0,253
1922,1999,253,0,253
1922,2000,253,0,253
1922,2001,253,0,253
1922,2002,253,0,253
1922,2003,253,0,253
1922,2004,253,0,253
1922,2005,253,0,253
1922,2006,253,0,253
1922,2007,253,0,253
1922,2008,253,0,253
1922,2009,253,0,253
1922,2010,253,0,253
1922,2011,253,0,253
1922,2012,253,0,253
1922,2013,253,0,253
1922,2014,253,0,253
1922,2015,253,0,253
1922,2016,253,0,253
1922,2017,253,0,253
1922,2018,253,0,253
1922,2019,253,0,253
1923,2010,251,0,251
1923,2011,251,0,251
1924,2006,248,0,248
1925,1998,248,0,248
1925,1999,248,0,248
1926,1998,243,0,243
1926,1999,243,0,243
1926,2000,243,0,243
1926,2001,243,0,243
1926,2002,243,0,243
1926,2003,243,0,243
1927,1998,242,0,242
1927,1999,242,0,242
1927,2000,242,0,242
1927,2001,242,0,242
1927,2002,242,0,242
1927,2003,242,0,242
1927,2004,242,0,242
1927,2005,242,0,242
1927,2006,242,0,242
1927,2007,242,0,242
1927,2008,242,0,242
1927,2009,242,0,242
1927,2010,242,0,242
1927,2011,242,0,242
1927,2012,242,0,242
1927,2013,242,0,242
1927,2014,242,0,242
1927,2015,242,0,242
1927,2016,242,0,242
1927,2017,242,0,242
1927,2018,242,0,242
1927,2019,242,0,242
1928,1998,239,0,239
1928,1999,239,0,239
1929,1998,227,0,227
1929,1999,227,0,227
1929,2000,227,0,227
1929,2001,227,0,227
1929,2002,227,0,227
1929,2003,227,0,227
1929,2004,227,0,227
1929,2005,227,0,227
1929,2006,227,0,227
1929,2007,227,0,227
1929,2008,227,0,227
1929,2009,227,0,227
1929,2010,227,0,227
1929,2011,227,0,227
1929,2012,227,0,227
1929,2013,227,0,227
1929,2014,227,0,227
1929,2015,227,0,227
1929,2016,227,0,227
1929,2017,227,0,227
1929,2018,227,0,227
1929,2019,227,0,227
1930,1998,221,0,221
1930,1999,221,0,221
1930,2000,221,0,221
1930,2001,221,0,221
1930,2002,221,0,221
1930,2003,221,0,221
1930,2004,221,0,221
1930,2005,225,0,225
1930,2006,225,0,225
1930,2007,225,0,225
1930,2008,225,0,225
1930,2009,225,0,225
1930,2010,225,0,225
1930,2011,225,0,225
1930,2012,225,0,225
1930,2013,225,0,225
1930,2014,225,0,225
1930,2015,225,0,225
1930,2016,225,0,225
1930,2017,225,0,225
1930,2018,225,0,225
1930,2019,225,0,225
1931,2002,225,0,225
1931,2003,225,0,225
1931,2004,225,0,225
1931,2005,225,0,225
1931,2006,225,0,225
1931,2007,225,0,225
1931,2008,225,0,225
1931,2009,225,0,225
1931,2010,225,0,225
1931,2011,225,0,225
1931,2012,225,0,225
1931,2013,225,0,225
1931,2014,225,0,225
1931,2015,225,0,225
1931,2016,225,0,225
1932,1998,220,0,220
1932,1999,220,0,220
1932,2000,220,0,220
1932,2001,220,0,220
1932,2002,220,0,220
1932,2003,220,0,220
1932,2004,220,0,220
1932,2005,220,0,220
1932,2006,220,0,220
1932,2007,220,0,220
1932,2008,220,0,220
1932,2009,220,0,220
1932,2010,220,0,220
1932,2011,220,0,220
1932,2012,220,0,220
1932,2013,220,0,220
1932,2014,220,0,220
1932,2015,220,0,220
1932,2016,220,0,220
1932,2017,220,0,220
1932,2018,220,0,220
1932,2019,220,0,220
1933,2017,217,0,217
1933,2018,217,0,217
1933,2019,217,0,217
1934,1998,214,0,214
1934,1999,214,0,214
1934,2000,214,0,214
1934,2001,214,0,214
1934,2002,214,0,214
1934,2003,214,0,214
1934,2004,214,0,214
1934,2005,214,0,214
1934,2006,214,0,214
1934,2007,214,0,214
1934,2008,214,0,214
1934,2009,214,0,214
1934,2010,214,0,214
1934,2011,214,0,214
1934,2012,214,0,214
1934,2013,214,0,214
1934,2014,214,0,214
1934,2015,214,0,214
1934,2016,214,0,214
1934,2017,214,0,214
1934,2018,214,0,214
1934,2019,214,0,214
1935,2003,214,0,214
1935,2004,214,0,214
1935,2005,214,0,214
1935,2006,214,0,214
1935,2007,214,0,214
1935,2008,214,0,214
1935,2009,214,0,214
1935,2010,214,0,214
1935,2011,214,0,214
1935,2012,214,0,214
1935,2013,214,0,214
1935,2014,214,0,214
1935,2015,214,0,214
1935,2016,214,0,214
1935,2017,214,0,214
1935,2018,214,0,214
1935,2019,214,0,214
1936,1998,171,0,171
1936,1999,171,0,171
1936,2000,171,0,171
1936,2001,171,0,171
1936,2002,171,0,171
1936,2003,171,0,171
1936,2004,185,0,185
1936,2005,185,0,185
1936,2006,185,0,185
1936,2007,185,0,185
1936,2008,213,0,213
1936,2009,213,0,213
1936,2010,213,0,213
1936,2011,213,0,213
1936,2012,213,0,213
1936,2013,213,0,213
1936,2014,213,0,213
1936,2015,213,0,213
1936,2016,213,0,213
1936,2017,213,0,213
1936,2018,213,0,213
1936,2019,213,0,213
1937,1998,212,0,212
1937,1999,212,0,212
1937,2000,212,0,212
1937,2001,212,0,212
1937,2002,212,0,212
1937,2003,212,0,212
1937,2004,212,0,212
1937,2005,212,0,212
1937,2006,212,0,212
1937,2007,212,0,212
1937,2008,212,0,212
1937,2009,212,0,212
1937,2010,212,0,212
1937,2011,212,0,212
1937,2012,212,0,212
1937,2013,212,0,212
1937,2014,212,0,212
1937,2015,212,0,212
1938,2013,210,0,210
1938,2014,210,0,210
1938,2015,210,0,210
1938,2016,210,0,210
1938,2017,210,0,210
1938,2018,210,0,210
1938,2019,210,0,210
1939,2010,209,0,209
1939,2011,209,0,209
1939,2012,209,0,209
1939,2013,209,0,209
1939,2014,209,0,209
1939,2015,209,0,209
1939,2016,209,0,209
1939,2017,209,0,209
1939,2018,209,0,209
1939,2019,209,0,209
1940,2003,209,0,209
1940,2004,209,0,209
1940,2005,209,0,209
1940,2006,209,0,209
1940,2007,209,0,209
1940,2008,209,0,209
1940,2009,209,0,209
1940,2010,209,0,209
1940,2011,209,0,209
1940,2012,209,0,209
1940,2013,209,0,209
1940,2014,209,0,209
1940,2015,209,0,209
1940,2016,209,0,209
1940,2017,209,0,209
1940,2018,209,0,209
1940,2019,209,0,209
1941,2006,206,0,206
1942,2010,0,202,202
1943,2018,201,0,201
1943,2019,201,0,201
1944,2000,201,0,201
1945,2001,198,0,198
1946,2014,195,0,195
1946,2015,195,0,195
1946,2016,195,0,195
1947,2007,195,0,195
1947,2008,195,0,195
1947,2009,195,0,195
1948,2000,195,0,195
1949,2018,194,0,194
1949,2019,194,0,194
1950,1998,193,0,193
1950,1999,193,0,193
1950,2000,193,0,193
1950,2001,193,0,193
1950,2002,193,0,193
1950,2003,193,0,193
1950,2004,193,0,193
1950,2005,193,0,193
1950,2006,193,0,193
1950,2007,193,0,193
1950,2008,193,0,193
1950,2009,193,0,193
1950,2010,193,0,193
1950,2011,193,0,193
1950,2012,193,0,193
1950,2013,193,0,193
1950,2014,193,0,193
1950,2015,193,0,193
1950,2016,193,0,193
1950,2017,193,0,193
1950,2018,166,0,166
1950,2019,166,0,166
1951,2017,192,0,192
1951,2018,192,0,192
1951,2019,192,0,192
1952,2014,192,0,192
1952,2015,192,0,192
1953,1998,191,0,191
1953,1999,191,0,191
1953,2000,191,0,191
1953,2001,191,0,191
1953,2002,188,0,188
1953,2003,188,0,188
1953,2004,188,0,188
1953,2005,188,0,188
1953,2006,188,0,188
1953,2007,188,0,188
1953,2008,188,0,188
1953,2009,188,0,188
1953,2010,188,0,188
1953,2011,188,0,188
1953,2012,188,0,188
1953,2013,188,0,188
1953,2014,188,0,188
1953,2015,188,0,188
1953,2016,188,0,188
1953,2017,188,0,188
1953,2018,188,0,188
1953,2019,188,0,188
1954,2018,190,0,190
1954,2019,190,0,190
1955,1998,190,0,190
1955,1999,190,0,190
1955,2000,190,0,190
1955,2001,190,0,190
1955,2002,190,0,190
1955,2003,190,0,190
1955,2004,190,0,190
1955,2005,190,0,190
1955,2006,190,0,190
1955,2007,190,0,190
1955,2008,190,0,190
1955,2009,190,0,190
1955,2010,190,0,190
1955,2011,190,0,190
1955,2012,190,0,190
1955,2013,190,0,190
1955,2014,190,0,190
1955,2015,190,0,190
1955,2016,190,0,190
1955,2017,190,0,190
1955,2018,190,0,190
1955,2019,190,0,190
1956,1998,190,0,190
1956,1999,190,0,190
1956,2000,190,0,190
1956,2001,190,0,190
1957,1998,0,188,188
1957,1999,0,188,188
1957,2000,0,188,188
1957,2001,0,188,188
1957,2002,0,188,188
1957,2003,0,188,188
1957,2004,0,188,188
1957,2005,0,188,188
1957,2006,0,188,188
1957,2007,0,188,188
1957,2008,0,188,188
1957,2009,0,188,188
1957,2010,0,188,188
1957,2011,0,188,188
1957,2012,0,188,188
1957,2013,0,188,188
1957,2014,0,188,188
1957,2015,0,188,188
1957,2016,0,188,188
1957,2017,0,188,188
1957,2018,0,188,188
1957,2019,0,188,188
1958,1998,187,0,187
1958,1999,187,0,187
1958,2000,187,0,187
1958,2001,187,0,187
1958,2002,187,0,187
1958,2003,187,0,187
1958,2004,187,0,187
1958,2005,187,0,187
1958,2006,187,0,187
1958,2007,187,0,187
1958,2008,187,0,187
1958,2009,187,0,187
1958,2010,187,0,187
1958,2011,187,0,187
1958,2012,187,0,187
1958,2013,187,0,187
1958,2014,187,0,187
1958,2015,187,0,187
1958,2016,187,0,187
1958,2017,187,0,187
1958,2018,187,0,187
1958,2019,187,0,187
1959,1998,186,0,186
1959,1999,186,0,186
1959,2000,186,0,186
1959,2001,186,0,186
1959,2002,186,0,186
1959,2003,186,0,186
1959,2004,186,0,186
1959,2005,185,0,185
1959,2006,178,0,178
1959,2007,178,0,178
1959,2008,178,0,178
1959,2009,178,0,178
1959,2010,178,0,178
1959,2011,178,0,178
1959,2012,178,0,178
1959,2013,178,0,178
1959,2014,178,0,178
1959,2015,178,0,178
1959,2016,178,0,178
1959,2017,178,0,178
1959,2018,178,0,178
1959,2019,178,0,178
1960,2003,185,0,185
1960,2004,185,0,185
1960,2005,185,0,185
1960,2006,176,0,176
1960,2007,176,0,176
1960,2008,176,0,176
1960,2009,176,0,176
1960,2010,176,0,176
1960,2011,176,0,176
1960,2012,176,0,176
1960,2013,176,0,176
1960,2014,176,0,176
1960,2015,176,0,176
1960,2016,176,0,176
1960,2017,176,0,176
1960,2018,176,0,176
1960,2019,176,0,176
1961,2019,181,0,181
1962,2004,181,0,181
1962,2005,181,0,181
1962,2006,181,0,181
1962,2007,181,0,181
1962,2008,181,0,181
1962,2009,181,0,181
1962,2010,181,0,181
1962,2011,181,0,181
1962,2012,181,0,181
1962,2013,181,0,181
1962,2014,181,0,181
1962,2015,181,0,181
1962,2016,181,0,181
1962,2017,181,0,181
1963,1998,181,0,181
1963,1999,181,0,181
1963,2000,181,0,181
1964,1998,180,0,180
1964,1999,180,0,180
1964,2000,180,0,180
1964,2001,180,0,180
1964,2002,180,0,180
1964,2003,180,0,180
1964,2004,180,0,180
1964,2005,180,0,180
1964,2006,180,0,180
1964,2007,180,0,180
1964,2008,180,0,180
1964,2009,180,0,180
1964,2010,180,0,180
1964,2011,180,0,180
1964,2012,180,0,180
1964,2013,180,0,180
1964,2014,180,0,180
1964,2015,180,0,180
1964,2016,180,0,180
1964,2017,180,0,180
1964,2018,180,0,180
1964,2019,180,0,180
1965,1998,180,0,180
1965,1999,180,0,180
1965,2000,180,0,180
1965,2001,180,0,180
1965,2002,180,0,180
1965,2003,180,0,180
1965,2004,180,0,180
1965,2005,180,0,180
1965,2006,180,0,180
1965,2007,180,0,180
1965,2008,180,0,180
1965,2009,180,0,180
1965,2010,180,0,180
1965,2011,180,0,180
1965,2012,180,0,180
1965,2013,180,0,180
1965,2014,180,0,180
1965,2015,180,0,180
1965,2016,180,0,180
1965,2017,180,0,180
1965,2018,180,0,180
1965,2019,180,0,180
1966,2010,176,0,176
1966,2011,176,0,176
1966,2012,176,0,176
1967,2018,175,0,175
1967,2019,175,0,175
1968,2010,0,172,172
1969,2002,160,0,160
1969,2003,160,0,160
1969,2004,160,0,160
1969,2005,160,0,160
1969,2006,160,0,160
1969,2007,160,0,160
1969,2008,160,0,160
1969,2009,160,0,160
1969,2010,160,0,160
1969,2011,160,0,160
1969,2012,160,0,160
1969,2013,160,0,160
1969,2014,160,0,160
1969,2015,160,0,160
1969,2016,160,0,160
1969,2017,160,0,160
1969,2018,160,0,160
1969,2019,160,0,160
1970,2001,160,0,160
1970,2002,160,0,160
1971,2007,159,0,159
1971,2008,159,0,159
1971,2009,159,0,159
1971,2010,159,0,159
1971,2011,159,0,159
1971,2012,159,0,159
1971,2013,159,0,159
1971,2014,159,0,159
1971,2015,159,0,159
1971,2016,159,0,159
1971,2017,159,0,159
1971,2018,159,0,159
1971,2019,159,0,159
1972,2001,154,0,154
1972,2002,154,0,154
1972,2003,154,0,154
1972,2004,155,0,155
1972,2005,155,0,155
1972,2006,155,0,155
1972,2007,159,0,159
1972,2008,159,0,159
1972,2009,159,0,159
1972,2010,159,0,159
1972,2011,159,0,159
1972,2012,159,0,159
1972,2013,159,0,159
1972,2014,159,0,159
1972,2015,159,0,159
1972,2016,159,0,159
1972,2017,159,0,159
1973,1998,159,0,159
1973,1999,159,0,159
1973,2000,159,0,159
1973,2001,159,0,159
1973,2002,159,0,159
1973,2003,159,0,159
1973,2004,159,0,159
1973,2005,159,0,159
1974,2016,151,0,151
1974,2017,151,0,151
1974,2018,151,0,151
1974,2019,151,0,151
1975,1998,150,0,150
1975,1999,150,0,150
1975,2000,150,0,150
1975,2001,150,0,150
1975,2002,150,0,150
1975,2003,150,0,150
1975,2004,150,0,150
1975,2005,150,0,150
1975,2006,150,0,150
1975,2007,150,0,150
1975,2008,150,0,150
1975,2009,150,0,150
1975,2010,150,0,150
1975,2011,150,0,150
1975,2012,150,0,150
1975,2013,150,0,150
1975,2014,150,0,150
1975,2015,150,0,150
1975,2016,150,0,150
1975,2017,150,0,150
1975,2018,150,0,150
1975,2019,150,0,150
1976,1998,149,0,149
1976,1999,149,0,149
1976,2000,149,0,149
1976,2001,149,0,149
1976,2002,149,0,149
1976,2003,149,0,149
1976,2004,149,0,149
1976,2005,149,0,149
1976,2006,149,0,149
1976,2007,149,0,149
1976,2008,149,0,149
1976,2009,149,0,149
1976,2010,149,0,149
1976,2011,149,0,149
1976,2012,149,0,149
1976,2013,149,0,149
1976,2014,149,0,149
1976,2015,149,0,149
1976,2016,93,0,93
1976,2017,93,0,93
1976,2018,93,0,93
1976,2019,93,0,93
1977,2000,148,0,148
1977,2001,148,0,148
1977,2002,148,0,148
1977,2003,148,0,148
1977,2004,148,0,148
1977,2005,148,0,148
1977,2006,148,0,148
1977,2007,148,0,148
1977,2008,148,0,148
1977,2009,148,0,148
1977,2010,148,0,148
1977,2011,148,0,148
1977,2012,148,0,148
1977,2013,148,0,148
1977,2014,148,0,148
1977,2015,148,0,148
1977,2016,148,0,148
1977,2017,148,0,148
1977,2018,148,0,148
1977,2019,148,0,148
1978,1998,148,0,148
1979,1998,147,0,147
1979,1999,147,0,147
1979,2000,147,0,147
1979,2001,147,0,147
1979,2002,147,0,147
1979,2003,147,0,147
1979,2004,147,0,147
1979,2005,147,0,147
1979,2006,147,0,147
1979,2007,147,0,147
1979,2008,147,0,147
1979,2009,147,0,147
1979,2010,147,0,147
1979,2011,147,0,147
1979,2012,147,0,147
1979,2013,147,0,147
1979,2014,147,0,147
1979,2015,147,0,147
1979,2016,147,0,147
1979,2017,147,0,147
1979,2018,147,0,147
1979,2019,147,0,147
1980,2002,147,0,147
1980,2003,147,0,147
1980,2004,147,0,147
1980,2005,147,0,147
1980,2006,147,0,147
1980,2007,147,0,147
1980,2008,147,0,147
1980,2009,147,0,147
1980,2010,147,0,147
1980,2011,147,0,147
1980,2012,147,0,147
1980,2013,147,0,147
1980,2014,147,0,147
1980,2015,147,0,147
1980,2016,147,0,147
1980,2017,147,0,147
1980,2018,147,0,147
1980,2019,147,0,147
1981,2011,131,0,131
1981,2012,131,0,131
1981,2013,131,0,131
1981,2014,131,0,131
1981,2015,131,0,131
1981,2016,131,0,131
1981,2017,131,0,131
1981,2018,146,0,146
1981,2019,146,0,146
1982,2018,146,0,146
1982,2019,146,0,146
1983,2015,0,143,143
1983,2016,0,143,143
1983,2017,0,143,143
1983,2018,0,143,143
1983,2019,0,143,143
1984,1998,140,0,140
1984,1999,140,0,140
1984,2000,140,0,140
1984,2001,140,0,140
1984,2002,140,0,140
1984,2003,140,0,140
1984,2004,140,0,140
1984,2005,140,0,140
1984,2006,140,0,140
1984,2007,140,0,140
1984,2008,140,0,140
1984,2009,140,0,140
1984,2010,140,0,140
1984,2011,140,0,140
1984,2012,140,0,140
1984,2013,140,0,140
1984,2014,140,0,140
1984,2015,140,0,140
1984,2016,140,0,140
1984,2017,140,0,140
1984,2018,140,0,140
1984,2019,140,0,140
1985,1998,140,0,140
1985,1999,140,0,140
1985,2000,140,0,140
1985,2001,140,0,140
1985,2002,140,0,140
1985,2003,140,0,140
1985,2004,140,0,140
1985,2005,140,0,140
1985,2006,140,0,140
1985,2007,140,0,140
1985,2008,140,0,140
1985,2009,140,0,140
1986,1999,138,0,138
1986,2000,138,0,138
1986,2001,138,0,138
1986,2002,138,0,138
1986,2003,138,0,138
1986,2004,138,0,138
1986,2005,138,0,138
1986,2006,138,0,138
1986,2007,138,0,138
1986,2008,138,0,138
1986,2009,138,0,138
1986,2010,138,0,138
1986,2011,138,0,138
1987,1998,135,0,135
1987,1999,135,0,135
1987,2000,135,0,135
1987,2001,135,0,135
1987,2002,135,0,135
1987,2003,135,0,135
1987,2004,135,0,135
1987,2005,135,0,135
1987,2006,135,0,135
1987,2007,135,0,135
1987,2008,135,0,135
1987,2009,135,0,135
1987,2010,135,0,135
1987,2011,135,0,135
1987,2012,135,0,135
1987,2013,135,0,135
1987,2014,135,0,135
1987,2015,135,0,135
1987,2016,135,0,135
1987,2017,135,0,135
1987,2018,135,0,135
1987,2019,135,0,135
1988,1998,134,0,134
1988,1999,134,0,134
1989,2010,132,0,132
1989,2011,132,0,132
1989,2012,132,0,132
1989,2013,132,0,132
1989,2014,132,0,132
1989,2015,132,0,132
1989,2016,132,0,132
1989,2017,132,0,132
1989,2018,132,0,132
1989,2019,132,0,132
1990,1999,131,0,131
1990,2000,131,0,131
1990,2001,131,0,131
1990,2002,131,0,131
1990,2003,131,0,131
1990,2004,131,0,131
1990,2005,131,0,131
1990,2006,131,0,131
1990,2007,131,0,131
1990,2008,131,0,131
1990,2009,131,0,131
1991,1998,108,0,108
1991,1999,130,0,130
1992,2018,128,0,128
1992,2019,128,0,128
1993,1998,126,0,126
1993,1999,126,0,126
1993,2000,126,0,126
1993,2001,126,0,126
1993,2002,126,0,126
1993,2003,126,0,126
1993,2004,126,0,126
1993,2005,126,0,126
1993,2006,126,0,126
1993,2007,126,0,126
1993,2008,126,0,126
1993,2009,126,0,126
1993,2010,126,0,126
1993,2011,126,0,126
1993,2012,126,0,126
1993,2013,126,0,126
1993,2014,126,0,126
1993,2015,126,0,126
1993,2016,126,0,126
1993,2017,126,0,126
1993,2018,126,0,126
1993,2019,126,0,126
1994,2009,125,0,125
1995,1998,125,0,125
1996,1998,124,0,124
1996,1999,124,0,124
1996,2000,124,0,124
1996,2001,124,0,124
1996,2002,124,0,124
1996,2003,124,0,124
1996,2004,124,0,124
1996,2005,124,0,124
1996,2006,124,0,124
1996,2007,124,0,124
1996,2008,124,0,124
1996,2009,124,0,124
1996,2010,124,0,124
1996,2011,124,0,124
1996,2012,124,0,124
1996,2013,124,0,124
1996,2014,124,0,124
1996,2015,124,0,124
1996,2016,124,0,124
1996,2017,124,0,124
1996,2018,124,0,124
1996,2019,124,0,124
1997,2010,123,0,123
1997,2011,123,0,123
1997,2012,123,0,123
1997,2013,123,0,123
1997,2014,123,0,123
1997,2015,123,0,123
1997,2016,123,0,123
1997,2017,123,0,123
1997,2018,123,0,123
1997,2019,123,0,123
1998,1998,115,0,115
1998,1999,115,0,115
1998,2000,115,0,115
1998,2001,115,0,115
1998,2002,115,0,115
1998,2003,115,0,115
1998,2004,115,0,115
1998,2005,115,0,115
1998,2006,115,0,115
1998,2007,115,0,115
1998,2008,115,0,115
1998,2009,120,0,120
1998,2010,120,0,120
1998,2011,120,0,120
1998,2012,120,0,120
1998,2013,120,0,120
1998,2014,120,0,120
1998,2015,120,0,120
1998,2016,120,0,120
1998,2017,120,0,120
1998,2018,120,0,120
1998,2019,120,0,120
1999,1998,120,0,120
1999,1999,120,0,120
1999,2000,120,0,120
1999,2001,120,0,120
1999,2002,120,0,120
1999,2003,120,0,120
1999,2004,120,0,120
1999,2005,120,0,120
1999,2006,120,0,120
1999,2007,120,0,120
1999,2008,120,0,120
1999,2009,120,0,120
1999,2010,120,0,120
1999,2011,120,0,120
1999,2012,120,0,120
1999,2013,120,0,120
1999,2014,120,0,120
1999,2015,120,0,120
1999,2016,120,0,120
1999,2017,120,0,120
1999,2018,120,0,120
1999,2019,120,0,120
2000,2018,118,0,118
2001,2012,118,0,118
2001,2013,118,0,118
2001,2014,118,0,118
2001,2015,118,0,118
2001,2016,118,0,118
2002,2003,118,0,118
2002,2004,118,0,118
2002,2005,118,0,118
2002,2006,118,0,118
2002,2007,118,0,118
2002,2008,118,0,118
2003,1998,115,0,115
2003,1999,115,0,115
2003,2000,115,0,115
2003,2001,115,0,115
2003,2002,115,0,115
2003,2003,115,0,115
2003,2004,115,0,115
2003,2005,115,0,115
2003,2006,115,0,115
2003,2007,115,0,115
2003,2008,18,0,18
2003,2009,18,0,18
2003,2010,18,0,18
2003,2011,18,0,18
2003,2012,18,0,18
2003,2013,18,0,18
2003,2014,18,0,18
2003,2015,18,0,18
2003,2016,18,0,18
2003,2017,18,0,18
2003,2018,18,0,18
2003,2019,18,0,18
2004,2011,110,0,110
2004,2012,110,0,110
2004,2013,110,0,110
2004,2014,110,0,110
2004,2015,110,0,110
2004,2016,110,0,110
2004,2017,110,0,110
2004,2018,110,0,110
2004,2019,110,0,110
2005,1998,109,0,109
2005,1999,109,0,109
2005,2000,109,0,109
2005,2001,109,0,109
2005,2002,109,0,109
2005,2003,109,0,109
2005,2004,109,0,109
2005,2005,109,0,109
2005,2006,109,0,109
2005,2007,109,0,109
2005,2008,109,0,109
2005,2009,109,0,109
2005,2010,109,0,109
2005,2011,109,0,109
2005,2012,109,0,109
2005,2013,109,0,109
2005,2014,109,0,109
2005,2015,109,0,109
2005,2016,109,0,109
2005,2017,109,0,109
2005,2018,109,0,109
2005,2019,109,0,109
2006,1998,108,0,108
2006,1999,108,0,108
2006,2000,108,0,108
2006,2001,108,0,108
2006,2002,108,0,108
2006,2003,108,0,108
2006,2004,108,0,108
2006,2005,108,0,108
2006,2006,108,0,108
2006,2007,108,0,108
2007,1998,107,0,107
2007,1999,107,0,107
2007,2000,107,0,107
2007,2001,107,0,107
2007,2002,107,0,107
2007,2003,107,0,107
2007,2004,107,0,107
2007,2005,107,0,107
2007,2006,107,0,107
2007,2007,107,0,107
2007,2008,107,0,107
2007,2009,107,0,107
2007,2010,107,0,107
2007,2011,107,0,107
2007,2012,107,0,107
2007,2013,107,0,107
2007,2014,107,0,107
2007,2015,107,0,107
2007,2016,107,0,107
2007,2017,107,0,107
2007,2018,107,0,107
2007,2019,107,0,107
2008,1998,105,0,105
2008,1999,105,0,105
2008,2000,105,0,105
2008,2001,105,0,105
2008,2002,105,0,105
2008,2003,105,0,105
2008,2004,105,0,105
2008,2005,105,0,105
2008,2006,105,0,105
2008,2007,105,0,105
2008,2008,105,0,105
2008,2009,105,0,105
2008,2010,105,0,105
2008,2011,105,0,105
2008,2012,105,0,105
2008,2013,105,0,105
2008,2014,105,0,105
2008,2015,105,0,105
2008,2016,105,0,105
2008,2017,105,0,105
2009,1998,0,99,99
2009,1999,0,99,99
2009,2000,0,99,99
2009,2001,0,99,99
2009,2002,0,99,99
2009,2003,0,99,99
2009,2004,0,99,99
2009,2005,0,99,99
2009,2006,0,99,99
2009,2007,0,99,99
2009,2008,0,99,99
2009,2009,0,99,99
2009,2010,0,99,99
2010,2014,98,0,98
2010,2015,98,0,98
2010,2016,98,0,98
2010,2017,98,0,98
2010,2018,98,0,98
2010,2019,98,0,98
2011,1998,98,0,98
2011,1999,98,0,98
2011,2000,98,0,98
2011,2001,98,0,98
2011,2002,98,0,98
2011,2003,98,0,98
2011,2004,98,0,98
2011,2005,98,0,98
2011,2006,98,0,98
2011,2007,98,0,98
2011,2008,98,0,98
2011,2009,98,0,98
2011,2010,98,0,98
2011,2011,98,0,98
2011,2012,98,0,98
2011,2013,98,0,98
2011,2014,98,0,98
2011,2015,98,0,98
2011,2016,98,0,98
2011,2017,98,0,98
2011,2018,98,0,98
2011,2019,98,0,98
2012,1998,92,0,92
2012,1999,92,0,92
2012,2000,92,0,92
2012,2001,92,0,92
2012,2002,92,0,92
2012,2003,92,0,92
2012,2004,92,0,92
2012,2005,92,0,92
2012,2006,92,0,92
2012,2007,92,0,92
2012,2008,92,0,92
2012,2009,92,0,92
2012,2010,92,0,92
2012,2011,92,0,92
2012,2012,92,0,92
2012,2013,92,0,92
2012,2014,92,0,92
2012,2015,92,0,92
2012,2016,92,0,92
2012,2017,92,0,92
2012,2018,92,0,92
2012,2019,92,0,92
2013,2004,86,0,86
2013,2005,86,0,86
2013,2006,86,0,86
2013,2007,86,0,86
2013,2008,86,0,86
2013,2009,86,0,86
2013,2010,86,0,86
2013,2011,86,0,86
2013,2012,86,0,86
2013,2013,86,0,86
2013,2014,86,0,86
2013,2015,86,0,86
2013,2016,86,0,86
2013,2017,86,0,86
2013,2018,86,0,86
2013,2019,86,0,86
2014,2003,85,0,85
2015,1998,85,0,85
2015,1999,85,0,85
2015,2000,85,0,85
2016,1998,81,0,81
2016,1999,81,0,81
2016,2000,81,0,81
2016,2001,81,0,81
2016,2002,81,0,81
2016,2003,81,0,81
2016,2004,81,0,81
2016,2005,81,0,81
2016,2006,81,0,81
2016,2007,81,0,81
2016,2008,81,0,81
2016,2009,81,0,81
2016,2010,81,0,81
2016,2011,81,0,81
2016,2012,81,0,81
2016,2013,81,0,81
2016,2014,81,0,81
2016,2015,81,0,81
2016,2016,81,0,81
2016,2017,81,0,81
2016,2018,81,0,81
2016,2019,81,0,81
2017,1998,79,0,79
2017,1999,79,0,79
2017,2000,79,0,79
2017,2001,79,0,79
2017,2002,79,0,79
2017,2003,79,0,79
2017,2004,79,0,79
2017,2005,79,0,79
2017,2006,79,0,79
2017,2007,79,0,79
2017,2008,79,0,79
2017,2009,79,0,79
2017,2010,79,0,79
2017,2011,79,0,79
2017,2012,79,0,79
2017,2013,79,0,79
2017,2014,79,0,79
2017,2015,79,0,79
2017,2016,79,0,79
2017,2017,79,0,79
2017,2018,79,0,79
2017,2019,79,0,79
2018,2000,68,0,68
2019,2000,0,63,63
2019,2001,0,63,63
2019,2002,0,63,63
2019,2003,0,63,63
2019,2004,0,63,63
2019,2005,0,63,63
2019,2006,0,63,63
2019,2007,0,63,63
2019,2008,0,63,63
2019,2009,0,63,63
2019,2010,0,63,63
2019,2011,0,63,63
2019,2012,0,63,63
2019,2013,0,63,63
2019,2014,0,63,63
2019,2015,0,63,63
2019,2016,0,63,63
2019,2017,0,63,63
2019,2018,0,63,63
2019,2019,0,63,63
2020,1998,59,0,59
2020,1999,59,0,59
2020,2000,59,0,59
2020,2001,59,0,59
2020,2002,59,0,59
2020,2003,59,0,59
2020,2004,59,0,59
2020,2005,59,0,59
2020,2006,59,0,59
2020,2007,59,0,59
2020,2008,59,0,59
2020,2009,59,0,59
2020,2010,59,0,59
2020,2011,59,0,59
2020,2012,59,0,59
2020,2013,59,0,59
2020,2014,59,0,59
2020,2015,59,0,59
2020,2016,59,0,59
2020,2017,59,0,59
2020,2018,59,0,59
2020,2019,59,0,59
2021,2016,58,0,58
2022,1998,58,0,58
2022,1999,58,0,58
2022,2000,58,0,58
2022,2001,58,0,58
2022,2002,58,0,58
2022,2003,58,0,58
2022,2004,58,0,58
2022,2005,58,0,58
2022,2006,58,0,58
2022,2007,58,0,58
2022,2008,58,0,58
2022,2009,58,0,58
2022,2010,58,0,58
2022,2011,58,0,58
2022,2012,58,0,58
2022,2013,58,0,58
2022,2014,58,0,58
2023,1998,57,0,57
2023,1999,57,0,57
2023,2000,57,0,57
2023,2001,57,0,57
2023,2002,57,0,57
2023,2003,57,0,57
2023,2004,57,0,57
2023,2005,57,0,57
2023,2006,57,0,57
2023,2007,57,0,57
2023,2008,57,0,57
2023,2009,57,0,57
2023,2010,57,0,57
2023,2011,57,0,57
2023,2012,57,0,57
2023,2013,57,0,57
2023,2014,57,0,57
2023,2015,57,0,57
2023,2016,57,0,57
2023,2017,57,0,57
2023,2018,57,0,57
2023,2019,57,0,57
2024,1998,57,0,57
2024,1999,57,0,57
2024,2000,57,0,57
2024,2001,57,0,57
2024,2002,57,0,57
2024,2003,57,0,57
2024,2004,57,0,57
2024,2005,57,0,57
2024,2006,57,0,57
2024,2007,57,0,57
2024,2008,57,0,57
2024,2009,57,0,57
2024,2010,57,0,57
2024,2011,57,0,57
2024,2012,57,0,57
2024,2013,57,0,57
2024,2014,57,0,57
2024,2015,57,0,57
2024,2016,57,0,57
2024,2017,57,0,57
2024,2018,57,0,57
2024,2019,57,0,57
2025,2010,0,56,56
2026,2015,0,51,51
2026,2016,0,51,51
2026,2017,0,51,51
2026,2018,0,51,51
2026,2019,0,51,51
2027,2016,50,0,50
2027,2017,50,0,50
2027,2018,50,0,50
2027,2019,50,0,50
2028,2017,50,0,50
2029,1998,50,0,50
2029,1999,50,0,50
2029,2000,50,0,50
2029,2001,50,0,50
2029,2002,50,0,50
2029,2003,50,0,50
2029,2004,50,0,50
2029,2005,50,0,50
2029,2006,50,0,50
2029,2007,50,0,50
2029,2008,50,0,50
2029,2009,50,0,50
2029,2010,50,0,50
2029,2011,50,0,50
2029,2012,50,0,50
2029,2013,50,0,50
2029,2014,50,0,50
2029,2015,50,0,50
2030,2013,50,0,50
2031,1998,47,0,47
2031,1999,47,0,47
2031,2000,47,0,47
2031,2001,47,0,47
2031,2002,47,0,47
2031,2003,47,0,47
2031,2004,47,0,47
2031,2005,47,0,47
2031,2006,47,0,47
2031,2007,47,0,47
2031,2008,47,0,47
2031,2009,47,0,47
2031,2010,47,0,47
2031,2011,47,0,47
2031,2012,47,0,47
2031,2013,47,0,47
2031,2014,47,0,47
2031,2015,47,0,47
2031,2016,47,0,47
2031,2017,47,0,47
2031,2018,47,0,47
2031,2019,47,0,47
2032,2015,0,45,45
2032,2016,0,45,45
2032,2017,0,45,45
2032,2018,0,45,45
2032,2019,0,45,45
2033,1999,0,42,42
2033,2000,0,42,42
2033,2001,0,42,42
2033,2002,0,42,42
2033,2003,0,42,42
2033,2004,0,42,42
2033,2005,0,42,42
2033,2006,0,42,42
2033,2007,0,42,42
2033,2008,0,42,42
2033,2009,0,42,42
2033,2010,0,42,42
2033,2011,0,42,42
2033,2012,0,42,42
2033,2013,0,42,42
2033,2014,0,42,42
2033,2015,0,42,42
2033,2016,0,42,42
2033,2017,0,42,42
2033,2018,0,42,42
2033,2019,0,42,42
2034,2015,32,0,32
2034,2016,32,0,32
2034,2017,32,0,32
2034,2018,32,0,32
2034,2019,32,0,32
2035,1998,30,0,30
2035,1999,30,0,30
2035,2000,30,0,30
2035,2001,30,0,30
2035,2002,30,0,30
2035,2003,30,0,30
2035,2004,30,0,30
2035,2005,30,0,30
2035,2006,30,0,30
2035,2007,30,0,30
2035,2008,30,0,30
2035,2009,30,0,30
2035,2010,30,0,30
2035,2011,30,0,30
2035,2012,30,0,30
2035,2013,30,0,30
2035,2014,30,0,30
2035,2015,30,0,30
2035,2016,30,0,30
2035,2017,30,0,30
2035,2018,30,0,30
2035,2019,30,0,30
2036,1998,30,0,30
2036,1999,30,0,30
2036,2000,30,0,30
2036,2001,30,0,30
2036,2002,30,0,30
2036,2003,30,0,30
2036,2004,30,0,30
2036,2005,30,0,30
2036,2006,30,0,30
2036,2007,30,0,30
2036,2008,30,0,30
2036,2009,30,0,30
2036,2010,30,0,30
2036,2011,30,0,30
2036,2012,30,0,30
2036,2013,30,0,30
2036,2014,30,0,30
2036,2015,30,0,30
2036,2016,30,0,30
2036,2017,30,0,30
2036,2018,30,0,30
2036,2019,30,0,30
2037,2010,28,0,28
2037,2011,28,0,28
2037,2012,28,0,28
2037,2013,28,0,28
2037,2014,28,0,28
2037,2015,28,0,28
2037,2016,28,0,28
2037,2017,28,0,28
2037,2018,28,0,28
2037,2019,28,0,28
2038,1998,21,0,21
2038,1999,21,0,21
2038,2000,21,0,21
2038,2001,21,0,21
2038,2002,21,0,21
2038,2003,21,0,21
2038,2004,21,0,21
2038,2005,21,0,21
2038,2006,21,0,21
2038,2007,21,0,21
2038,2008,21,0,21
2038,2009,21,0,21
2038,2010,21,0,21
2038,2011,21,0,21
2038,2012,21,0,21
2038,2013,21,0,21
2038,2014,21,0,21
2038,2015,21,0,21
2038,2016,21,0,21
2038,2017,21,0,21
2038,2018,21,0,21
2038,2019,21,0,21
2039,2008,16,0,16
2039,2009,16,0,16
2039,2010,16,0,16
2039,2011,16,0,16
2039,2012,16,0,16
2039,2013,16,0,16
2039,2014,16,0,16
2039,2015,16,0,16
2039,2016,16,0,16
2039,2017,16,0,16
2039,2018,16,0,16
2039,2019,16,0,16
2040,1998,14,0,14
2040,1999,14,0,14
2040,2000,14,0,14
2040,2001,14,0,14
2040,2002,14,0,14
2040,2003,14,0,14
2040,2004,14,0,14
2040,2005,14,0,14
2040,2006,14,0,14
2040,2007,14,0,14
2040,2008,14,0,14
2040,2009,14,0,14
2040,2010,14,0,14
2040,2011,14,0,14
2040,2012,14,0,14
2040,2013,14,0,14
2040,2014,14,0,14
2040,2015,14,0,14
2040,2016,14,0,14
2040,2017,14,0,14
2040,2018,14,0,14
2040,2019,14,0,14
2041,1998,12,0,12
2041,1999,12,0,12
2041,2000,12,0,12
2041,2001,12,0,12
2041,2002,12,0,12
2041,2003,12,0,12
2041,2004,12,0,12
2041,2005,12,0,12
2041,2006,12,0,12
2041,2007,12,0,12
2041,2008,12,0,12
2041,2009,12,0,12
2041,2010,12,0,12
2041,2011,12,0,12
2041,2012,12,0,12
2041,2013,12,0,12
2041,2014,12,0,12
2041,2015,12,0,12
2041,2016,12,0,12
2041,2017,12,0,12
2041,2018,12,0,12
2041,2019,12,0,12
2042,2018,1,0,1
2042,2019,1,0,1
2043,2018,1,0,1
2043,2019,1,0,1
2044,2018,1,0,1
2044,2019,1,0,1
2045,2018,1,0,1
2045,2019,1,0,1
2046,2018,1,0,1
2046,2019,1,0,1
2047,2018,1,0,1
2047,2019,1,0,1
2048,2018,1,0,1
2048,2019,1,0,1
2049,2018,1,0,1
2049,2019,1,0,1
2050,2018,1,0,1
2050,2019,1,0,1
2051,2018,1,0,1
2051,2019,1,0,1
2052,2018,1,0,1
2052,2019,1,0,1
2053,2018,1,0,1
2053,2019,1,0,1
2054,2018,1,0,1
2054,2019,1,0,1
2055,2018,1,0,1
2055,2019,1,0,1
2056,2018,1,0,1
2056,2019,1,0,1
2057,2018,1,0,1
2057,2019,1,0,1
2058,2018,1,0,1
2058,2019,1,0,1
2059,2018,1,0,1
2059,2019,1,0,1
2060,2018,1,0,1
2060,2019,1,0,1
2061,2018,1,0,1
2061,2019,1,0,1
2062,2018,1,0,1
2062,2019,1,0,1
2063,2018,1,0,1
2063,2019,1,0,1
2064,2018,1,0,1
2064,2019,1,0,1
2065,2018,1,0,1
2065,2019,1,0,1
2066,2018,1,0,1
2066,2019,1,0,1
2067,2018,1,0,1
2067,2019,1,0,1
2068,2018,1,0,1
2068,2019,1,0,1
2069,2018,1,0,1
2069,2019,1,0,1
2070,2018,1,0,1
2070,2019,1,0,1
2071,2018,1,0,1
2071,2019,1,0,1
2072,2018,1,0,1
2072,2019,1,0,1
2073,2018,1,0,1
2073,2019,1,0,1
2074,2018,1,0,1
2074,2019,1,0,1
2075,2018,1,0,1
2075,2019,1,0,1
2076,2018,1,0,1
2076,2019,1,0,1
2077,2018,1,0,1
2077,2019,1,0,1
2078,2018,1,0,1
2078,2019,1,0,1
2079,2018,1,0,1
2079,2019,1,0,1
2080,2018,1,0,1
2080,2019,1,0,1
2081,2018,1,0,1
2082,2019,0,0,0
2083,2019,0,0,0
2084,2019,0,0,0
2085,2019,0,0,0
2086,2019,0,0,0
2087,2019,0,0,0
2088,2019,0,0,0
2089,2019,0,0,0
2090,2019,0,0,0
2091,2019,0,0,0
2092,2019,0,0,0
2093,2019,0,0,0
2094,2019,0,0,0
2095,2019,0,0,0
2096,2019,0,0,0
2097,2019,0,0,0
2098,2019,0,0,0
2099,2019,0,0,0
2100,2019,0,0,0
2101,2019,0,0,0
2102,2019,0,0,0
2103,2019,0,0,0
2104,2019,0,0,0
2105,2019,0,0,0
2106,2019,0,0,0
2107,2019,0,0,0
2108,2019,0,0,0
2109,2019,0,0,0
2110,2019,0,0,0
2111,2019,0,0,0
2112,2019,0,0,0
2113,2019,0,0,0
2114,2019,0,0,0
2115,2019,0,0,0
2116,2019,0,0,0
2117,2019,0,0,0
2118,2019,0,0,0
2119,2019,0,0,0
2120,2019,0,0,0
2121,2019,0,0,0
2122,2019,0,0,0
2123,2019,0,0,0
2124,2019,0,0,0
2125,2019,0,0,0
2126,2019,0,0,0
2127,2019,0,0,0
2128,2019,0,0,0
2129,2019,0,0,0
2130,2019,0,0,0
2131,2019,0,0,0
2132,2019,0,0,0
2133,2019,0,0,0
2134,2019,0,0,0
2135,2019,0,0,0
2136,2019,0,0,0
2137,2019,0,0,0
2138,2019,0,0,0
2139,2019,0,0,0
2140,2019,0,0,0
2141,2019,0,0,0
2142,2019,0,0,0
2143,2019,0,0,0
2144,2019,0,0,0
2145,2019,0,0,0
2146,2019,0,0,0
2147,2019,0,0,0
2148,2019,0,0,0
2149,2019,0,0,0
2150,2019,0,0,0
2151,2019,0,0,0
2152,2019,0,0,0
2153,2019,0,0,0
2154,2019,0,0,0
2155,2019,0,0,0
2156,2019,0,0,0
2157,2019,0,0,0
2158,2019,0,0,0
2159,2019,0,0,0
2160,2019,0,0,0
2161,2019,0,0,0
2162,2019,0,0,0
2163,2019,0,0,0
2164,2019,0,0,0
2165,2019,0,0,0
2166,2019,0,0,0
2167,2019,0,0,0
2168,2019,0,0,0
2169,2019,0,0,0
2170,2019,0,0,0
2171,2019,0,0,0
2172,2019,0,0,0
2173,2019,0,0,0
2174,2019,0,0,0
2175,2019,0,0,0
2176,2019,0,0,0
2177,2019,0,0,0
2178,2019,0,0,0
2179,2019,0,0,0
2180,2019,0,0,0
2181,2019,0,0,0
2182,2019,0,0,0
2183,2019,0,0,0
2184,2019,0,0,0
2185,2019,0,0,0
2186,2019,0,0,0
2187,2019,0,0,0
2188,2019,0,0,0
2189,2019,0,0,0
2190,2019,0,0,0
2191,2019,0,0,0
2192,2019,0,0,0
2193,2019,0,0,0
2194,2019,0,0,0
2195,2019,0,0,0
2196,2019,0,0,0
2197,2019,0,0,0
2198,2019,0,0,0
2199,2019,0,0,0
2200,2019,0,0,0
2201,2019,0,0,0
2202,2019,0,0,0
2203,2019,0,0,0
2204,2019,0,0,0
2205,2019,0,0,0
2206,2019,0,0,0
2207,2019,0,0,0
2208,2019,0,0,0
2209,2019,0,0,0
2210,2019,0,0,0
2211,2019,0,0,0
2212,2019,0,0,0
2213,2019,0,0,0
2214,2019,0,0,0
2215,2019,0,0,0
2216,2019,0,0,0
2217,2019,0,0,0
2218,2019,0,0,0
2219,2019,0,0,0
2220,2019,0,0,0
2221,2019,0,0,0
2222,2019,0,0,0
2223,2019,0,0,0
2224,2019,0,0,0
2225,2019,0,0,0
2226,2019,0,0,0
2227,2019,0,0,0
2228,2019,0,0,0
2229,2019,0,0,0
2230,2019,0,0,0
2231,2019,0,0,0
2232,2019,0,0,0
2233,2019,0,0,0
2234,2019,0,0,0
2235,2019,0,0,0
2236,2019,0,0,0
2237,2019,0,0,0
2238,2019,0,0,0
2239,2019,0,0,0
2240,2019,0,0,0
2241,2019,0,0,0
2242,2019,0,0,0
2243,2019,0,0,0
2244,2019,0,0,0
2245,2019,0,0,0
2246,2019,0,0,0
2247,2019,0,0,0
2248,2019,0,0,0
2249,2019,0,0,0
2250,2019,0,0,0
2251,2019,0,0,0
2252,2019,0,0,0
2253,2019,0,0,0
2254,2019,0,0,0
2255,2019,0,0,0
2256,2019,0,0,0
2257,2019,0,0,0
2258,2019,0,0,0
2259,2019,0,0,0
2260,2019,0,0,0
2261,2019,0,0,0
2262,2019,0,0,0
2263,2019,0,0,0
2264,2019,0,0,0
2265,2019,0,0,0
2266,2019,0,0,0
2267,2019,0,0,0
2268,2019,0,0,0
2269,2019,0,0,0
2270,2019,0,0,0
2271,2019,0,0,0
2272,2019,0,0,0
2273,2019,0,0,0
2274,2019,0,0,0
2275,2019,0,0,0
2276,2019,0,0,0
2277,2019,0,0,0
2278,2019,0,0,0
2279,2019,0,0,0
2280,2019,0,0,0
2281,2019,0,0,0
2282,2019,0,0,0
2283,2019,0,0,0
2284,2019,0,0,0
2285,2019,0,0,0
2286,2019,0,0,0
2287,2019,0,0,0
2288,2019,0,0,0
2289,2019,0,0,0
2290,2019,0,0,0
2291,2019,0,0,0
2292,2019,0,0,0
2293,2019,0,0,0
2294,2019,0,0,0
2295,2019,0,0,0
2296,2019,0,0,0
2297,2019,0,0,0
2298,2019,0,0,0
2299,2019,0,0,0
2300,2019,0,0,0
2301,2019,0,0,0
2302,2019,0,0,0
2303,2019,0,0,0
2304,2019,0,0,0
2305,2019,0,0,0
2306,2019,0,0,0
2307,2019,0,0,0
2308,2019,0,0,0
2309,2019,0,0,0
2310,2019,0,0,0
2311,2019,0,0,0
2312,2019,0,0,0
2313,2019,0,0,0
2314,2019,0,0,0
2315,2019,0,0,0
2316,2019,0,0,0
2317,2019,0,0,0
2318,2019,0,0,0
2319,2019,0,0,0
2320,2019,0,0,0
2321,2019,0,0,0
2322,2019,0,0,0
2323,2019,0,0,0
2324,2019,0,0,0
2325,2019,0,0,0
2326,2019,0,0,0
2327,2019,0,0,0
2328,2019,0,0,0
2329,2019,0,0,0
2330,2019,0,0,0
2331,2019,0,0,0
2332,2019,0,0,0
2333,2019,0,0,0
2334,2019,0,0,0
2335,2019,0,0,0
2336,2019,0,0,0
2337,2019,0,0,0
2338,2019,0,0,0
2339,2019,0,0,0
2340,2019,0,0,0
2341,2019,0,0,0
2342,2019,0,0,0
2343,2019,0,0,0
2344,2019,0,0,0
2345,2019,0,0,0
2346,2019,0,0,0
2347,2019,0,0,0
2348,2019,0,0,0
2349,2019,0,0,0
2350,2019,0,0,0
2351,2019,0,0,0
2352,2019,0,0,0
2353,2019,0,0,0
2354,2019,0,0,0
2355,2019,0,0,0
2356,2019,0,0,0
2357,2019,0,0,0
2358,2019,0,0,0
2359,2019,0,0,0
2360,2019,0,0,0
2361,2019,0,0,0
2362,2019,0,0,0
2363,2019,0,0,0
2364,2019,0,0,0
2365,2019,0,0,0
2366,2019,0,0,0
2367,2018,0,0,0
2368,2018,0,0,0
2369,2018,0,0,0
2370,2018,0,0,0
2371,2018,0,0,0
2372,2018,0,0,0
2373,2018,0,0,0
2374,2018,0,0,0
2375,2018,0,0,0
2376,2018,0,0,0
2377,2018,0,0,0
2378,2018,0,0,0
2379,2018,0,0,0
2380,2018,0,0,0
2381,2018,0,0,0
2382,2018,0,0,0
2383,2018,0,0,0
2384,2018,0,0,0
2385,2018,0,0,0
2386,2018,0,0,0
2387,2018,0,0,0
2388,2018,0,0,0
2389,2018,0,0,0
2390,2018,0,0,0
2391,2018,0,0,0
2392,2018,0,0,0
2393,2018,0,0,0
2394,2018,0,0,0
2395,2018,0,0,0
2396,2018,0,0,0
2397,2018,0,0,0
2398,2018,0,0,0
2399,2018,0,0,0
2400,2018,0,0,0
2401,2018,0,0,0
2402,2018,0,0,0
2403,2018,0,0,0
2404,2018,0,0,0
2405,2018,0,0,0
2406,2018,0,0,0
2407,2018,0,0,0
2408,2018,0,0,0
2409,2018,0,0,0
2410,2018,0,0,0
2411,2018,0,0,0
2412,2018,0,0,0
2413,2018,0,0,0
2414,2018,0,0,0
2415,2018,0,0,0
2416,2018,0,0,0
2417,2018,0,0,0
2418,2018,0,0,0
2419,2018,0,0,0
2420,2018,0,0,0
2421,2018,0,0,0
2422,2018,0,0,0
2423,2018,0,0,0
2424,2018,0,0,0
2425,2018,0,0,0
2426,2018,0,0,0
2427,2018,0,0,0
2428,2018,0,0,0
2429,2018,0,0,0
2430,2018,0,0,0
2431,2018,0,0,0
2432,2018,0,0,0
2433,2018,0,0,0
2434,2018,0,0,0
2435,2018,0,0,0
2436,2018,0,0,0
2437,2018,0,0,0
2438,2018,0,0,0
2439,2018,0,0,0
2440,2018,0,0,0
2441,2018,0,0,0
2442,2018,0,0,0
2443,2018,0,0,0
2444,2018,0,0,0
2445,2018,0,0,0
2446,2018,0,0,0
2447,2018,0,0,0
2448,2018,0,0,0
2449,2018,0,0,0
2450,2018,0,0,0
2451,2018,0,0,0
2452,2018,0,0,0
2453,2018,0,0,0
2454,2018,0,0,0
2455,2018,0,0,0
2456,2018,0,0,0
2457,2018,0,0,0
2458,2018,0,0,0
2459,2018,0,0,0
2460,2018,0,0,0
2461,2018,0,0,0
2462,2018,0,0,0
2463,2018,0,0,0
2464,2018,0,0,0
2465,2018,0,0,0
2466,2018,0,0,0
2467,2018,0,0,0
2468,2018,0,0,0
2469,2018,0,0,0
2470,2018,0,0,0
2471,2018,0,0,0
2472,2018,0,0,0
2473,2018,0,0,0
2474,2018,0,0,0
2475,2018,0,0,0
2476,2018,0,0,0
2477,2018,0,0,0
2478,2018,0,0,0
2479,2018,0,0,0
2480,2018,0,0,0
2481,2018,0,0,0
2482,2018,0,0,0
2483,2018,0,0,0
2484,2018,0,0,0
2485,2018,0,0,0
2486,2018,0,0,0
2487,2018,0,0,0
2488,2018,0,0,0
2489,2018,0,0,0
2490,2018,0,0,0
2491,2018,0,0,0
2492,2018,0,0,0
2493,2018,0,0,0
2494,2018,0,0,0
2495,2018,0,0,0
2496,2018,0,0,0
2497,2018,0,0,0
2498,2018,0,0,0
2499,2018,0,0,0
2500,2018,0,0,0
2501,2018,0,0,0
2502,2018,0,0,0
2503,2018,0,0,0
2504,2018,0,0,0
2505,2018,0,0,0
2506,2018,0,0,0
2507,2018,0,0,0
2508,2018,0,0,0
2509,2018,0,0,0
2510,2018,0,0,0
2511,2018,0,0,0
2512,2018,0,0,0
2513,2018,0,0,0
2514,2018,0,0,0
2515,2018,0,0,0
2516,2018,0,0,0
2517,2018,0,0,0
2518,2018,0,0,0
2519,2018,0,0,0
2520,2018,0,0,0
2521,2018,0,0,0
2522,2018,0,0,0
2523,2018,0,0,0
2524,2018,0,0,0
2525,2018,0,0,0
2526,2018,0,0,0
2527,2018,0,0,0
2528,2018,0,0,0
2529,2018,0,0,0
2530,2018,0,0,0
2531,2018,0,0,0
2532,2018,0,0,0
2533,2018,0,0,0
2534,2018,0,0,0
2535,2018,0,0,0
2536,2018,0,0,0
2537,2018,0,0,0
2538,2018,0,0,0
2539,2018,0,0,0
2540,2018,0,0,0
2541,2018,0,0,0
2542,2018,0,0,0
2543,2018,0,0,0
2544,2018,0,0,0
2545,2018,0,0,0
2546,2018,0,0,0
2547,2018,0,0,0
2548,2018,0,0,0
2549,2018,0,0,0
2550,2018,0,0,0
2551,2018,0,0,0
2552,2018,0,0,0
2553,2018,0,0,0
2554,2018,0,0,0
2555,2018,0,0,0
2556,2018,0,0,0
2557,2018,0,0,0
2558,2018,0,0,0
2559,2018,0,0,0
2560,2018,0,0,0
2561,2018,0,0,0
2562,2018,0,0,0
2563,2018,0,0,0
2564,2018,0,0,0
2565,2018,0,0,0
2566,2018,0,0,0
2567,2018,0,0,0
2568,2018,0,0,0
2569,2018,0,0,0
2570,2018,0,0,0
2571,2018,0,0,0
2572,2018,0,0,0
2573,2018,0,0,0
2574,2018,0,0,0
2575,2018,0,0,0
2576,2018,0,0,0
2577,2018,0,0,0
2578,2018,0,0,0
2579,2018,0,0,0
2580,2018,0,0,0
2581,2018,0,0,0
2582,2018,0,0,0
2583,2018,0,0,0
2584,2018,0,0,0
2585,2018,0,0,0
2586,2018,0,0,0
2587,2018,0,0,0
2588,2018,0,0,0
2589,2018,0,0,0
2590,2018,0,0,0
2591,2018,0,0,0
2592,2018,0,0,0
2593,2018,0,0,0
2594,2018,0,0,0
2595,2018,0,0,0
2596,2018,0,0,0
2597,2018,0,0,0
2598,2018,0,0,0
2599,2018,0,0,0
2600,2018,0,0,0
2601,2018,0,0,0
2602,2018,0,0,0
2603,2018,0,0,0
2604,2018,0,0,0
2605,2018,0,0,0
2606,2018,0,0,0
2607,2018,0,0,0
2608,2018,0,0,0
2609,2018,0,0,0
2610,2018,0,0,0
2611,2018,0,0,0
2612,2018,0,0,0
2613,2018,0,0,0
2614,2018,0,0,0
2615,2018,0,0,0
2616,2018,0,0,0
2617,2018,0,0,0
2618,2018,0,0,0
2619,2018,0,0,0
2620,2018,0,0,0
2621,2018,0,0,0
2622,2018,0,0,0
2623,2018,0,0,0
2624,2018,0,0,0
2625,2018,0,0,0
2626,2018,0,0,0
2627,2018,0,0,0
2628,2018,0,0,0
2629,2018,0,0,0
2630,2018,0,0,0
2631,2018,0,0,0
2632,2018,0,0,0
2633,2018,0,0,0
2634,2018,0,0,0
2635,2018,0,0,0
2636,2018,0,0,0
2637,2018,0,0,0
2638,2018,0,0,0
2639,2018,0,0,0
2640,2018,0,0,0
2641,2018,0,0,0
2642,2018,0,0,0
2643,2018,0,0,0
2644,2018,0,0,0
2645,2018,0,0,0
2646,2018,0,0,0
2647,2018,0,0,0
2648,2018,0,0,0
2649,2018,0,0,0
2650,2018,0,0,0
2651,2018,0,0,0
2652,2017,0,0,0
2653,2017,0,0,0
2654,2017,0,0,0
2655,2017,0,0,0
2656,2017,0,0,0
2657,2017,0,0,0
2658,2017,0,0,0
2659,2017,0,0,0
2660,2017,0,0,0
2661,2017,0,0,0
2662,2017,0,0,0
2663,2017,0,0,0
2664,2017,0,0,0
2665,2017,0,0,0
2666,2017,0,0,0
2667,2017,0,0,0
2668,2017,0,0,0
2669,2017,0,0,0
2670,2017,0,0,0
2671,2017,0,0,0
2672,2017,0,0,0
2673,2017,0,0,0
2674,2017,0,0,0
2675,2017,0,0,0
2676,2017,0,0,0
2677,2017,0,0,0
2678,2017,0,0,0
2679,2017,0,0,0
2680,2017,0,0,0
2681,2017,0,0,0
2682,2017,0,0,0
2683,2017,0,0,0
2684,2017,0,0,0
2685,2017,0,0,0
2686,2017,0,0,0
2687,2017,0,0,0
2688,2017,0,0,0
2689,2017,0,0,0
2690,2017,0,0,0
2691,2017,0,0,0
2692,2017,0,0,0
2693,2017,0,0,0
2694,2017,0,0,0
2695,2017,0,0,0
2696,2017,0,0,0
2697,2017,0,0,0
2698,2017,0,0,0
2699,2017,0,0,0
2700,2017,0,0,0
2701,2017,0,0,0
2702,2017,0,0,0
2703,2017,0,0,0
2704,2017,0,0,0
2705,2017,0,0,0
2706,2017,0,0,0
2707,2017,0,0,0
2708,2017,0,0,0
2709,2017,0,0,0
2710,2017,0,0,0
2711,2017,0,0,0
2712,2017,0,0,0
2713,2017,0,0,0
2714,2017,0,0,0
2715,2017,0,0,0
2716,2017,0,0,0
2717,2017,0,0,0
2718,2017,0,0,0
2719,2017,0,0,0
2720,2017,0,0,0
2721,2017,0,0,0
2722,2017,0,0,0
2723,2017,0,0,0
2724,2017,0,0,0
2725,2017,0,0,0
2726,2017,0,0,0
2727,2017,0,0,0
2728,2017,0,0,0
2729,2017,0,0,0
2730,2017,0,0,0
2731,2017,0,0,0
2732,2017,0,0,0
2733,2017,0,0,0
2734,2017,0,0,0
2735,2017,0,0,0
2736,2017,0,0,0
2737,2017,0,0,0
2738,2017,0,0,0
2739,2017,0,0,0
2740,2017,0,0,0
2741,2017,0,0,0
2742,2017,0,0,0
2743,2017,0,0,0
2744,2017,0,0,0
2745,2017,0,0,0
2746,2017,0,0,0
2747,2017,0,0,0
2748,2017,0,0,0
2749,2017,0,0,0
2750,2017,0,0,0
2751,2017,0,0,0
2752,2017,0,0,0
2753,2017,0,0,0
2754,2017,0,0,0
2755,2017,0,0,0
2756,2017,0,0,0
2757,2017,0,0,0
2758,2017,0,0,0
2759,2017,0,0,0
2760,2017,0,0,0
2761,2017,0,0,0
2762,2017,0,0,0
2763,2017,0,0,0
2764,2017,0,0,0
2765,2017,0,0,0
2766,2017,0,0,0
2767,2017,0,0,0
2768,2017,0,0,0
2769,2017,0,0,0
2770,2017,0,0,0
2771,2017,0,0,0
2772,2017,0,0,0
2773,2017,0,0,0
2774,2017,0,0,0
2775,2017,0,0,0
2776,2017,0,0,0
2777,2017,0,0,0
2778,2017,0,0,0
2779,2017,0,0,0
2780,2017,0,0,0
2781,2017,0,0,0
2782,2017,0,0,0
2783,2017,0,0,0
2784,2017,0,0,0
2785,2017,0,0,0
2786,2017,0,0,0
2787,2017,0,0,0
2788,2017,0,0,0
2789,2017,0,0,0
2790,2017,0,0,0
2791,2017,0,0,0
2792,2017,0,0,0
2793,2017,0,0,0
2794,2017,0,0,0
2795,2017,0,0,0
2796,2017,0,0,0
2797,2017,0,0,0
2798,2017,0,0,0
2799,2017,0,0,0
2800,2017,0,0,0
2801,2017,0,0,0
2802,2017,0,0,0
2803,2017,0,0,0
2804,2017,0,0,0
2805,2017,0,0,0
2806,2017,0,0,0
2807,2017,0,0,0
2808,2017,0,0,0
2809,2017,0,0,0
2810,2017,0,0,0
2811,2017,0,0,0
2812,2017,0,0,0
2813,2017,0,0,0
2814,2017,0,0,0
2815,2017,0,0,0
2816,2017,0,0,0
2817,2017,0,0,0
2818,2017,0,0,0
2819,2017,0,0,0
2820,2017,0,0,0
2821,2017,0,0,0
2822,2017,0,0,0
2823,2017,0,0,0
2824,2017,0,0,0
2825,2017,0,0,0
2826,2017,0,0,0
2827,2017,0,0,0
2828,2017,0,0,0
2829,2017,0,0,0
2830,2017,0,0,0
2831,2017,0,0,0
2832,2017,0,0,0
2833,2017,0,0,0
2834,2017,0,0,0
2835,2017,0,0,0
2836,2017,0,0,0
2837,2017,0,0,0
2838,2017,0,0,0
2839,2017,0,0,0
2840,2017,0,0,0
2841,2017,0,0,0
2842,2017,0,0,0
2843,2017,0,0,0
2844,2017,0,0,0
2845,2017,0,0,0
2846,2017,0,0,0
2847,2017,0,0,0
2848,2017,0,0,0
2849,2017,0,0,0
2850,2017,0,0,0
2851,2017,0,0,0
2852,2017,0,0,0
2853,2017,0,0,0
2854,2017,0,0,0
2855,2017,0,0,0
2856,2017,0,0,0
2857,2017,0,0,0
2858,2017,0,0,0
2859,2017,0,0,0
2860,2017,0,0,0
2861,2017,0,0,0
2862,2017,0,0,0
2863,2017,0,0,0
2864,2017,0,0,0
2865,2017,0,0,0
2866,2017,0,0,0
2867,2017,0,0,0
2868,2017,0,0,0
2869,2017,0,0,0
2870,2017,0,0,0
2871,2017,0,0,0
2872,2017,0,0,0
2873,2017,0,0,0
2874,2017,0,0,0
2875,2017,0,0,0
2876,2017,0,0,0
2877,2017,0,0,0
2878,2017,0,0,0
2879,2017,0,0,0
2880,2017,0,0,0
2881,2017,0,0,0
2882,2017,0,0,0
2883,2017,0,0,0
2884,2017,0,0,0
2885,2017,0,0,0
2886,2017,0,0,0
2887,2017,0,0,0
2888,2017,0,0,0
2889,2017,0,0,0
2890,2017,0,0,0
2891,2017,0,0,0
2892,2017,0,0,0
2893,2017,0,0,0
2894,2017,0,0,0
2895,2017,0,0,0
2896,2017,0,0,0
2897,2017,0,0,0
2898,2017,0,0,0
2899,2017,0,0,0
2900,2017,0,0,0
2901,2017,0,0,0
2902,2017,0,0,0
2903,2017,0,0,0
2904,2017,0,0,0
2905,2017,0,0,0
2906,2017,0,0,0
2907,2017,0,0,0
2908,2017,0,0,0
2909,2017,0,0,0
2910,2017,0,0,0
2911,2017,0,0,0
2912,2017,0,0,0
2913,2017,0,0,0
2914,2017,0,0,0
2915,2017,0,0,0
2916,2017,0,0,0
2917,2017,0,0,0
2918,2017,0,0,0
2919,2017,0,0,0
2920,2017,0,0,0
2921,2017,0,0,0
2922,2017,0,0,0
2923,2017,0,0,0
2924,2017,0,0,0
2925,2017,0,0,0
2926,2017,0,0,0
2927,2017,0,0,0
2928,2017,0,0,0
2929,2017,0,0,0
2930,2017,0,0,0
2931,2017,0,0,0
2932,2017,0,0,0
2933,2017,0,0,0
2934,2017,0,0,0
2935,2017,0,0,0
2936,2017,0,0,0
2937,2017,0,0,0
2938,2017,0,0,0
2939,2017,0,0,0
2940,2017,0,0,0
2941,2017,0,0,0
2942,2017,0,0,0
2943,2017,0,0,0
2944,2017,0,0,0
2945,2017,0,0,0
2946,2017,0,0,0
2947,2017,0,0,0
2948,2017,0,0,0
2949,2017,0,0,0
2950,2017,0,0,0
2951,2017,0,0,0
2952,2017,0,0,0
2953,2017,0,0,0
2954,2017,0,0,0
2955,2017,0,0,0
2956,2017,0,0,0
2957,2017,0,0,0
2958,2017,0,0,0
2959,2017,0,0,0
2960,2017,0,0,0
2961,2017,0,0,0
2962,2017,0,0,0
2963,2016,0,0,0
2964,2016,0,0,0
2965,2016,0,0,0
2966,2016,0,0,0
2967,2016,0,0,0
2968,2016,0,0,0
2969,2016,0,0,0
2970,2016,0,0,0
2971,2016,0,0,0
2972,2016,0,0,0
2973,2016,0,0,0
2974,2016,0,0,0
2975,2016,0,0,0
2976,2016,0,0,0
2977,2016,0,0,0
2978,2016,0,0,0
2979,2016,0,0,0
2980,2016,0,0,0
2981,2016,0,0,0
2982,2016,0,0,0
2983,2016,0,0,0
2984,2016,0,0,0
2985,2016,0,0,0
2986,2016,0,0,0
2987,2016,0,0,0
2988,2016,0,0,0
2989,2016,0,0,0
2990,2016,0,0,0
2991,2016,0,0,0
2992,2016,0,0,0
2993,2016,0,0,0
2994,2016,0,0,0
2995,2016,0,0,0
2996,2016,0,0,0
2997,2016,0,0,0
2998,2016,0,0,0
2999,2016,0,0,0
3000,2016,0,0,0
3001,2016,0,0,0
3002,2016,0,0,0
3003,2016,0,0,0
3004,2016,0,0,0
3005,2016,0,0,0
3006,2016,0,0,0
3007,2016,0,0,0
3008,2016,0,0,0
3009,2016,0,0,0
3010,2016,0,0,0
3011,2016,0,0,0
3012,2016,0,0,0
3013,2016,0,0,0
3014,2016,0,0,0
3015,2016,0,0,0
3016,2016,0,0,0
3017,2016,0,0,0
3018,2016,0,0,0
3019,2016,0,0,0
3020,2016,0,0,0
3021,2016,0,0,0
3022,2016,0,0,0
3023,2016,0,0,0
3024,2016,0,0,0
3025,2016,0,0,0
3026,2016,0,0,0
3027,2016,0,0,0
3028,2016,0,0,0
3029,2016,0,0,0
3030,2016,0,0,0
3031,2016,0,0,0
3032,2016,0,0,0
3033,2016,0,0,0
3034,2016,0,0,0
3035,2016,0,0,0
3036,2016,0,0,0
3037,2016,0,0,0
3038,2016,0,0,0
3039,2016,0,0,0
3040,2016,0,0,0
3041,2016,0,0,0
3042,2016,0,0,0
3043,2016,0,0,0
3044,2016,0,0,0
3045,2016,0,0,0
3046,2016,0,0,0
3047,2016,0,0,0
3048,2016,0,0,0
3049,2016,0,0,0
3050,2016,0,0,0
3051,2016,0,0,0
3052,2016,0,0,0
3053,2016,0,0,0
3054,2016,0,0,0
3055,2016,0,0,0
3056,2016,0,0,0
3057,2016,0,0,0
3058,2016,0,0,0
3059,2016,0,0,0
3060,2016,0,0,0
3061,2016,0,0,0
3062,2016,0,0,0
3063,2016,0,0,0
3064,2016,0,0,0
3065,2016,0,0,0
3066,2016,0,0,0
3067,2016,0,0,0
3068,2016,0,0,0
3069,2016,0,0,0
3070,2016,0,0,0
3071,2016,0,0,0
3072,2016,0,0,0
3073,2016,0,0,0
3074,2016,0,0,0
3075,2016,0,0,0
3076,2016,0,0,0
3077,2016,0,0,0
3078,2016,0,0,0
3079,2016,0,0,0
3080,2016,0,0,0
3081,2016,0,0,0
3082,2016,0,0,0
3083,2016,0,0,0
3084,2016,0,0,0
3085,2016,0,0,0
3086,2016,0,0,0
3087,2016,0,0,0
3088,2016,0,0,0
3089,2016,0,0,0
3090,2016,0,0,0
3091,2016,0,0,0
3092,2016,0,0,0
3093,2016,0,0,0
3094,2016,0,0,0
3095,2016,0,0,0
3096,2016,0,0,0
3097,2016,0,0,0
3098,2016,0,0,0
3099,2016,0,0,0
3100,2016,0,0,0
3101,2016,0,0,0
3102,2016,0,0,0
3103,2016,0,0,0
3104,2016,0,0,0
3105,2016,0,0,0
3106,2016,0,0,0
3107,2016,0,0,0
3108,2016,0,0,0
3109,2016,0,0,0
3110,2016,0,0,0
3111,2016,0,0,0
3112,2016,0,0,0
3113,2016,0,0,0
3114,2016,0,0,0
3115,2016,0,0,0
3116,2016,0,0,0
3117,2016,0,0,0
3118,2016,0,0,0
3119,2016,0,0,0
3120,2016,0,0,0
3121,2016,0,0,0
3122,2016,0,0,0
3123,2016,0,0,0
3124,2016,0,0,0
3125,2016,0,0,0
3126,2016,0,0,0
3127,2016,0,0,0
3128,2016,0,0,0
3129,2016,0,0,0
3130,2016,0,0,0
3131,2016,0,0,0
3132,2016,0,0,0
3133,2016,0,0,0
3134,2016,0,0,0
3135,2016,0,0,0
3136,2016,0,0,0
3137,2016,0,0,0
3138,2016,0,0,0
3139,2016,0,0,0
3140,2016,0,0,0
3141,2016,0,0,0
3142,2016,0,0,0
3143,2016,0,0,0
3144,2016,0,0,0
3145,2016,0,0,0
3146,2016,0,0,0
3147,2016,0,0,0
3148,2016,0,0,0
3149,2016,0,0,0
3150,2016,0,0,0
3151,2016,0,0,0
3152,2016,0,0,0
3153,2016,0,0,0
3154,2016,0,0,0
3155,2016,0,0,0
3156,2016,0,0,0
3157,2016,0,0,0
3158,2016,0,0,0
3159,2016,0,0,0
3160,2016,0,0,0
3161,2016,0,0,0
3162,2016,0,0,0
3163,2016,0,0,0
3164,2016,0,0,0
3165,2016,0,0,0
3166,2016,0,0,0
3167,2016,0,0,0
3168,2016,0,0,0
3169,2016,0,0,0
3170,2016,0,0,0
3171,2016,0,0,0
3172,2016,0,0,0
3173,2016,0,0,0
3174,2016,0,0,0
3175,2016,0,0,0
3176,2016,0,0,0
3177,2016,0,0,0
3178,2016,0,0,0
3179,2016,0,0,0
3180,2016,0,0,0
3181,2016,0,0,0
3182,2016,0,0,0
3183,2016,0,0,0
3184,2016,0,0,0
3185,2016,0,0,0
3186,2016,0,0,0
3187,2016,0,0,0
3188,2016,0,0,0
3189,2016,0,0,0
3190,2016,0,0,0
3191,2016,0,0,0
3192,2016,0,0,0
3193,2016,0,0,0
3194,2016,0,0,0
3195,2016,0,0,0
3196,2016,0,0,0
3197,2016,0,0,0
3198,2016,0,0,0
3199,2016,0,0,0
3200,2016,0,0,0
3201,2016,0,0,0
3202,2016,0,0,0
3203,2016,0,0,0
3204,2016,0,0,0
3205,2016,0,0,0
3206,2016,0,0,0
3207,2016,0,0,0
3208,2016,0,0,0
3209,2016,0,0,0
3210,2016,0,0,0
3211,2016,0,0,0
3212,2016,0,0,0
3213,2016,0,0,0
3214,2016,0,0,0
3215,2016,0,0,0
3216,2016,0,0,0
3217,2016,0,0,0
3218,2016,0,0,0
3219,2016,0,0,0
3220,2016,0,0,0
3221,2016,0,0,0
3222,2016,0,0,0
3223,2016,0,0,0
3224,2016,0,0,0
3225,2016,0,0,0
3226,2016,0,0,0
3227,2016,0,0,0
3228,2016,0,0,0
3229,2016,0,0,0
3230,2016,0,0,0
3231,2016,0,0,0
3232,2016,0,0,0
3233,2016,0,0,0
3234,2016,0,0,0
3235,2016,0,0,0
3236,2016,0,0,0
3237,2016,0,0,0
3238,2016,0,0,0
3239,2016,0,0,0
3240,2016,0,0,0
3241,2016,0,0,0
3242,2016,0,0,0
3243,2016,0,0,0
3244,2016,0,0,0
3245,2016,0,0,0
3246,2016,0,0,0
3247,2016,0,0,0
3248,2016,0,0,0
3249,2016,0,0,0
3250,2016,0,0,0
3251,2016,0,0,0
3252,2016,0,0,0
3253,2016,0,0,0
3254,2016,0,0,0
3255,2016,0,0,0
3256,2016,0,0,0
3257,2016,0,0,0
3258,2016,0,0,0
3259,2016,0,0,0
3260,2016,0,0,0
3261,2016,0,0,0
3262,2016,0,0,0
3263,2016,0,0,0
3264,2016,0,0,0
3265,2016,0,0,0
3266,2016,0,0,0
3267,2015,0,0,0
3268,2015,0,0,0
3269,2015,0,0,0
3270,2015,0,0,0
3271,2015,0,0,0
3272,2015,0,0,0
3273,2015,0,0,0
3274,2015,0,0,0
3275,2015,0,0,0
3276,2015,0,0,0
3277,2015,0,0,0
3278,2015,0,0,0
3279,2015,0,0,0
3280,2015,0,0,0
3281,2015,0,0,0
3282,2015,0,0,0
3283,2015,0,0,0
3284,2015,0,0,0
3285,2015,0,0,0
3286,2015,0,0,0
3287,2015,0,0,0
3288,2015,0,0,0
3289,2015,0,0,0
3290,2015,0,0,0
3291,2015,0,0,0
3292,2015,0,0,0
3293,2015,0,0,0
3294,2015,0,0,0
3295,2015,0,0,0
3296,2015,0,0,0
3297,2015,0,0,0
3298,2015,0,0,0
3299,2015,0,0,0
3300,2015,0,0,0
3301,2015,0,0,0
3302,2015,0,0,0
3303,2015,0,0,0
3304,2015,0,0,0
3305,2015,0,0,0
3306,2015,0,0,0
3307,2015,0,0,0
3308,2015,0,0,0
3309,2015,0,0,0
3310,2015,0,0,0
3311,2015,0,0,0
3312,2015,0,0,0
3313,2015,0,0,0
3314,2015,0,0,0
3315,2015,0,0,0
3316,2015,0,0,0
3317,2015,0,0,0
3318,2015,0,0,0
3319,2015,0,0,0
3320,2015,0,0,0
3321,2015,0,0,0
3322,2015,0,0,0
3323,2015,0,0,0
3324,2015,0,0,0
3325,2015,0,0,0
3326,2015,0,0,0
3327,2015,0,0,0
3328,2015,0,0,0
3329,2015,0,0,0
3330,2015,0,0,0
3331,2015,0,0,0
3332,2015,0,0,0
3333,2015,0,0,0
3334,2015,0,0,0
3335,2015,0,0,0
3336,2015,0,0,0
3337,2015,0,0,0
3338,2015,0,0,0
3339,2015,0,0,0
3340,2015,0,0,0
3341,2015,0,0,0
3342,2015,0,0,0
3343,2015,0,0,0
3344,2015,0,0,0
3345,2015,0,0,0
3346,2015,0,0,0
3347,2015,0,0,0
3348,2015,0,0,0
3349,2015,0,0,0
3350,2015,0,0,0
3351,2015,0,0,0
3352,2015,0,0,0
3353,2015,0,0,0
3354,2015,0,0,0
3355,2015,0,0,0
3356,2015,0,0,0
3357,2015,0,0,0
3358,2015,0,0,0
3359,2015,0,0,0
3360,2015,0,0,0
3361,2015,0,0,0
3362,2015,0,0,0
3363,2015,0,0,0
3364,2015,0,0,0
3365,2015,0,0,0
3366,2015,0,0,0
3367,2015,0,0,0
3368,2015,0,0,0
3369,2015,0,0,0
3370,2015,0,0,0
3371,2015,0,0,0
3372,2015,0,0,0
3373,2015,0,0,0
3374,2015,0,0,0
3375,2015,0,0,0
3376,2015,0,0,0
3377,2015,0,0,0
3378,2015,0,0,0
3379,2015,0,0,0
3380,2015,0,0,0
3381,2015,0,0,0
3382,2015,0,0,0
3383,2015,0,0,0
3384,2015,0,0,0
3385,2015,0,0,0
3386,2015,0,0,0
3387,2015,0,0,0
3388,2015,0,0,0
3389,2015,0,0,0
3390,2015,0,0,0
3391,2015,0,0,0
3392,2015,0,0,0
3393,2015,0,0,0
3394,2015,0,0,0
3395,2015,0,0,0
3396,2015,0,0,0
3397,2015,0,0,0
3398,2015,0,0,0
3399,2015,0,0,0
3400,2015,0,0,0
3401,2015,0,0,0
3402,2015,0,0,0
3403,2015,0,0,0
3404,2015,0,0,0
3405,2015,0,0,0
3406,2015,0,0,0
3407,2015,0,0,0
3408,2015,0,0,0
3409,2015,0,0,0
3410,2015,0,0,0
3411,2015,0,0,0
3412,2015,0,0,0
3413,2015,0,0,0
3414,2015,0,0,0
3415,2015,0,0,0
3416,2015,0,0,0
3417,2015,0,0,0
3418,2015,0,0,0
3419,2015,0,0,0
3420,2015,0,0,0
3421,2015,0,0,0
3422,2015,0,0,0
3423,2015,0,0,0
3424,2015,0,0,0
3425,2015,0,0,0
3426,2015,0,0,0
3427,2015,0,0,0
3428,2015,0,0,0
3429,2015,0,0,0
3430,2015,0,0,0
3431,2015,0,0,0
3432,2015,0,0,0
3433,2015,0,0,0
3434,2015,0,0,0
3435,2015,0,0,0
3436,2015,0,0,0
3437,2015,0,0,0
3438,2015,0,0,0
3439,2015,0,0,0
3440,2015,0,0,0
3441,2015,0,0,0
3442,2015,0,0,0
3443,2015,0,0,0
3444,2015,0,0,0
3445,2015,0,0,0
3446,2015,0,0,0
3447,2015,0,0,0
3448,2015,0,0,0
3449,2015,0,0,0
3450,2015,0,0,0
3451,2015,0,0,0
3452,2015,0,0,0
3453,2015,0,0,0
3454,2015,0,0,0
3455,2015,0,0,0
3456,2015,0,0,0
3457,2015,0,0,0
3458,2015,0,0,0
3459,2015,0,0,0
3460,2015,0,0,0
3461,2015,0,0,0
3462,2015,0,0,0
3463,2015,0,0,0
3464,2015,0,0,0
3465,2015,0,0,0
3466,2015,0,0,0
3467,2015,0,0,0
3468,2015,0,0,0
3469,2015,0,0,0
3470,2015,0,0,0
3471,2015,0,0,0
3472,2015,0,0,0
3473,2015,0,0,0
3474,2015,0,0,0
3475,2015,0,0,0
3476,2015,0,0,0
3477,2015,0,0,0
3478,2015,0,0,0
3479,2015,0,0,0
3480,2015,0,0,0
3481,2015,0,0,0
3482,2015,0,0,0
3483,2015,0,0,0
3484,2015,0,0,0
3485,2015,0,0,0
3486,2015,0,0,0
3487,2015,0,0,0
3488,2015,0,0,0
3489,2015,0,0,0
3490,2015,0,0,0
3491,2015,0,0,0
3492,2015,0,0,0
3493,2015,0,0,0
3494,2015,0,0,0
3495,2015,0,0,0
3496,2015,0,0,0
3497,2015,0,0,0
3498,2015,0,0,0
3499,2015,0,0,0
3500,2015,0,0,0
3501,2015,0,0,0
3502,2015,0,0,0
3503,2015,0,0,0
3504,2015,0,0,0
3505,2015,0,0,0
3506,2015,0,0,0
3507,2015,0,0,0
3508,2015,0,0,0
3509,2015,0,0,0
3510,2015,0,0,0
3511,2015,0,0,0
3512,2015,0,0,0
3513,2015,0,0,0
3514,2015,0,0,0
3515,2015,0,0,0
3516,2015,0,0,0
3517,2015,0,0,0
3518,2015,0,0,0
3519,2015,0,0,0
3520,2015,0,0,0
3521,2015,0,0,0
3522,2015,0,0,0
3523,2015,0,0,0
3524,2015,0,0,0
3525,2015,0,0,0
3526,2015,0,0,0
3527,2015,0,0,0
3528,2015,0,0,0
3529,2015,0,0,0
3530,2015,0,0,0
3531,2015,0,0,0
3532,2015,0,0,0
3533,2015,0,0,0
3534,2015,0,0,0
3535,2015,0,0,0
3536,2015,0,0,0
3537,2015,0,0,0
3538,2015,0,0,0
3539,2015,0,0,0
3540,2015,0,0,0
3541,2015,0,0,0
3542,2015,0,0,0
3543,2015,0,0,0
3544,2015,0,0,0
3545,2015,0,0,0
3546,2015,0,0,0
3547,2015,0,0,0
3548,2015,0,0,0
3549,2015,0,0,0
3550,2015,0,0,0
3551,2015,0,0,0
3552,2015,0,0,0
3553,2015,0,0,0
3554,2015,0,0,0
3555,2015,0,0,0
3556,2015,0,0,0
3557,2015,0,0,0
3558,2015,0,0,0
3559,2015,0,0,0
3560,2015,0,0,0
3561,2015,0,0,0
3562,2015,0,0,0
3563,2015,0,0,0
3564,2015,0,0,0
3565,2015,0,0,0
3566,2015,0,0,0
3567,2015,0,0,0
3568,2015,0,0,0
3569,2014,0,0,0
3570,2014,0,0,0
3571,2014,0,0,0
3572,2014,0,0,0
3573,2014,0,0,0
3574,2014,0,0,0
3575,2014,0,0,0
3576,2014,0,0,0
3577,2014,0,0,0
3578,2014,0,0,0
3579,2014,0,0,0
3580,2014,0,0,0
3581,2014,0,0,0
3582,2014,0,0,0
3583,2014,0,0,0
3584,2014,0,0,0
3585,2014,0,0,0
3586,2014,0,0,0
3587,2014,0,0,0
3588,2014,0,0,0
3589,2014,0,0,0
3590,2014,0,0,0
3591,2014,0,0,0
3592,2014,0,0,0
3593,2014,0,0,0
3594,2014,0,0,0
3595,2014,0,0,0
3596,2014,0,0,0
3597,2014,0,0,0
3598,2014,0,0,0
3599,2014,0,0,0
3600,2014,0,0,0
3601,2014,0,0,0
3602,2014,0,0,0
3603,2014,0,0,0
3604,2014,0,0,0
3605,2014,0,0,0
3606,2014,0,0,0
3607,2014,0,0,0
3608,2014,0,0,0
3609,2014,0,0,0
3610,2014,0,0,0
3611,2014,0,0,0
3612,2014,0,0,0
3613,2014,0,0,0
3614,2014,0,0,0
3615,2014,0,0,0
3616,2014,0,0,0
3617,2014,0,0,0
3618,2014,0,0,0
3619,2014,0,0,0
3620,2014,0,0,0
3621,2014,0,0,0
3622,2014,0,0,0
3623,2014,0,0,0
3624,2014,0,0,0
3625,2014,0,0,0
3626,2014,0,0,0
3627,2014,0,0,0
3628,2014,0,0,0
3629,2014,0,0,0
3630,2014,0,0,0
3631,2014,0,0,0
3632,2014,0,0,0
3633,2014,0,0,0
3634,2014,0,0,0
3635,2014,0,0,0
3636,2014,0,0,0
3637,2014,0,0,0
3638,2014,0,0,0
3639,2014,0,0,0
3640,2014,0,0,0
3641,2014,0,0,0
3642,2014,0,0,0
3643,2014,0,0,0
3644,2014,0,0,0
3645,2014,0,0,0
3646,2014,0,0,0
3647,2014,0,0,0
3648,2014,0,0,0
3649,2014,0,0,0
3650,2014,0,0,0
3651,2014,0,0,0
3652,2014,0,0,0
3653,2014,0,0,0
3654,2014,0,0,0
3655,2014,0,0,0
3656,2014,0,0,0
3657,2014,0,0,0
3658,2014,0,0,0
3659,2014,0,0,0
3660,2014,0,0,0
3661,2014,0,0,0
3662,2014,0,0,0
3663,2014,0,0,0
3664,2014,0,0,0
3665,2014,0,0,0
3666,2014,0,0,0
3667,2014,0,0,0
3668,2014,0,0,0
3669,2014,0,0,0
3670,2014,0,0,0
3671,2014,0,0,0
3672,2014,0,0,0
3673,2014,0,0,0
3674,2014,0,0,0
3675,2014,0,0,0
3676,2014,0,0,0
3677,2014,0,0,0
3678,2014,0,0,0
3679,2014,0,0,0
3680,2014,0,0,0
3681,2014,0,0,0
3682,2014,0,0,0
3683,2014,0,0,0
3684,2014,0,0,0
3685,2014,0,0,0
3686,2014,0,0,0
3687,2014,0,0,0
3688,2014,0,0,0
3689,2014,0,0,0
3690,2014,0,0,0
3691,2014,0,0,0
3692,2014,0,0,0
3693,2014,0,0,0
3694,2014,0,0,0
3695,2014,0,0,0
3696,2014,0,0,0
3697,2014,0,0,0
3698,2014,0,0,0
3699,2014,0,0,0
3700,2014,0,0,0
3701,2014,0,0,0
3702,2014,0,0,0
3703,2014,0,0,0
3704,2014,0,0,0
3705,2014,0,0,0
3706,2014,0,0,0
3707,2014,0,0,0
3708,2014,0,0,0
3709,2014,0,0,0
3710,2014,0,0,0
3711,2014,0,0,0
3712,2014,0,0,0
3713,2014,0,0,0
3714,2014,0,0,0
3715,2014,0,0,0
3716,2014,0,0,0
3717,2014,0,0,0
3718,2014,0,0,0
3719,2014,0,0,0
3720,2014,0,0,0
3721,2014,0,0,0
3722,2014,0,0,0
3723,2014,0,0,0
3724,2014,0,0,0
3725,2014,0,0,0
3726,2014,0,0,0
3727,2014,0,0,0
3728,2014,0,0,0
3729,2014,0,0,0
3730,2014,0,0,0
3731,2014,0,0,0
3732,2014,0,0,0
3733,2014,0,0,0
3734,2014,0,0,0
3735,2014,0,0,0
3736,2014,0,0,0
3737,2014,0,0,0
3738,2014,0,0,0
3739,2014,0,0,0
3740,2014,0,0,0
3741,2014,0,0,0
3742,2014,0,0,0
3743,2014,0,0,0
3744,2014,0,0,0
3745,2014,0,0,0
3746,2014,0,0,0
3747,2014,0,0,0
3748,2014,0,0,0
3749,2014,0,0,0
3750,2014,0,0,0
3751,2014,0,0,0
3752,2014,0,0,0
3753,2014,0,0,0
3754,2014,0,0,0
3755,2014,0,0,0
3756,2014,0,0,0
3757,2014,0,0,0
3758,2014,0,0,0
3759,2014,0,0,0
3760,2014,0,0,0
3761,2014,0,0,0
3762,2014,0,0,0
3763,2014,0,0,0
3764,2014,0,0,0
3765,2014,0,0,0
3766,2014,0,0,0
3767,2014,0,0,0
3768,2014,0,0,0
3769,2014,0,0,0
3770,2014,0,0,0
3771,2014,0,0,0
3772,2014,0,0,0
3773,2014,0,0,0
3774,2014,0,0,0
3775,2014,0,0,0
3776,2014,0,0,0
3777,2014,0,0,0
3778,2014,0,0,0
3779,2014,0,0,0
3780,2014,0,0,0
3781,2014,0,0,0
3782,2014,0,0,0
3783,2014,0,0,0
3784,2014,0,0,0
3785,2014,0,0,0
3786,2014,0,0,0
3787,2014,0,0,0
3788,2014,0,0,0
3789,2014,0,0,0
3790,2014,0,0,0
3791,2014,0,0,0
3792,2014,0,0,0
3793,2014,0,0,0
3794,2014,0,0,0
3795,2014,0,0,0
3796,2014,0,0,0
3797,2014,0,0,0
3798,2014,0,0,0
3799,2014,0,0,0
3800,2014,0,0,0
3801,2014,0,0,0
3802,2014,0,0,0
3803,2014,0,0,0
3804,2014,0,0,0
3805,2014,0,0,0
3806,2014,0,0,0
3807,2014,0,0,0
3808,2014,0,0,0
3809,2014,0,0,0
3810,2014,0,0,0
3811,2014,0,0,0
3812,2014,0,0,0
3813,2014,0,0,0
3814,2014,0,0,0
3815,2014,0,0,0
3816,2014,0,0,0
3817,2014,0,0,0
3818,2014,0,0,0
3819,2014,0,0,0
3820,2014,0,0,0
3821,2014,0,0,0
3822,2014,0,0,0
3823,2014,0,0,0
3824,2014,0,0,0
3825,2014,0,0,0
3826,2014,0,0,0
3827,2014,0,0,0
3828,2014,0,0,0
3829,2014,0,0,0
3830,2014,0,0,0
3831,2014,0,0,0
3832,2014,0,0,0
3833,2014,0,0,0
3834,2014,0,0,0
3835,2014,0,0,0
3836,2014,0,0,0
3837,2014,0,0,0
3838,2014,0,0,0
3839,2014,0,0,0
3840,2014,0,0,0
3841,2014,0,0,0
3842,2014,0,0,0
3843,2014,0,0,0
3844,2014,0,0,0
3845,2014,0,0,0
3846,2014,0,0,0
3847,2014,0,0,0
3848,2014,0,0,0
3849,2014,0,0,0
3850,2014,0,0,0
3851,2014,0,0,0
3852,2014,0,0,0
3853,2014,0,0,0
3854,2014,0,0,0
3855,2014,0,0,0
3856,2014,0,0,0
3857,2014,0,0,0
3858,2014,0,0,0
3859,2014,0,0,0
3860,2014,0,0,0
3861,2014,0,0,0
3862,2014,0,0,0
3863,2014,0,0,0
3864,2014,0,0,0
3865,2014,0,0,0
3866,2014,0,0,0
3867,2014,0,0,0
3868,2014,0,0,0
3869,2013,0,0,0
3870,2013,0,0,0
3871,2013,0,0,0
3872,2013,0,0,0
3873,2013,0,0,0
3874,2013,0,0,0
3875,2013,0,0,0
3876,2013,0,0,0
3877,2013,0,0,0
3878,2013,0,0,0
3879,2013,0,0,0
3880,2013,0,0,0
3881,2013,0,0,0
3882,2013,0,0,0
3883,2013,0,0,0
3884,2013,0,0,0
3885,2013,0,0,0
3886,2013,0,0,0
3887,2013,0,0,0
3888,2013,0,0,0
3889,2013,0,0,0
3890,2013,0,0,0
3891,2013,0,0,0
3892,2013,0,0,0
3893,2013,0,0,0
3894,2013,0,0,0
3895,2013,0,0,0
3896,2013,0,0,0
3897,2013,0,0,0
3898,2013,0,0,0
3899,2013,0,0,0
3900,2013,0,0,0
3901,2013,0,0,0
3902,2013,0,0,0
3903,2013,0,0,0
3904,2013,0,0,0
3905,2013,0,0,0
3906,2013,0,0,0
3907,2013,0,0,0
3908,2013,0,0,0
3909,2013,0,0,0
3910,2013,0,0,0
3911,2013,0,0,0
3912,2013,0,0,0
3913,2013,0,0,0
3914,2013,0,0,0
3915,2013,0,0,0
3916,2013,0,0,0
3917,2013,0,0,0
3918,2013,0,0,0
3919,2013,0,0,0
3920,2013,0,0,0
3921,2013,0,0,0
3922,2013,0,0,0
3923,2013,0,0,0
3924,2013,0,0,0
3925,2013,0,0,0
3926,2013,0,0,0
3927,2013,0,0,0
3928,2013,0,0,0
3929,2013,0,0,0
3930,2013,0,0,0
3931,2013,0,0,0
3932,2013,0,0,0
3933,2013,0,0,0
3934,2013,0,0,0
3935,2013,0,0,0
3936,2013,0,0,0
3937,2013,0,0,0
3938,2013,0,0,0
3939,2013,0,0,0
3940,2013,0,0,0
3941,2013,0,0,0
3942,2013,0,0,0
3943,2013,0,0,0
3944,2013,0,0,0
3945,2013,0,0,0
3946,2013,0,0,0
3947,2013,0,0,0
3948,2013,0,0,0
3949,2013,0,0,0
3950,2013,0,0,0
3951,2013,0,0,0
3952,2013,0,0,0
3953,2013,0,0,0
3954,2013,0,0,0
3955,2013,0,0,0
3956,2013,0,0,0
3957,2013,0,0,0
3958,2013,0,0,0
3959,2013,0,0,0
3960,2013,0,0,0
3961,2013,0,0,0
3962,2013,0,0,0
3963,2013,0,0,0
3964,2013,0,0,0
3965,2013,0,0,0
3966,2013,0,0,0
3967,2013,0,0,0
3968,2013,0,0,0
3969,2013,0,0,0
3970,2013,0,0,0
3971,2013,0,0,0
3972,2013,0,0,0
3973,2013,0,0,0
3974,2013,0,0,0
3975,2013,0,0,0
3976,2013,0,0,0
3977,2013,0,0,0
3978,2013,0,0,0
3979,2013,0,0,0
3980,2013,0,0,0
3981,2013,0,0,0
3982,2013,0,0,0
3983,2013,0,0,0
3984,2013,0,0,0
3985,2013,0,0,0
3986,2013,0,0,0
3987,2013,0,0,0
3988,2013,0,0,0
3989,2013,0,0,0
3990,2013,0,0,0
3991,2013,0,0,0
3992,2013,0,0,0
3993,2013,0,0,0
3994,2013,0,0,0
3995,2013,0,0,0
3996,2013,0,0,0
3997,2013,0,0,0
3998,2013,0,0,0
3999,2013,0,0,0
4000,2013,0,0,0
4001,2013,0,0,0
4002,2013,0,0,0
4003,2013,0,0,0
4004,2013,0,0,0
4005,2013,0,0,0
4006,2013,0,0,0
4007,2013,0,0,0
4008,2013,0,0,0
4009,2013,0,0,0
4010,2013,0,0,0
4011,2013,0,0,0
4012,2013,0,0,0
4013,2013,0,0,0
4014,2013,0,0,0
4015,2013,0,0,0
4016,2013,0,0,0
4017,2013,0,0,0
4018,2013,0,0,0
4019,2013,0,0,0
4020,2013,0,0,0
4021,2013,0,0,0
4022,2013,0,0,0
4023,2013,0,0,0
4024,2013,0,0,0
4025,2013,0,0,0
4026,2013,0,0,0
4027,2013,0,0,0
4028,2013,0,0,0
4029,2013,0,0,0
4030,2013,0,0,0
4031,2013,0,0,0
4032,2013,0,0,0
4033,2013,0,0,0
4034,2013,0,0,0
4035,2013,0,0,0
4036,2013,0,0,0
4037,2013,0,0,0
4038,2013,0,0,0
4039,2013,0,0,0
4040,2013,0,0,0
4041,2013,0,0,0
4042,2013,0,0,0
4043,2013,0,0,0
4044,2013,0,0,0
4045,2013,0,0,0
4046,2013,0,0,0
4047,2013,0,0,0
4048,2013,0,0,0
4049,2013,0,0,0
4050,2013,0,0,0
4051,2013,0,0,0
4052,2013,0,0,0
4053,2013,0,0,0
4054,2013,0,0,0
4055,2013,0,0,0
4056,2013,0,0,0
4057,2013,0,0,0
4058,2013,0,0,0
4059,2013,0,0,0
4060,2013,0,0,0
4061,2013,0,0,0
4062,2013,0,0,0
4063,2013,0,0,0
4064,2013,0,0,0
4065,2013,0,0,0
4066,2013,0,0,0
4067,2013,0,0,0
4068,2013,0,0,0
4069,2013,0,0,0
4070,2013,0,0,0
4071,2013,0,0,0
4072,2013,0,0,0
4073,2013,0,0,0
4074,2013,0,0,0
4075,2013,0,0,0
4076,2013,0,0,0
4077,2013,0,0,0
4078,2013,0,0,0
4079,2013,0,0,0
4080,2013,0,0,0
4081,2013,0,0,0
4082,2013,0,0,0
4083,2013,0,0,0
4084,2013,0,0,0
4085,2013,0,0,0
4086,2013,0,0,0
4087,2013,0,0,0
4088,2013,0,0,0
4089,2013,0,0,0
4090,2013,0,0,0
4091,2013,0,0,0
4092,2013,0,0,0
4093,2013,0,0,0
4094,2013,0,0,0
4095,2013,0,0,0
4096,2013,0,0,0
4097,2013,0,0,0
4098,2013,0,0,0
4099,2013,0,0,0
4100,2013,0,0,0
4101,2013,0,0,0
4102,2013,0,0,0
4103,2013,0,0,0
4104,2013,0,0,0
4105,2013,0,0,0
4106,2013,0,0,0
4107,2013,0,0,0
4108,2013,0,0,0
4109,2013,0,0,0
4110,2013,0,0,0
4111,2013,0,0,0
4112,2013,0,0,0
4113,2013,0,0,0
4114,2013,0,0,0
4115,2013,0,0,0
4116,2013,0,0,0
4117,2013,0,0,0
4118,2013,0,0,0
4119,2013,0,0,0
4120,2013,0,0,0
4121,2013,0,0,0
4122,2013,0,0,0
4123,2013,0,0,0
4124,2013,0,0,0
4125,2013,0,0,0
4126,2013,0,0,0
4127,2013,0,0,0
4128,2013,0,0,0
4129,2013,0,0,0
4130,2013,0,0,0
4131,2013,0,0,0
4132,2013,0,0,0
4133,2013,0,0,0
4134,2013,0,0,0
4135,2013,0,0,0
4136,2013,0,0,0
4137,2013,0,0,0
4138,2013,0,0,0
4139,2013,0,0,0
4140,2012,0,0,0
4141,2012,0,0,0
4142,2012,0,0,0
4143,2012,0,0,0
4144,2012,0,0,0
4145,2012,0,0,0
4146,2012,0,0,0
4147,2012,0,0,0
4148,2012,0,0,0
4149,2012,0,0,0
4150,2012,0,0,0
4151,2012,0,0,0
4152,2012,0,0,0
4153,2012,0,0,0
4154,2012,0,0,0
4155,2012,0,0,0
4156,2012,0,0,0
4157,2012,0,0,0
4158,2012,0,0,0
4159,2012,0,0,0
4160,2012,0,0,0
4161,2012,0,0,0
4162,2012,0,0,0
4163,2012,0,0,0
4164,2012,0,0,0
4165,2012,0,0,0
4166,2012,0,0,0
4167,2012,0,0,0
4168,2012,0,0,0
4169,2012,0,0,0
4170,2012,0,0,0
4171,2012,0,0,0
4172,2012,0,0,0
4173,2012,0,0,0
4174,2012,0,0,0
4175,2012,0,0,0
4176,2012,0,0,0
4177,2012,0,0,0
4178,2012,0,0,0
4179,2012,0,0,0
4180,2012,0,0,0
4181,2012,0,0,0
4182,2012,0,0,0
4183,2012,0,0,0
4184,2012,0,0,0
4185,2012,0,0,0
4186,2012,0,0,0
4187,2012,0,0,0
4188,2012,0,0,0
4189,2012,0,0,0
4190,2012,0,0,0
4191,2012,0,0,0
4192,2012,0,0,0
4193,2012,0,0,0
4194,2012,0,0,0
4195,2012,0,0,0
4196,2012,0,0,0
4197,2012,0,0,0
4198,2012,0,0,0
4199,2012,0,0,0
4200,2012,0,0,0
4201,2012,0,0,0
4202,2012,0,0,0
4203,2012,0,0,0
4204,2012,0,0,0
4205,2012,0,0,0
4206,2012,0,0,0
4207,2012,0,0,0
4208,2012,0,0,0
4209,2012,0,0,0
4210,2012,0,0,0
4211,2012,0,0,0
4212,2012,0,0,0
4213,2012,0,0,0
4214,2012,0,0,0
4215,2012,0,0,0
4216,2012,0,0,0
4217,2012,0,0,0
4218,2012,0,0,0
4219,2012,0,0,0
4220,2012,0,0,0
4221,2012,0,0,0
4222,2012,0,0,0
4223,2012,0,0,0
4224,2012,0,0,0
4225,2012,0,0,0
4226,2012,0,0,0
4227,2012,0,0,0
4228,2012,0,0,0
4229,2012,0,0,0
4230,2012,0,0,0
4231,2012,0,0,0
4232,2012,0,0,0
4233,2012,0,0,0
4234,2012,0,0,0
4235,2012,0,0,0
4236,2012,0,0,0
4237,2012,0,0,0
4238,2012,0,0,0
4239,2012,0,0,0
4240,2012,0,0,0
4241,2012,0,0,0
4242,2012,0,0,0
4243,2012,0,0,0
4244,2012,0,0,0
4245,2012,0,0,0
4246,2012,0,0,0
4247,2012,0,0,0
4248,2012,0,0,0
4249,2012,0,0,0
4250,2012,0,0,0
4251,2012,0,0,0
4252,2012,0,0,0
4253,2012,0,0,0
4254,2012,0,0,0
4255,2012,0,0,0
4256,2012,0,0,0
4257,2012,0,0,0
4258,2012,0,0,0
4259,2012,0,0,0
4260,2012,0,0,0
4261,2012,0,0,0
4262,2012,0,0,0
4263,2012,0,0,0
4264,2012,0,0,0
4265,2012,0,0,0
4266,2012,0,0,0
4267,2012,0,0,0
4268,2012,0,0,0
4269,2012,0,0,0
4270,2012,0,0,0
4271,2012,0,0,0
4272,2012,0,0,0
4273,2012,0,0,0
4274,2012,0,0,0
4275,2012,0,0,0
4276,2012,0,0,0
4277,2012,0,0,0
4278,2012,0,0,0
4279,2012,0,0,0
4280,2012,0,0,0
4281,2012,0,0,0
4282,2012,0,0,0
4283,2012,0,0,0
4284,2012,0,0,0
4285,2012,0,0,0
4286,2012,0,0,0
4287,2012,0,0,0
4288,2012,0,0,0
4289,2012,0,0,0
4290,2012,0,0,0
4291,2012,0,0,0
4292,2012,0,0,0
4293,2012,0,0,0
4294,2012,0,0,0
4295,2012,0,0,0
4296,2012,0,0,0
4297,2012,0,0,0
4298,2012,0,0,0
4299,2012,0,0,0
4300,2012,0,0,0
4301,2012,0,0,0
4302,2012,0,0,0
4303,2012,0,0,0
4304,2012,0,0,0
4305,2012,0,0,0
4306,2012,0,0,0
4307,2012,0,0,0
4308,2012,0,0,0
4309,2012,0,0,0
4310,2012,0,0,0
4311,2012,0,0,0
4312,2012,0,0,0
4313,2012,0,0,0
4314,2012,0,0,0
4315,2012,0,0,0
4316,2012,0,0,0
4317,2012,0,0,0
4318,2012,0,0,0
4319,2012,0,0,0
4320,2012,0,0,0
4321,2012,0,0,0
4322,2012,0,0,0
4323,2012,0,0,0
4324,2012,0,0,0
4325,2012,0,0,0
4326,2012,0,0,0
4327,2012,0,0,0
4328,2012,0,0,0
4329,2012,0,0,0
4330,2012,0,0,0
4331,2012,0,0,0
4332,2012,0,0,0
4333,2012,0,0,0
4334,2012,0,0,0
4335,2012,0,0,0
4336,2012,0,0,0
4337,2012,0,0,0
4338,2012,0,0,0
4339,2012,0,0,0
4340,2012,0,0,0
4341,2012,0,0,0
4342,2012,0,0,0
4343,2012,0,0,0
4344,2012,0,0,0
4345,2012,0,0,0
4346,2012,0,0,0
4347,2012,0,0,0
4348,2012,0,0,0
4349,2012,0,0,0
4350,2012,0,0,0
4351,2012,0,0,0
4352,2012,0,0,0
4353,2012,0,0,0
4354,2012,0,0,0
4355,2012,0,0,0
4356,2012,0,0,0
4357,2012,0,0,0
4358,2012,0,0,0
4359,2012,0,0,0
4360,2012,0,0,0
4361,2012,0,0,0
4362,2012,0,0,0
4363,2012,0,0,0
4364,2012,0,0,0
4365,2012,0,0,0
4366,2012,0,0,0
4367,2012,0,0,0
4368,2012,0,0,0
4369,2012,0,0,0
4370,2012,0,0,0
4371,2012,0,0,0
4372,2012,0,0,0
4373,2012,0,0,0
4374,2012,0,0,0
4375,2012,0,0,0
4376,2012,0,0,0
4377,2012,0,0,0
4378,2012,0,0,0
4379,2012,0,0,0
4380,2012,0,0,0
4381,2012,0,0,0
4382,2012,0,0,0
4383,2012,0,0,0
4384,2012,0,0,0
4385,2012,0,0,0
4386,2012,0,0,0
4387,2012,0,0,0
4388,2012,0,0,0
4389,2012,0,0,0
4390,2012,0,0,0
4391,2012,0,0,0
4392,2012,0,0,0
4393,2012,0,0,0
4394,2012,0,0,0
4395,2012,0,0,0
4396,2012,0,0,0
4397,2012,0,0,0
4398,2012,0,0,0
4399,2012,0,0,0
4400,2012,0,0,0
4401,2012,0,0,0
4402,2012,0,0,0
4403,2012,0,0,0
4404,2012,0,0,0
4405,2012,0,0,0
4406,2012,0,0,0
4407,2012,0,0,0
4408,2011,0,0,0
4409,2011,0,0,0
4410,2011,0,0,0
4411,2011,0,0,0
4412,2011,0,0,0
4413,2011,0,0,0
4414,2011,0,0,0
4415,2011,0,0,0
4416,2011,0,0,0
4417,2011,0,0,0
4418,2011,0,0,0
4419,2011,0,0,0
4420,2011,0,0,0
4421,2011,0,0,0
4422,2011,0,0,0
4423,2011,0,0,0
4424,2011,0,0,0
4425,2011,0,0,0
4426,2011,0,0,0
4427,2011,0,0,0
4428,2011,0,0,0
4429,2011,0,0,0
4430,2011,0,0,0
4431,2011,0,0,0
4432,2011,0,0,0
4433,2011,0,0,0
4434,2011,0,0,0
4435,2011,0,0,0
4436,2011,0,0,0
4437,2011,0,0,0
4438,2011,0,0,0
4439,2011,0,0,0
4440,2011,0,0,0
4441,2011,0,0,0
4442,2011,0,0,0
4443,2011,0,0,0
4444,2011,0,0,0
4445,2011,0,0,0
4446,2011,0,0,0
4447,2011,0,0,0
4448,2011,0,0,0
4449,2011,0,0,0
4450,2011,0,0,0
4451,2011,0,0,0
4452,2011,0,0,0
4453,2011,0,0,0
4454,2011,0,0,0
4455,2011,0,0,0
4456,2011,0,0,0
4457,2011,0,0,0
4458,2011,0,0,0
4459,2011,0,0,0
4460,2011,0,0,0
4461,2011,0,0,0
4462,2011,0,0,0
4463,2011,0,0,0
4464,2011,0,0,0
4465,2011,0,0,0
4466,2011,0,0,0
4467,2011,0,0,0
4468,2011,0,0,0
4469,2011,0,0,0
4470,2011,0,0,0
4471,2011,0,0,0
4472,2011,0,0,0
4473,2011,0,0,0
4474,2011,0,0,0
4475,2011,0,0,0
4476,2011,0,0,0
4477,2011,0,0,0
4478,2011,0,0,0
4479,2011,0,0,0
4480,2011,0,0,0
4481,2011,0,0,0
4482,2011,0,0,0
4483,2011,0,0,0
4484,2011,0,0,0
4485,2011,0,0,0
4486,2011,0,0,0
4487,2011,0,0,0
4488,2011,0,0,0
4489,2011,0,0,0
4490,2011,0,0,0
4491,2011,0,0,0
4492,2011,0,0,0
4493,2011,0,0,0
4494,2011,0,0,0
4495,2011,0,0,0
4496,2011,0,0,0
4497,2011,0,0,0
4498,2011,0,0,0
4499,2011,0,0,0
4500,2011,0,0,0
4501,2011,0,0,0
4502,2011,0,0,0
4503,2011,0,0,0
4504,2011,0,0,0
4505,2011,0,0,0
4506,2011,0,0,0
4507,2011,0,0,0
4508,2011,0,0,0
4509,2011,0,0,0
4510,2011,0,0,0
4511,2011,0,0,0
4512,2011,0,0,0
4513,2011,0,0,0
4514,2011,0,0,0
4515,2011,0,0,0
4516,2011,0,0,0
4517,2011,0,0,0
4518,2011,0,0,0
4519,2011,0,0,0
4520,2011,0,0,0
4521,2011,0,0,0
4522,2011,0,0,0
4523,2011,0,0,0
4524,2011,0,0,0
4525,2011,0,0,0
4526,2011,0,0,0
4527,2011,0,0,0
4528,2011,0,0,0
4529,2011,0,0,0
4530,2011,0,0,0
4531,2011,0,0,0
4532,2011,0,0,0
4533,2011,0,0,0
4534,2011,0,0,0
4535,2011,0,0,0
4536,2011,0,0,0
4537,2011,0,0,0
4538,2011,0,0,0
4539,2011,0,0,0
4540,2011,0,0,0
4541,2011,0,0,0
4542,2011,0,0,0
4543,2011,0,0,0
4544,2011,0,0,0
4545,2011,0,0,0
4546,2011,0,0,0
4547,2011,0,0,0
4548,2011,0,0,0
4549,2011,0,0,0
4550,2011,0,0,0
4551,2011,0,0,0
4552,2011,0,0,0
4553,2011,0,0,0
4554,2011,0,0,0
4555,2011,0,0,0
4556,2011,0,0,0
4557,2011,0,0,0
4558,2011,0,0,0
4559,2011,0,0,0
4560,2011,0,0,0
4561,2011,0,0,0
4562,2011,0,0,0
4563,2011,0,0,0
4564,2011,0,0,0
4565,2011,0,0,0
4566,2011,0,0,0
4567,2011,0,0,0
4568,2011,0,0,0
4569,2011,0,0,0
4570,2011,0,0,0
4571,2011,0,0,0
4572,2011,0,0,0
4573,2011,0,0,0
4574,2011,0,0,0
4575,2011,0,0,0
4576,2011,0,0,0
4577,2011,0,0,0
4578,2011,0,0,0
4579,2011,0,0,0
4580,2011,0,0,0
4581,2011,0,0,0
4582,2011,0,0,0
4583,2011,0,0,0
4584,2011,0,0,0
4585,2011,0,0,0
4586,2011,0,0,0
4587,2011,0,0,0
4588,2011,0,0,0
4589,2011,0,0,0
4590,2011,0,0,0
4591,2011,0,0,0
4592,2011,0,0,0
4593,2011,0,0,0
4594,2011,0,0,0
4595,2011,0,0,0
4596,2011,0,0,0
4597,2011,0,0,0
4598,2011,0,0,0
4599,2011,0,0,0
4600,2011,0,0,0
4601,2011,0,0,0
4602,2011,0,0,0
4603,2011,0,0,0
4604,2011,0,0,0
4605,2011,0,0,0
4606,2011,0,0,0
4607,2011,0,0,0
4608,2011,0,0,0
4609,2011,0,0,0
4610,2011,0,0,0
4611,2011,0,0,0
4612,2011,0,0,0
4613,2011,0,0,0
4614,2011,0,0,0
4615,2011,0,0,0
4616,2011,0,0,0
4617,2011,0,0,0
4618,2011,0,0,0
4619,2011,0,0,0
4620,2011,0,0,0
4621,2011,0,0,0
4622,2011,0,0,0
4623,2011,0,0,0
4624,2011,0,0,0
4625,2011,0,0,0
4626,2011,0,0,0
4627,2011,0,0,0
4628,2011,0,0,0
4629,2011,0,0,0
4630,2011,0,0,0
4631,2011,0,0,0
4632,2011,0,0,0
4633,2011,0,0,0
4634,2011,0,0,0
4635,2011,0,0,0
4636,2011,0,0,0
4637,2011,0,0,0
4638,2011,0,0,0
4639,2011,0,0,0
4640,2011,0,0,0
4641,2011,0,0,0
4642,2011,0,0,0
4643,2011,0,0,0
4644,2011,0,0,0
4645,2011,0,0,0
4646,2011,0,0,0
4647,2011,0,0,0
4648,2011,0,0,0
4649,2011,0,0,0
4650,2011,0,0,0
4651,2011,0,0,0
4652,2011,0,0,0
4653,2011,0,0,0
4654,2011,0,0,0
4655,2011,0,0,0
4656,2011,0,0,0
4657,2011,0,0,0
4658,2011,0,0,0
4659,2011,0,0,0
4660,2011,0,0,0
4661,2011,0,0,0
4662,2011,0,0,0
4663,2011,0,0,0
4664,2011,0,0,0
4665,2011,0,0,0
4666,2011,0,0,0
4667,2011,0,0,0
4668,2011,0,0,0
4669,2011,0,0,0
4670,2011,0,0,0
4671,2011,0,0,0
4672,2011,0,0,0
4673,2011,0,0,0
4674,2011,0,0,0
4675,2011,0,0,0
4676,2011,0,0,0
4677,2010,0,0,0
4678,2010,0,0,0
4679,2010,0,0,0
4680,2010,0,0,0
4681,2010,0,0,0
4682,2010,0,0,0
4683,2010,0,0,0
4684,2010,0,0,0
4685,2010,0,0,0
4686,2010,0,0,0
4687,2010,0,0,0
4688,2010,0,0,0
4689,2010,0,0,0
4690,2010,0,0,0
4691,2010,0,0,0
4692,2010,0,0,0
4693,2010,0,0,0
4694,2010,0,0,0
4695,2010,0,0,0
4696,2010,0,0,0
4697,2010,0,0,0
4698,2010,0,0,0
4699,2010,0,0,0
4700,2010,0,0,0
4701,2010,0,0,0
4702,2010,0,0,0
4703,2010,0,0,0
4704,2010,0,0,0
4705,2010,0,0,0
4706,2010,0,0,0
4707,2010,0,0,0
4708,2010,0,0,0
4709,2010,0,0,0
4710,2010,0,0,0
4711,2010,0,0,0
4712,2010,0,0,0
4713,2010,0,0,0
4714,2010,0,0,0
4715,2010,0,0,0
4716,2010,0,0,0
4717,2010,0,0,0
4718,2010,0,0,0
4719,2010,0,0,0
4720,2010,0,0,0
4721,2010,0,0,0
4722,2010,0,0,0
4723,2010,0,0,0
4724,2010,0,0,0
4725,2010,0,0,0
4726,2010,0,0,0
4727,2010,0,0,0
4728,2010,0,0,0
4729,2010,0,0,0
4730,2010,0,0,0
4731,2010,0,0,0
4732,2010,0,0,0
4733,2010,0,0,0
4734,2010,0,0,0
4735,2010,0,0,0
4736,2010,0,0,0
4737,2010,0,0,0
4738,2010,0,0,0
4739,2010,0,0,0
4740,2010,0,0,0
4741,2010,0,0,0
4742,2010,0,0,0
4743,2010,0,0,0
4744,2010,0,0,0
4745,2010,0,0,0
4746,2010,0,0,0
4747,2010,0,0,0
4748,2010,0,0,0
4749,2010,0,0,0
4750,2010,0,0,0
4751,2010,0,0,0
4752,2010,0,0,0
4753,2010,0,0,0
4754,2010,0,0,0
4755,2010,0,0,0
4756,2010,0,0,0
4757,2010,0,0,0
4758,2010,0,0,0
4759,2010,0,0,0
4760,2010,0,0,0
4761,2010,0,0,0
4762,2010,0,0,0
4763,2010,0,0,0
4764,2010,0,0,0
4765,2010,0,0,0
4766,2010,0,0,0
4767,2010,0,0,0
4768,2010,0,0,0
4769,2010,0,0,0
4770,2010,0,0,0
4771,2010,0,0,0
4772,2010,0,0,0
4773,2010,0,0,0
4774,2010,0,0,0
4775,2010,0,0,0
4776,2010,0,0,0
4777,2010,0,0,0
4778,2010,0,0,0
4779,2010,0,0,0
4780,2010,0,0,0
4781,2010,0,0,0
4782,2010,0,0,0
4783,2010,0,0,0
4784,2010,0,0,0
4785,2010,0,0,0
4786,2010,0,0,0
4787,2010,0,0,0
4788,2010,0,0,0
4789,2010,0,0,0
4790,2010,0,0,0
4791,2010,0,0,0
4792,2010,0,0,0
4793,2010,0,0,0
4794,2010,0,0,0
4795,2010,0,0,0
4796,2010,0,0,0
4797,2010,0,0,0
4798,2010,0,0,0
4799,2010,0,0,0
4800,2010,0,0,0
4801,2010,0,0,0
4802,2010,0,0,0
4803,2010,0,0,0
4804,2010,0,0,0
4805,2010,0,0,0
4806,2010,0,0,0
4807,2010,0,0,0
4808,2010,0,0,0
4809,2010,0,0,0
4810,2010,0,0,0
4811,2010,0,0,0
4812,2010,0,0,0
4813,2010,0,0,0
4814,2010,0,0,0
4815,2010,0,0,0
4816,2010,0,0,0
4817,2010,0,0,0
4818,2010,0,0,0
4819,2010,0,0,0
4820,2010,0,0,0
4821,2010,0,0,0
4822,2010,0,0,0
4823,2010,0,0,0
4824,2010,0,0,0
4825,2010,0,0,0
4826,2010,0,0,0
4827,2010,0,0,0
4828,2010,0,0,0
4829,2010,0,0,0
4830,2010,0,0,0
4831,2010,0,0,0
4832,2010,0,0,0
4833,2010,0,0,0
4834,2010,0,0,0
4835,2010,0,0,0
4836,2010,0,0,0
4837,2010,0,0,0
4838,2010,0,0,0
4839,2010,0,0,0
4840,2010,0,0,0
4841,2010,0,0,0
4842,2010,0,0,0
4843,2010,0,0,0
4844,2010,0,0,0
4845,2010,0,0,0
4846,2010,0,0,0
4847,2010,0,0,0
4848,2010,0,0,0
4849,2010,0,0,0
4850,2010,0,0,0
4851,2010,0,0,0
4852,2010,0,0,0
4853,2010,0,0,0
4854,2010,0,0,0
4855,2010,0,0,0
4856,2010,0,0,0
4857,2010,0,0,0
4858,2010,0,0,0
4859,2010,0,0,0
4860,2010,0,0,0
4861,2010,0,0,0
4862,2010,0,0,0
4863,2010,0,0,0
4864,2010,0,0,0
4865,2010,0,0,0
4866,2010,0,0,0
4867,2010,0,0,0
4868,2010,0,0,0
4869,2010,0,0,0
4870,2010,0,0,0
4871,2010,0,0,0
4872,2010,0,0,0
4873,2010,0,0,0
4874,2010,0,0,0
4875,2010,0,0,0
4876,2010,0,0,0
4877,2010,0,0,0
4878,2010,0,0,0
4879,2010,0,0,0
4880,2010,0,0,0
4881,2010,0,0,0
4882,2010,0,0,0
4883,2010,0,0,0
4884,2010,0,0,0
4885,2010,0,0,0
4886,2010,0,0,0
4887,2010,0,0,0
4888,2010,0,0,0
4889,2010,0,0,0
4890,2010,0,0,0
4891,2010,0,0,0
4892,2010,0,0,0
4893,2010,0,0,0
4894,2010,0,0,0
4895,2010,0,0,0
4896,2010,0,0,0
4897,2010,0,0,0
4898,2010,0,0,0
4899,2010,0,0,0
4900,2010,0,0,0
4901,2010,0,0,0
4902,2010,0,0,0
4903,2010,0,0,0
4904,2010,0,0,0
4905,2010,0,0,0
4906,2010,0,0,0
4907,2010,0,0,0
4908,2010,0,0,0
4909,2010,0,0,0
4910,2010,0,0,0
4911,2010,0,0,0
4912,2010,0,0,0
4913,2010,0,0,0
4914,2010,0,0,0
4915,2010,0,0,0
4916,2010,0,0,0
4917,2010,0,0,0
4918,2010,0,0,0
4919,2010,0,0,0
4920,2010,0,0,0
4921,2010,0,0,0
4922,2010,0,0,0
4923,2010,0,0,0
4924,2010,0,0,0
4925,2010,0,0,0
4926,2010,0,0,0
4927,2010,0,0,0
4928,2010,0,0,0
4929,2010,0,0,0
4930,2010,0,0,0
4931,2010,0,0,0
4932,2010,0,0,0
4933,2010,0,0,0
4934,2010,0,0,0
4935,2010,0,0,0
4936,2010,0,0,0
4937,2010,0,0,0
4938,2010,0,0,0
4939,2010,0,0,0
4940,2010,0,0,0
4941,2010,0,0,0
4942,2010,0,0,0
4943,2010,0,0,0
4944,2010,0,0,0
4945,2010,0,0,0
4946,2010,0,0,0
4947,2010,0,0,0
4948,2010,0,0,0
4949,2010,0,0,0
4950,2010,0,0,0
4951,2009,0,0,0
4952,2009,0,0,0
4953,2009,0,0,0
4954,2009,0,0,0
4955,2009,0,0,0
4956,2009,0,0,0
4957,2009,0,0,0
4958,2009,0,0,0
4959,2009,0,0,0
4960,2009,0,0,0
4961,2009,0,0,0
4962,2009,0,0,0
4963,2009,0,0,0
4964,2009,0,0,0
4965,2009,0,0,0
4966,2009,0,0,0
4967,2009,0,0,0
4968,2009,0,0,0
4969,2009,0,0,0
4970,2009,0,0,0
4971,2009,0,0,0
4972,2009,0,0,0
4973,2009,0,0,0
4974,2009,0,0,0
4975,2009,0,0,0
4976,2009,0,0,0
4977,2009,0,0,0
4978,2009,0,0,0
4979,2009,0,0,0
4980,2009,0,0,0
4981,2009,0,0,0
4982,2009,0,0,0
4983,2009,0,0,0
4984,2009,0,0,0
4985,2009,0,0,0
4986,2009,0,0,0
4987,2009,0,0,0
4988,2009,0,0,0
4989,2009,0,0,0
4990,2009,0,0,0
4991,2009,0,0,0
4992,2009,0,0,0
4993,2009,0,0,0
4994,2009,0,0,0
4995,2009,0,0,0
4996,2009,0,0,0
4997,2009,0,0,0
4998,2009,0,0,0
4999,2009,0,0,0
5000,2009,0,0,0
5001,2009,0,0,0
5002,2009,0,0,0
5003,2009,0,0,0
5004,2009,0,0,0
5005,2009,0,0,0
5006,2009,0,0,0
5007,2009,0,0,0
5008,2009,0,0,0
5009,2009,0,0,0
5010,2009,0,0,0
5011,2009,0,0,0
5012,2009,0,0,0
5013,2009,0,0,0
5014,2009,0,0,0
5015,2009,0,0,0
5016,2009,0,0,0
5017,2009,0,0,0
5018,2009,0,0,0
5019,2009,0,0,0
5020,2009,0,0,0
5021,2009,0,0,0
5022,2009,0,0,0
5023,2009,0,0,0
5024,2009,0,0,0
5025,2009,0,0,0
5026,2009,0,0,0
5027,2009,0,0,0
5028,2009,0,0,0
5029,2009,0,0,0
5030,2009,0,0,0
5031,2009,0,0,0
5032,2009,0,0,0
5033,2009,0,0,0
5034,2009,0,0,0
5035,2009,0,0,0
5036,2009,0,0,0
5037,2009,0,0,0
5038,2009,0,0,0
5039,2009,0,0,0
5040,2009,0,0,0
5041,2009,0,0,0
5042,2009,0,0,0
5043,2009,0,0,0
5044,2009,0,0,0
5045,2009,0,0,0
5046,2009,0,0,0
5047,2009,0,0,0
5048,2009,0,0,0
5049,2009,0,0,0
5050,2009,0,0,0
5051,2009,0,0,0
5052,2009,0,0,0
5053,2009,0,0,0
5054,2009,0,0,0
5055,2009,0,0,0
5056,2009,0,0,0
5057,2009,0,0,0
5058,2009,0,0,0
5059,2009,0,0,0
5060,2009,0,0,0
5061,2009,0,0,0
5062,2009,0,0,0
5063,2009,0,0,0
5064,2009,0,0,0
5065,2009,0,0,0
5066,2009,0,0,0
5067,2009,0,0,0
5068,2009,0,0,0
5069,2009,0,0,0
5070,2009,0,0,0
5071,2009,0,0,0
5072,2009,0,0,0
5073,2009,0,0,0
5074,2009,0,0,0
5075,2009,0,0,0
5076,2009,0,0,0
5077,2009,0,0,0
5078,2009,0,0,0
5079,2009,0,0,0
5080,2009,0,0,0
5081,2009,0,0,0
5082,2009,0,0,0
5083,2009,0,0,0
5084,2009,0,0,0
5085,2009,0,0,0
5086,2009,0,0,0
5087,2009,0,0,0
5088,2009,0,0,0
5089,2009,0,0,0
5090,2009,0,0,0
5091,2009,0,0,0
5092,2009,0,0,0
5093,2009,0,0,0
5094,2009,0,0,0
5095,2009,0,0,0
5096,2009,0,0,0
5097,2009,0,0,0
5098,2009,0,0,0
5099,2009,0,0,0
5100,2009,0,0,0
5101,2009,0,0,0
5102,2009,0,0,0
5103,2009,0,0,0
5104,2009,0,0,0
5105,2009,0,0,0
5106,2009,0,0,0
5107,2009,0,0,0
5108,2009,0,0,0
5109,2009,0,0,0
5110,2009,0,0,0
5111,2009,0,0,0
5112,2009,0,0,0
5113,2009,0,0,0
5114,2009,0,0,0
5115,2009,0,0,0
5116,2009,0,0,0
5117,2009,0,0,0
5118,2009,0,0,0
5119,2009,0,0,0
5120,2009,0,0,0
5121,2009,0,0,0
5122,2009,0,0,0
5123,2009,0,0,0
5124,2009,0,0,0
5125,2009,0,0,0
5126,2009,0,0,0
5127,2009,0,0,0
5128,2009,0,0,0
5129,2009,0,0,0
5130,2009,0,0,0
5131,2009,0,0,0
5132,2009,0,0,0
5133,2009,0,0,0
5134,2009,0,0,0
5135,2009,0,0,0
5136,2009,0,0,0
5137,2009,0,0,0
5138,2009,0,0,0
5139,2009,0,0,0
5140,2009,0,0,0
5141,2009,0,0,0
5142,2009,0,0,0
5143,2009,0,0,0
5144,2009,0,0,0
5145,2009,0,0,0
5146,2009,0,0,0
5147,2009,0,0,0
5148,2009,0,0,0
5149,2009,0,0,0
5150,2009,0,0,0
5151,2009,0,0,0
5152,2009,0,0,0
5153,2009,0,0,0
5154,2009,0,0,0
5155,2009,0,0,0
5156,2009,0,0,0
5157,2009,0,0,0
5158,2009,0,0,0
5159,2009,0,0,0
5160,2009,0,0,0
5161,2009,0,0,0
5162,2009,0,0,0
5163,2009,0,0,0
5164,2009,0,0,0
5165,2009,0,0,0
5166,2009,0,0,0
5167,2009,0,0,0
5168,2009,0,0,0
5169,2009,0,0,0
5170,2009,0,0,0
5171,2009,0,0,0
5172,2009,0,0,0
5173,2009,0,0,0
5174,2009,0,0,0
5175,2009,0,0,0
5176,2009,0,0,0
5177,2009,0,0,0
5178,2009,0,0,0
5179,2009,0,0,0
5180,2009,0,0,0
5181,2009,0,0,0
5182,2009,0,0,0
5183,2009,0,0,0
5184,2009,0,0,0
5185,2009,0,0,0
5186,2009,0,0,0
5187,2009,0,0,0
5188,2009,0,0,0
5189,2009,0,0,0
5190,2009,0,0,0
5191,2009,0,0,0
5192,2009,0,0,0
5193,2009,0,0,0
5194,2009,0,0,0
5195,2009,0,0,0
5196,2009,0,0,0
5197,2009,0,0,0
5198,2009,0,0,0
5199,2009,0,0,0
5200,2009,0,0,0
5201,2009,0,0,0
5202,2009,0,0,0
5203,2009,0,0,0
5204,2009,0,0,0
5205,2009,0,0,0
5206,2009,0,0,0
5207,2009,0,0,0
5208,2009,0,0,0
5209,2009,0,0,0
5210,2009,0,0,0
5211,2009,0,0,0
5212,2009,0,0,0
5213,2009,0,0,0
5214,2009,0,0,0
5215,2009,0,0,0
5216,2009,0,0,0
5217,2009,0,0,0
5218,2009,0,0,0
5219,2009,0,0,0
5220,2009,0,0,0
5221,2009,0,0,0
5222,2009,0,0,0
5223,2008,0,0,0
5224,2008,0,0,0
5225,2008,0,0,0
5226,2008,0,0,0
5227,2008,0,0,0
5228,2008,0,0,0
5229,2008,0,0,0
5230,2008,0,0,0
5231,2008,0,0,0
5232,2008,0,0,0
5233,2008,0,0,0
5234,2008,0,0,0
5235,2008,0,0,0
5236,2008,0,0,0
5237,2008,0,0,0
5238,2008,0,0,0
5239,2008,0,0,0
5240,2008,0,0,0
5241,2008,0,0,0
5242,2008,0,0,0
5243,2008,0,0,0
5244,2008,0,0,0
5245,2008,0,0,0
5246,2008,0,0,0
5247,2008,0,0,0
5248,2008,0,0,0
5249,2008,0,0,0
5250,2008,0,0,0
5251,2008,0,0,0
5252,2008,0,0,0
5253,2008,0,0,0
5254,2008,0,0,0
5255,2008,0,0,0
5256,2008,0,0,0
5257,2008,0,0,0
5258,2008,0,0,0
5259,2008,0,0,0
5260,2008,0,0,0
5261,2008,0,0,0
5262,2008,0,0,0
5263,2008,0,0,0
5264,2008,0,0,0
5265,2008,0,0,0
5266,2008,0,0,0
5267,2008,0,0,0
5268,2008,0,0,0
5269,2008,0,0,0
5270,2008,0,0,0
5271,2008,0,0,0
5272,2008,0,0,0
5273,2008,0,0,0
5274,2008,0,0,0
5275,2008,0,0,0
5276,2008,0,0,0
5277,2008,0,0,0
5278,2008,0,0,0
5279,2008,0,0,0
5280,2008,0,0,0
5281,2008,0,0,0
5282,2008,0,0,0
5283,2008,0,0,0
5284,2008,0,0,0
5285,2008,0,0,0
5286,2008,0,0,0
5287,2008,0,0,0
5288,2008,0,0,0
5289,2008,0,0,0
5290,2008,0,0,0
5291,2008,0,0,0
5292,2008,0,0,0
5293,2008,0,0,0
5294,2008,0,0,0
5295,2008,0,0,0
5296,2008,0,0,0
5297,2008,0,0,0
5298,2008,0,0,0
5299,2008,0,0,0
5300,2008,0,0,0
5301,2008,0,0,0
5302,2008,0,0,0
5303,2008,0,0,0
5304,2008,0,0,0
5305,2008,0,0,0
5306,2008,0,0,0
5307,2008,0,0,0
5308,2008,0,0,0
5309,2008,0,0,0
5310,2008,0,0,0
5311,2008,0,0,0
5312,2008,0,0,0
5313,2008,0,0,0
5314,2008,0,0,0
5315,2008,0,0,0
5316,2008,0,0,0
5317,2008,0,0,0
5318,2008,0,0,0
5319,2008,0,0,0
5320,2008,0,0,0
5321,2008,0,0,0
5322,2008,0,0,0
5323,2008,0,0,0
5324,2008,0,0,0
5325,2008,0,0,0
5326,2008,0,0,0
5327,2008,0,0,0
5328,2008,0,0,0
5329,2008,0,0,0
5330,2008,0,0,0
5331,2008,0,0,0
5332,2008,0,0,0
5333,2008,0,0,0
5334,2008,0,0,0
5335,2008,0,0,0
5336,2008,0,0,0
5337,2008,0,0,0
5338,2008,0,0,0
5339,2008,0,0,0
5340,2008,0,0,0
5341,2008,0,0,0
5342,2008,0,0,0
5343,2008,0,0,0
5344,2008,0,0,0
5345,2008,0,0,0
5346,2008,0,0,0
5347,2008,0,0,0
5348,2008,0,0,0
5349,2008,0,0,0
5350,2008,0,0,0
5351,2008,0,0,0
5352,2008,0,0,0
5353,2008,0,0,0
5354,2008,0,0,0
5355,2008,0,0,0
5356,2008,0,0,0
5357,2008,0,0,0
5358,2008,0,0,0
5359,2008,0,0,0
5360,2008,0,0,0
5361,2008,0,0,0
5362,2008,0,0,0
5363,2008,0,0,0
5364,2008,0,0,0
5365,2008,0,0,0
5366,2008,0,0,0
5367,2008,0,0,0
5368,2008,0,0,0
5369,2008,0,0,0
5370,2008,0,0,0
5371,2008,0,0,0
5372,2008,0,0,0
5373,2008,0,0,0
5374,2008,0,0,0
5375,2008,0,0,0
5376,2008,0,0,0
5377,2008,0,0,0
5378,2008,0,0,0
5379,2008,0,0,0
5380,2008,0,0,0
5381,2008,0,0,0
5382,2008,0,0,0
5383,2008,0,0,0
5384,2008,0,0,0
5385,2008,0,0,0
5386,2008,0,0,0
5387,2008,0,0,0
5388,2008,0,0,0
5389,2008,0,0,0
5390,2008,0,0,0
5391,2008,0,0,0
5392,2008,0,0,0
5393,2008,0,0,0
5394,2008,0,0,0
5395,2008,0,0,0
5396,2008,0,0,0
5397,2008,0,0,0
5398,2008,0,0,0
5399,2008,0,0,0
5400,2008,0,0,0
5401,2008,0,0,0
5402,2008,0,0,0
5403,2008,0,0,0
5404,2008,0,0,0
5405,2008,0,0,0
5406,2008,0,0,0
5407,2008,0,0,0
5408,2008,0,0,0
5409,2008,0,0,0
5410,2008,0,0,0
5411,2008,0,0,0
5412,2008,0,0,0
5413,2008,0,0,0
5414,2008,0,0,0
5415,2008,0,0,0
5416,2008,0,0,0
5417,2008,0,0,0
5418,2008,0,0,0
5419,2008,0,0,0
5420,2008,0,0,0
5421,2008,0,0,0
5422,2008,0,0,0
5423,2008,0,0,0
5424,2008,0,0,0
5425,2008,0,0,0
5426,2008,0,0,0
5427,2008,0,0,0
5428,2008,0,0,0
5429,2008,0,0,0
5430,2008,0,0,0
5431,2008,0,0,0
5432,2008,0,0,0
5433,2008,0,0,0
5434,2008,0,0,0
5435,2008,0,0,0
5436,2008,0,0,0
5437,2008,0,0,0
5438,2008,0,0,0
5439,2008,0,0,0
5440,2008,0,0,0
5441,2008,0,0,0
5442,2008,0,0,0
5443,2008,0,0,0
5444,2008,0,0,0
5445,2008,0,0,0
5446,2008,0,0,0
5447,2008,0,0,0
5448,2008,0,0,0
5449,2008,0,0,0
5450,2008,0,0,0
5451,2008,0,0,0
5452,2008,0,0,0
5453,2008,0,0,0
5454,2008,0,0,0
5455,2008,0,0,0
5456,2008,0,0,0
5457,2008,0,0,0
5458,2008,0,0,0
5459,2008,0,0,0
5460,2008,0,0,0
5461,2008,0,0,0
5462,2008,0,0,0
5463,2008,0,0,0
5464,2008,0,0,0
5465,2008,0,0,0
5466,2008,0,0,0
5467,2008,0,0,0
5468,2008,0,0,0
5469,2008,0,0,0
5470,2008,0,0,0
5471,2008,0,0,0
5472,2008,0,0,0
5473,2008,0,0,0
5474,2008,0,0,0
5475,2008,0,0,0
5476,2008,0,0,0
5477,2008,0,0,0
5478,2008,0,0,0
5479,2008,0,0,0
5480,2008,0,0,0
5481,2008,0,0,0
5482,2008,0,0,0
5483,2008,0,0,0
5484,2008,0,0,0
5485,2008,0,0,0
5486,2008,0,0,0
5487,2008,0,0,0
5488,2008,0,0,0
5489,2008,0,0,0
5490,2007,0,0,0
5491,2007,0,0,0
5492,2007,0,0,0
5493,2007,0,0,0
5494,2007,0,0,0
5495,2007,0,0,0
5496,2007,0,0,0
5497,2007,0,0,0
5498,2007,0,0,0
5499,2007,0,0,0
5500,2007,0,0,0
5501,2007,0,0,0
5502,2007,0,0,0
5503,2007,0,0,0
5504,2007,0,0,0
5505,2007,0,0,0
5506,2007,0,0,0
5507,2007,0,0,0
5508,2007,0,0,0
5509,2007,0,0,0
5510,2007,0,0,0
5511,2007,0,0,0
5512,2007,0,0,0
5513,2007,0,0,0
5514,2007,0,0,0
5515,2007,0,0,0
5516,2007,0,0,0
5517,2007,0,0,0
5518,2007,0,0,0
5519,2007,0,0,0
5520,2007,0,0,0
5521,2007,0,0,0
5522,2007,0,0,0
5523,2007,0,0,0
5524,2007,0,0,0
5525,2007,0,0,0
5526,2007,0,0,0
5527,2007,0,0,0
5528,2007,0,0,0
5529,2007,0,0,0
5530,2007,0,0,0
5531,2007,0,0,0
5532,2007,0,0,0
5533,2007,0,0,0
5534,2007,0,0,0
5535,2007,0,0,0
5536,2007,0,0,0
5537,2007,0,0,0
5538,2007,0,0,0
5539,2007,0,0,0
5540,2007,0,0,0
5541,2007,0,0,0
5542,2007,0,0,0
5543,2007,0,0,0
5544,2007,0,0,0
5545,2007,0,0,0
5546,2007,0,0,0
5547,2007,0,0,0
5548,2007,0,0,0
5549,2007,0,0,0
5550,2007,0,0,0
5551,2007,0,0,0
5552,2007,0,0,0
5553,2007,0,0,0
5554,2007,0,0,0
5555,2007,0,0,0
5556,2007,0,0,0
5557,2007,0,0,0
5558,2007,0,0,0
5559,2007,0,0,0
5560,2007,0,0,0
5561,2007,0,0,0
5562,2007,0,0,0
5563,2007,0,0,0
5564,2007,0,0,0
5565,2007,0,0,0
5566,2007,0,0,0
5567,2007,0,0,0
5568,2007,0,0,0
5569,2007,0,0,0
5570,2007,0,0,0
5571,2007,0,0,0
5572,2007,0,0,0
5573,2007,0,0,0
5574,2007,0,0,0
5575,2007,0,0,0
5576,2007,0,0,0
5577,2007,0,0,0
5578,2007,0,0,0
5579,2007,0,0,0
5580,2007,0,0,0
5581,2007,0,0,0
5582,2007,0,0,0
5583,2007,0,0,0
5584,2007,0,0,0
5585,2007,0,0,0
5586,2007,0,0,0
5587,2007,0,0,0
5588,2007,0,0,0
5589,2007,0,0,0
5590,2007,0,0,0
5591,2007,0,0,0
5592,2007,0,0,0
5593,2007,0,0,0
5594,2007,0,0,0
5595,2007,0,0,0
5596,2007,0,0,0
5597,2007,0,0,0
5598,2007,0,0,0
5599,2007,0,0,0
5600,2007,0,0,0
5601,2007,0,0,0
5602,2007,0,0,0
5603,2007,0,0,0
5604,2007,0,0,0
5605,2007,0,0,0
5606,2007,0,0,0
5607,2007,0,0,0
5608,2007,0,0,0
5609,2007,0,0,0
5610,2007,0,0,0
5611,2007,0,0,0
5612,2007,0,0,0
5613,2007,0,0,0
5614,2007,0,0,0
5615,2007,0,0,0
5616,2007,0,0,0
5617,2007,0,0,0
5618,2007,0,0,0
5619,2007,0,0,0
5620,2007,0,0,0
5621,2007,0,0,0
5622,2007,0,0,0
5623,2007,0,0,0
5624,2007,0,0,0
5625,2007,0,0,0
5626,2007,0,0,0
5627,2007,0,0,0
5628,2007,0,0,0
5629,2007,0,0,0
5630,2007,0,0,0
5631,2007,0,0,0
5632,2007,0,0,0
5633,2007,0,0,0
5634,2007,0,0,0
5635,2007,0,0,0
5636,2007,0,0,0
5637,2007,0,0,0
5638,2007,0,0,0
5639,2007,0,0,0
5640,2007,0,0,0
5641,2007,0,0,0
5642,2007,0,0,0
5643,2007,0,0,0
5644,2007,0,0,0
5645,2007,0,0,0
5646,2007,0,0,0
5647,2007,0,0,0
5648,2007,0,0,0
5649,2007,0,0,0
5650,2007,0,0,0
5651,2007,0,0,0
5652,2007,0,0,0
5653,2007,0,0,0
5654,2007,0,0,0
5655,2007,0,0,0
5656,2007,0,0,0
5657,2007,0,0,0
5658,2007,0,0,0
5659,2007,0,0,0
5660,2007,0,0,0
5661,2007,0,0,0
5662,2007,0,0,0
5663,2007,0,0,0
5664,2007,0,0,0
5665,2007,0,0,0
5666,2007,0,0,0
5667,2007,0,0,0
5668,2007,0,0,0
5669,2007,0,0,0
5670,2007,0,0,0
5671,2007,0,0,0
5672,2007,0,0,0
5673,2007,0,0,0
5674,2007,0,0,0
5675,2007,0,0,0
5676,2007,0,0,0
5677,2007,0,0,0
5678,2007,0,0,0
5679,2007,0,0,0
5680,2007,0,0,0
5681,2007,0,0,0
5682,2007,0,0,0
5683,2007,0,0,0
5684,2007,0,0,0
5685,2007,0,0,0
5686,2007,0,0,0
5687,2007,0,0,0
5688,2007,0,0,0
5689,2007,0,0,0
5690,2007,0,0,0
5691,2007,0,0,0
5692,2007,0,0,0
5693,2007,0,0,0
5694,2007,0,0,0
5695,2007,0,0,0
5696,2007,0,0,0
5697,2007,0,0,0
5698,2007,0,0,0
5699,2007,0,0,0
5700,2007,0,0,0
5701,2007,0,0,0
5702,2007,0,0,0
5703,2007,0,0,0
5704,2007,0,0,0
5705,2007,0,0,0
5706,2007,0,0,0
5707,2007,0,0,0
5708,2007,0,0,0
5709,2007,0,0,0
5710,2007,0,0,0
5711,2007,0,0,0
5712,2007,0,0,0
5713,2007,0,0,0
5714,2007,0,0,0
5715,2007,0,0,0
5716,2007,0,0,0
5717,2007,0,0,0
5718,2007,0,0,0
5719,2007,0,0,0
5720,2007,0,0,0
5721,2007,0,0,0
5722,2007,0,0,0
5723,2007,0,0,0
5724,2007,0,0,0
5725,2007,0,0,0
5726,2007,0,0,0
5727,2007,0,0,0
5728,2007,0,0,0
5729,2007,0,0,0
5730,2007,0,0,0
5731,2007,0,0,0
5732,2007,0,0,0
5733,2007,0,0,0
5734,2007,0,0,0
5735,2007,0,0,0
5736,2007,0,0,0
5737,2007,0,0,0
5738,2007,0,0,0
5739,2007,0,0,0
5740,2007,0,0,0
5741,2007,0,0,0
5742,2007,0,0,0
5743,2007,0,0,0
5744,2007,0,0,0
5745,2007,0,0,0
5746,2007,0,0,0
5747,2007,0,0,0
5748,2007,0,0,0
5749,2007,0,0,0
5750,2007,0,0,0
5751,2007,0,0,0
5752,2007,0,0,0
5753,2007,0,0,0
5754,2007,0,0,0
5755,2007,0,0,0
5756,2007,0,0,0
5757,2006,0,0,0
5758,2006,0,0,0
5759,2006,0,0,0
5760,2006,0,0,0
5761,2006,0,0,0
5762,2006,0,0,0
5763,2006,0,0,0
5764,2006,0,0,0
5765,2006,0,0,0
5766,2006,0,0,0
5767,2006,0,0,0
5768,2006,0,0,0
5769,2006,0,0,0
5770,2006,0,0,0
5771,2006,0,0,0
5772,2006,0,0,0
5773,2006,0,0,0
5774,2006,0,0,0
5775,2006,0,0,0
5776,2006,0,0,0
5777,2006,0,0,0
5778,2006,0,0,0
5779,2006,0,0,0
5780,2006,0,0,0
5781,2006,0,0,0
5782,2006,0,0,0
5783,2006,0,0,0
5784,2006,0,0,0
5785,2006,0,0,0
5786,2006,0,0,0
5787,2006,0,0,0
5788,2006,0,0,0
5789,2006,0,0,0
5790,2006,0,0,0
5791,2006,0,0,0
5792,2006,0,0,0
5793,2006,0,0,0
5794,2006,0,0,0
5795,2006,0,0,0
5796,2006,0,0,0
5797,2006,0,0,0
5798,2006,0,0,0
5799,2006,0,0,0
5800,2006,0,0,0
5801,2006,0,0,0
5802,2006,0,0,0
5803,2006,0,0,0
5804,2006,0,0,0
5805,2006,0,0,0
5806,2006,0,0,0
5807,2006,0,0,0
5808,2006,0,0,0
5809,2006,0,0,0
5810,2006,0,0,0
5811,2006,0,0,0
5812,2006,0,0,0
5813,2006,0,0,0
5814,2006,0,0,0
5815,2006,0,0,0
5816,2006,0,0,0
5817,2006,0,0,0
5818,2006,0,0,0
5819,2006,0,0,0
5820,2006,0,0,0
5821,2006,0,0,0
5822,2006,0,0,0
5823,2006,0,0,0
5824,2006,0,0,0
5825,2006,0,0,0
5826,2006,0,0,0
5827,2006,0,0,0
5828,2006,0,0,0
5829,2006,0,0,0
5830,2006,0,0,0
5831,2006,0,0,0
5832,2006,0,0,0
5833,2006,0,0,0
5834,2006,0,0,0
5835,2006,0,0,0
5836,2006,0,0,0
5837,2006,0,0,0
5838,2006,0,0,0
5839,2006,0,0,0
5840,2006,0,0,0
5841,2006,0,0,0
5842,2006,0,0,0
5843,2006,0,0,0
5844,2006,0,0,0
5845,2006,0,0,0
5846,2006,0,0,0
5847,2006,0,0,0
5848,2006,0,0,0
5849,2006,0,0,0
5850,2006,0,0,0
5851,2006,0,0,0
5852,2006,0,0,0
5853,2006,0,0,0
5854,2006,0,0,0
5855,2006,0,0,0
5856,2006,0,0,0
5857,2006,0,0,0
5858,2006,0,0,0
5859,2006,0,0,0
5860,2006,0,0,0
5861,2006,0,0,0
5862,2006,0,0,0
5863,2006,0,0,0
5864,2006,0,0,0
5865,2006,0,0,0
5866,2006,0,0,0
5867,2006,0,0,0
5868,2006,0,0,0
5869,2006,0,0,0
5870,2006,0,0,0
5871,2006,0,0,0
5872,2006,0,0,0
5873,2006,0,0,0
5874,2006,0,0,0
5875,2006,0,0,0
5876,2006,0,0,0
5877,2006,0,0,0
5878,2006,0,0,0
5879,2006,0,0,0
5880,2006,0,0,0
5881,2006,0,0,0
5882,2006,0,0,0
5883,2006,0,0,0
5884,2006,0,0,0
5885,2006,0,0,0
5886,2006,0,0,0
5887,2006,0,0,0
5888,2006,0,0,0
5889,2006,0,0,0
5890,2006,0,0,0
5891,2006,0,0,0
5892,2006,0,0,0
5893,2006,0,0,0
5894,2006,0,0,0
5895,2006,0,0,0
5896,2006,0,0,0
5897,2006,0,0,0
5898,2006,0,0,0
5899,2006,0,0,0
5900,2006,0,0,0
5901,2006,0,0,0
5902,2006,0,0,0
5903,2006,0,0,0
5904,2006,0,0,0
5905,2006,0,0,0
5906,2006,0,0,0
5907,2006,0,0,0
5908,2006,0,0,0
5909,2006,0,0,0
5910,2006,0,0,0
5911,2006,0,0,0
5912,2006,0,0,0
5913,2006,0,0,0
5914,2006,0,0,0
5915,2006,0,0,0
5916,2006,0,0,0
5917,2006,0,0,0
5918,2006,0,0,0
5919,2006,0,0,0
5920,2006,0,0,0
5921,2006,0,0,0
5922,2006,0,0,0
5923,2006,0,0,0
5924,2006,0,0,0
5925,2006,0,0,0
5926,2006,0,0,0
5927,2006,0,0,0
5928,2006,0,0,0
5929,2006,0,0,0
5930,2006,0,0,0
5931,2006,0,0,0
5932,2006,0,0,0
5933,2006,0,0,0
5934,2006,0,0,0
5935,2006,0,0,0
5936,2006,0,0,0
5937,2006,0,0,0
5938,2006,0,0,0
5939,2006,0,0,0
5940,2006,0,0,0
5941,2006,0,0,0
5942,2006,0,0,0
5943,2006,0,0,0
5944,2006,0,0,0
5945,2006,0,0,0
5946,2006,0,0,0
5947,2006,0,0,0
5948,2006,0,0,0
5949,2006,0,0,0
5950,2006,0,0,0
5951,2006,0,0,0
5952,2006,0,0,0
5953,2006,0,0,0
5954,2006,0,0,0
5955,2006,0,0,0
5956,2006,0,0,0
5957,2006,0,0,0
5958,2006,0,0,0
5959,2006,0,0,0
5960,2006,0,0,0
5961,2006,0,0,0
5962,2006,0,0,0
5963,2006,0,0,0
5964,2006,0,0,0
5965,2006,0,0,0
5966,2006,0,0,0
5967,2006,0,0,0
5968,2006,0,0,0
5969,2006,0,0,0
5970,2006,0,0,0
5971,2006,0,0,0
5972,2006,0,0,0
5973,2006,0,0,0
5974,2006,0,0,0
5975,2006,0,0,0
5976,2006,0,0,0
5977,2006,0,0,0
5978,2006,0,0,0
5979,2006,0,0,0
5980,2006,0,0,0
5981,2006,0,0,0
5982,2006,0,0,0
5983,2006,0,0,0
5984,2006,0,0,0
5985,2006,0,0,0
5986,2006,0,0,0
5987,2006,0,0,0
5988,2006,0,0,0
5989,2006,0,0,0
5990,2006,0,0,0
5991,2006,0,0,0
5992,2006,0,0,0
5993,2006,0,0,0
5994,2006,0,0,0
5995,2006,0,0,0
5996,2006,0,0,0
5997,2006,0,0,0
5998,2006,0,0,0
5999,2006,0,0,0
6000,2006,0,0,0
6001,2006,0,0,0
6002,2006,0,0,0
6003,2006,0,0,0
6004,2006,0,0,0
6005,2006,0,0,0
6006,2006,0,0,0
6007,2006,0,0,0
6008,2006,0,0,0
6009,2006,0,0,0
6010,2006,0,0,0
6011,2006,0,0,0
6012,2006,0,0,0
6013,2006,0,0,0
6014,2006,0,0,0
6015,2006,0,0,0
6016,2006,0,0,0
6017,2006,0,0,0
6018,2006,0,0,0
6019,2006,0,0,0
6020,2006,0,0,0
6021,2006,0,0,0
6022,2005,0,0,0
6023,2005,0,0,0
6024,2005,0,0,0
6025,2005,0,0,0
6026,2005,0,0,0
6027,2005,0,0,0
6028,2005,0,0,0
6029,2005,0,0,0
6030,2005,0,0,0
6031,2005,0,0,0
6032,2005,0,0,0
6033,2005,0,0,0
6034,2005,0,0,0
6035,2005,0,0,0
6036,2005,0,0,0
6037,2005,0,0,0
6038,2005,0,0,0
6039,2005,0,0,0
6040,2005,0,0,0
6041,2005,0,0,0
6042,2005,0,0,0
6043,2005,0,0,0
6044,2005,0,0,0
6045,2005,0,0,0
6046,2005,0,0,0
6047,2005,0,0,0
6048,2005,0,0,0
6049,2005,0,0,0
6050,2005,0,0,0
6051,2005,0,0,0
6052,2005,0,0,0
6053,2005,0,0,0
6054,2005,0,0,0
6055,2005,0,0,0
6056,2005,0,0,0
6057,2005,0,0,0
6058,2005,0,0,0
6059,2005,0,0,0
6060,2005,0,0,0
6061,2005,0,0,0
6062,2005,0,0,0
6063,2005,0,0,0
6064,2005,0,0,0
6065,2005,0,0,0
6066,2005,0,0,0
6067,2005,0,0,0
6068,2005,0,0,0
6069,2005,0,0,0
6070,2005,0,0,0
6071,2005,0,0,0
6072,2005,0,0,0
6073,2005,0,0,0
6074,2005,0,0,0
6075,2005,0,0,0
6076,2005,0,0,0
6077,2005,0,0,0
6078,2005,0,0,0
6079,2005,0,0,0
6080,2005,0,0,0
6081,2005,0,0,0
6082,2005,0,0,0
6083,2005,0,0,0
6084,2005,0,0,0
6085,2005,0,0,0
6086,2005,0,0,0
6087,2005,0,0,0
6088,2005,0,0,0
6089,2005,0,0,0
6090,2005,0,0,0
6091,2005,0,0,0
6092,2005,0,0,0
6093,2005,0,0,0
6094,2005,0,0,0
6095,2005,0,0,0
6096,2005,0,0,0
6097,2005,0,0,0
6098,2005,0,0,0
6099,2005,0,0,0
6100,2005,0,0,0
6101,2005,0,0,0
6102,2005,0,0,0
6103,2005,0,0,0
6104,2005,0,0,0
6105,2005,0,0,0
6106,2005,0,0,0
6107,2005,0,0,0
6108,2005,0,0,0
6109,2005,0,0,0
6110,2005,0,0,0
6111,2005,0,0,0
6112,2005,0,0,0
6113,2005,0,0,0
6114,2005,0,0,0
6115,2005,0,0,0
6116,2005,0,0,0
6117,2005,0,0,0
6118,2005,0,0,0
6119,2005,0,0,0
6120,2005,0,0,0
6121,2005,0,0,0
6122,2005,0,0,0
6123,2005,0,0,0
6124,2005,0,0,0
6125,2005,0,0,0
6126,2005,0,0,0
6127,2005,0,0,0
6128,2005,0,0,0
6129,2005,0,0,0
6130,2005,0,0,0
6131,2005,0,0,0
6132,2005,0,0,0
6133,2005,0,0,0
6134,2005,0,0,0
6135,2005,0,0,0
6136,2005,0,0,0
6137,2005,0,0,0
6138,2005,0,0,0
6139,2005,0,0,0
6140,2005,0,0,0
6141,2005,0,0,0
6142,2005,0,0,0
6143,2005,0,0,0
6144,2005,0,0,0
6145,2005,0,0,0
6146,2005,0,0,0
6147,2005,0,0,0
6148,2005,0,0,0
6149,2005,0,0,0
6150,2005,0,0,0
6151,2005,0,0,0
6152,2005,0,0,0
6153,2005,0,0,0
6154,2005,0,0,0
6155,2005,0,0,0
6156,2005,0,0,0
6157,2005,0,0,0
6158,2005,0,0,0
6159,2005,0,0,0
6160,2005,0,0,0
6161,2005,0,0,0
6162,2005,0,0,0
6163,2005,0,0,0
6164,2005,0,0,0
6165,2005,0,0,0
6166,2005,0,0,0
6167,2005,0,0,0
6168,2005,0,0,0
6169,2005,0,0,0
6170,2005,0,0,0
6171,2005,0,0,0
6172,2005,0,0,0
6173,2005,0,0,0
6174,2005,0,0,0
6175,2005,0,0,0
6176,2005,0,0,0
6177,2005,0,0,0
6178,2005,0,0,0
6179,2005,0,0,0
6180,2005,0,0,0
6181,2005,0,0,0
6182,2005,0,0,0
6183,2005,0,0,0
6184,2005,0,0,0
6185,2005,0,0,0
6186,2005,0,0,0
6187,2005,0,0,0
6188,2005,0,0,0
6189,2005,0,0,0
6190,2005,0,0,0
6191,2005,0,0,0
6192,2005,0,0,0
6193,2005,0,0,0
6194,2005,0,0,0
6195,2005,0,0,0
6196,2005,0,0,0
6197,2005,0,0,0
6198,2005,0,0,0
6199,2005,0,0,0
6200,2005,0,0,0
6201,2005,0,0,0
6202,2005,0,0,0
6203,2005,0,0,0
6204,2005,0,0,0
6205,2005,0,0,0
6206,2005,0,0,0
6207,2005,0,0,0
6208,2005,0,0,0
6209,2005,0,0,0
6210,2005,0,0,0
6211,2005,0,0,0
6212,2005,0,0,0
6213,2005,0,0,0
6214,2005,0,0,0
6215,2005,0,0,0
6216,2005,0,0,0
6217,2005,0,0,0
6218,2005,0,0,0
6219,2005,0,0,0
6220,2005,0,0,0
6221,2005,0,0,0
6222,2005,0,0,0
6223,2005,0,0,0
6224,2005,0,0,0
6225,2005,0,0,0
6226,2005,0,0,0
6227,2005,0,0,0
6228,2005,0,0,0
6229,2005,0,0,0
6230,2005,0,0,0
6231,2005,0,0,0
6232,2005,0,0,0
6233,2005,0,0,0
6234,2005,0,0,0
6235,2005,0,0,0
6236,2005,0,0,0
6237,2005,0,0,0
6238,2005,0,0,0
6239,2005,0,0,0
6240,2005,0,0,0
6241,2005,0,0,0
6242,2005,0,0,0
6243,2005,0,0,0
6244,2005,0,0,0
6245,2005,0,0,0
6246,2005,0,0,0
6247,2005,0,0,0
6248,2005,0,0,0
6249,2005,0,0,0
6250,2005,0,0,0
6251,2005,0,0,0
6252,2005,0,0,0
6253,2005,0,0,0
6254,2005,0,0,0
6255,2005,0,0,0
6256,2005,0,0,0
6257,2005,0,0,0
6258,2005,0,0,0
6259,2005,0,0,0
6260,2005,0,0,0
6261,2005,0,0,0
6262,2005,0,0,0
6263,2005,0,0,0
6264,2005,0,0,0
6265,2005,0,0,0
6266,2005,0,0,0
6267,2005,0,0,0
6268,2005,0,0,0
6269,2005,0,0,0
6270,2005,0,0,0
6271,2005,0,0,0
6272,2005,0,0,0
6273,2005,0,0,0
6274,2005,0,0,0
6275,2005,0,0,0
6276,2005,0,0,0
6277,2005,0,0,0
6278,2005,0,0,0
6279,2005,0,0,0
6280,2005,0,0,0
6281,2005,0,0,0
6282,2005,0,0,0
6283,2005,0,0,0
6284,2004,0,0,0
6285,2004,0,0,0
6286,2004,0,0,0
6287,2004,0,0,0
6288,2004,0,0,0
6289,2004,0,0,0
6290,2004,0,0,0
6291,2004,0,0,0
6292,2004,0,0,0
6293,2004,0,0,0
6294,2004,0,0,0
6295,2004,0,0,0
6296,2004,0,0,0
6297,2004,0,0,0
6298,2004,0,0,0
6299,2004,0,0,0
6300,2004,0,0,0
6301,2004,0,0,0
6302,2004,0,0,0
6303,2004,0,0,0
6304,2004,0,0,0
6305,2004,0,0,0
6306,2004,0,0,0
6307,2004,0,0,0
6308,2004,0,0,0
6309,2004,0,0,0
6310,2004,0,0,0
6311,2004,0,0,0
6312,2004,0,0,0
6313,2004,0,0,0
6314,2004,0,0,0
6315,2004,0,0,0
6316,2004,0,0,0
6317,2004,0,0,0
6318,2004,0,0,0
6319,2004,0,0,0
6320,2004,0,0,0
6321,2004,0,0,0
6322,2004,0,0,0
6323,2004,0,0,0
6324,2004,0,0,0
6325,2004,0,0,0
6326,2004,0,0,0
6327,2004,0,0,0
6328,2004,0,0,0
6329,2004,0,0,0
6330,2004,0,0,0
6331,2004,0,0,0
6332,2004,0,0,0
6333,2004,0,0,0
6334,2004,0,0,0
6335,2004,0,0,0
6336,2004,0,0,0
6337,2004,0,0,0
6338,2004,0,0,0
6339,2004,0,0,0
6340,2004,0,0,0
6341,2004,0,0,0
6342,2004,0,0,0
6343,2004,0,0,0
6344,2004,0,0,0
6345,2004,0,0,0
6346,2004,0,0,0
6347,2004,0,0,0
6348,2004,0,0,0
6349,2004,0,0,0
6350,2004,0,0,0
6351,2004,0,0,0
6352,2004,0,0,0
6353,2004,0,0,0
6354,2004,0,0,0
6355,2004,0,0,0
6356,2004,0,0,0
6357,2004,0,0,0
6358,2004,0,0,0
6359,2004,0,0,0
6360,2004,0,0,0
6361,2004,0,0,0
6362,2004,0,0,0
6363,2004,0,0,0
6364,2004,0,0,0
6365,2004,0,0,0
6366,2004,0,0,0
6367,2004,0,0,0
6368,2004,0,0,0
6369,2004,0,0,0
6370,2004,0,0,0
6371,2004,0,0,0
6372,2004,0,0,0
6373,2004,0,0,0
6374,2004,0,0,0
6375,2004,0,0,0
6376,2004,0,0,0
6377,2004,0,0,0
6378,2004,0,0,0
6379,2004,0,0,0
6380,2004,0,0,0
6381,2004,0,0,0
6382,2004,0,0,0
6383,2004,0,0,0
6384,2004,0,0,0
6385,2004,0,0,0
6386,2004,0,0,0
6387,2004,0,0,0
6388,2004,0,0,0
6389,2004,0,0,0
6390,2004,0,0,0
6391,2004,0,0,0
6392,2004,0,0,0
6393,2004,0,0,0
6394,2004,0,0,0
6395,2004,0,0,0
6396,2004,0,0,0
6397,2004,0,0,0
6398,2004,0,0,0
6399,2004,0,0,0
6400,2004,0,0,0
6401,2004,0,0,0
6402,2004,0,0,0
6403,2004,0,0,0
6404,2004,0,0,0
6405,2004,0,0,0
6406,2004,0,0,0
6407,2004,0,0,0
6408,2004,0,0,0
6409,2004,0,0,0
6410,2004,0,0,0
6411,2004,0,0,0
6412,2004,0,0,0
6413,2004,0,0,0
6414,2004,0,0,0
6415,2004,0,0,0
6416,2004,0,0,0
6417,2004,0,0,0
6418,2004,0,0,0
6419,2004,0,0,0
6420,2004,0,0,0
6421,2004,0,0,0
6422,2004,0,0,0
6423,2004,0,0,0
6424,2004,0,0,0
6425,2004,0,0,0
6426,2004,0,0,0
6427,2004,0,0,0
6428,2004,0,0,0
6429,2004,0,0,0
6430,2004,0,0,0
6431,2004,0,0,0
6432,2004,0,0,0
6433,2004,0,0,0
6434,2004,0,0,0
6435,2004,0,0,0
6436,2004,0,0,0
6437,2004,0,0,0
6438,2004,0,0,0
6439,2004,0,0,0
6440,2004,0,0,0
6441,2004,0,0,0
6442,2004,0,0,0
6443,2004,0,0,0
6444,2004,0,0,0
6445,2004,0,0,0
6446,2004,0,0,0
6447,2004,0,0,0
6448,2004,0,0,0
6449,2004,0,0,0
6450,2004,0,0,0
6451,2004,0,0,0
6452,2004,0,0,0
6453,2004,0,0,0
6454,2004,0,0,0
6455,2004,0,0,0
6456,2004,0,0,0
6457,2004,0,0,0
6458,2004,0,0,0
6459,2004,0,0,0
6460,2004,0,0,0
6461,2004,0,0,0
6462,2004,0,0,0
6463,2004,0,0,0
6464,2004,0,0,0
6465,2004,0,0,0
6466,2004,0,0,0
6467,2004,0,0,0
6468,2004,0,0,0
6469,2004,0,0,0
6470,2004,0,0,0
6471,2004,0,0,0
6472,2004,0,0,0
6473,2004,0,0,0
6474,2004,0,0,0
6475,2004,0,0,0
6476,2004,0,0,0
6477,2004,0,0,0
6478,2004,0,0,0
6479,2004,0,0,0
6480,2004,0,0,0
6481,2004,0,0,0
6482,2004,0,0,0
6483,2004,0,0,0
6484,2004,0,0,0
6485,2004,0,0,0
6486,2004,0,0,0
6487,2004,0,0,0
6488,2004,0,0,0
6489,2004,0,0,0
6490,2004,0,0,0
6491,2004,0,0,0
6492,2004,0,0,0
6493,2004,0,0,0
6494,2004,0,0,0
6495,2004,0,0,0
6496,2004,0,0,0
6497,2004,0,0,0
6498,2004,0,0,0
6499,2004,0,0,0
6500,2004,0,0,0
6501,2004,0,0,0
6502,2004,0,0,0
6503,2004,0,0,0
6504,2004,0,0,0
6505,2004,0,0,0
6506,2004,0,0,0
6507,2004,0,0,0
6508,2004,0,0,0
6509,2004,0,0,0
6510,2004,0,0,0
6511,2004,0,0,0
6512,2004,0,0,0
6513,2004,0,0,0
6514,2004,0,0,0
6515,2004,0,0,0
6516,2004,0,0,0
6517,2004,0,0,0
6518,2004,0,0,0
6519,2004,0,0,0
6520,2004,0,0,0
6521,2004,0,0,0
6522,2004,0,0,0
6523,2004,0,0,0
6524,2004,0,0,0
6525,2004,0,0,0
6526,2004,0,0,0
6527,2004,0,0,0
6528,2004,0,0,0
6529,2004,0,0,0
6530,2004,0,0,0
6531,2004,0,0,0
6532,2004,0,0,0
6533,2004,0,0,0
6534,2004,0,0,0
6535,2004,0,0,0
6536,2004,0,0,0
6537,2004,0,0,0
6538,2004,0,0,0
6539,2004,0,0,0
6540,2004,0,0,0
6541,2004,0,0,0
6542,2004,0,0,0
6543,2004,0,0,0
6544,2003,0,0,0
6545,2003,0,0,0
6546,2003,0,0,0
6547,2003,0,0,0
6548,2003,0,0,0
6549,2003,0,0,0
6550,2003,0,0,0
6551,2003,0,0,0
6552,2003,0,0,0
6553,2003,0,0,0
6554,2003,0,0,0
6555,2003,0,0,0
6556,2003,0,0,0
6557,2003,0,0,0
6558,2003,0,0,0
6559,2003,0,0,0
6560,2003,0,0,0
6561,2003,0,0,0
6562,2003,0,0,0
6563,2003,0,0,0
6564,2003,0,0,0
6565,2003,0,0,0
6566,2003,0,0,0
6567,2003,0,0,0
6568,2003,0,0,0
6569,2003,0,0,0
6570,2003,0,0,0
6571,2003,0,0,0
6572,2003,0,0,0
6573,2003,0,0,0
6574,2003,0,0,0
6575,2003,0,0,0
6576,2003,0,0,0
6577,2003,0,0,0
6578,2003,0,0,0
6579,2003,0,0,0
6580,2003,0,0,0
6581,2003,0,0,0
6582,2003,0,0,0
6583,2003,0,0,0
6584,2003,0,0,0
6585,2003,0,0,0
6586,2003,0,0,0
6587,2003,0,0,0
6588,2003,0,0,0
6589,2003,0,0,0
6590,2003,0,0,0
6591,2003,0,0,0
6592,2003,0,0,0
6593,2003,0,0,0
6594,2003,0,0,0
6595,2003,0,0,0
6596,2003,0,0,0
6597,2003,0,0,0
6598,2003,0,0,0
6599,2003,0,0,0
6600,2003,0,0,0
6601,2003,0,0,0
6602,2003,0,0,0
6603,2003,0,0,0
6604,2003,0,0,0
6605,2003,0,0,0
6606,2003,0,0,0
6607,2003,0,0,0
6608,2003,0,0,0
6609,2003,0,0,0
6610,2003,0,0,0
6611,2003,0,0,0
6612,2003,0,0,0
6613,2003,0,0,0
6614,2003,0,0,0
6615,2003,0,0,0
6616,2003,0,0,0
6617,2003,0,0,0
6618,2003,0,0,0
6619,2003,0,0,0
6620,2003,0,0,0
6621,2003,0,0,0
6622,2003,0,0,0
6623,2003,0,0,0
6624,2003,0,0,0
6625,2003,0,0,0
6626,2003,0,0,0
6627,2003,0,0,0
6628,2003,0,0,0
6629,2003,0,0,0
6630,2003,0,0,0
6631,2003,0,0,0
6632,2003,0,0,0
6633,2003,0,0,0
6634,2003,0,0,0
6635,2003,0,0,0
6636,2003,0,0,0
6637,2003,0,0,0
6638,2003,0,0,0
6639,2003,0,0,0
6640,2003,0,0,0
6641,2003,0,0,0
6642,2003,0,0,0
6643,2003,0,0,0
6644,2003,0,0,0
6645,2003,0,0,0
6646,2003,0,0,0
6647,2003,0,0,0
6648,2003,0,0,0
6649,2003,0,0,0
6650,2003,0,0,0
6651,2003,0,0,0
6652,2003,0,0,0
6653,2003,0,0,0
6654,2003,0,0,0
6655,2003,0,0,0
6656,2003,0,0,0
6657,2003,0,0,0
6658,2003,0,0,0
6659,2003,0,0,0
6660,2003,0,0,0
6661,2003,0,0,0
6662,2003,0,0,0
6663,2003,0,0,0
6664,2003,0,0,0
6665,2003,0,0,0
6666,2003,0,0,0
6667,2003,0,0,0
6668,2003,0,0,0
6669,2003,0,0,0
6670,2003,0,0,0
6671,2003,0,0,0
6672,2003,0,0,0
6673,2003,0,0,0
6674,2003,0,0,0
6675,2003,0,0,0
6676,2003,0,0,0
6677,2003,0,0,0
6678,2003,0,0,0
6679,2003,0,0,0
6680,2003,0,0,0
6681,2003,0,0,0
6682,2003,0,0,0
6683,2003,0,0,0
6684,2003,0,0,0
6685,2003,0,0,0
6686,2003,0,0,0
6687,2003,0,0,0
6688,2003,0,0,0
6689,2003,0,0,0
6690,2003,0,0,0
6691,2003,0,0,0
6692,2003,0,0,0
6693,2003,0,0,0
6694,2003,0,0,0
6695,2003,0,0,0
6696,2003,0,0,0
6697,2003,0,0,0
6698,2003,0,0,0
6699,2003,0,0,0
6700,2003,0,0,0
6701,2003,0,0,0
6702,2003,0,0,0
6703,2003,0,0,0
6704,2003,0,0,0
6705,2003,0,0,0
6706,2003,0,0,0
6707,2003,0,0,0
6708,2003,0,0,0
6709,2003,0,0,0
6710,2003,0,0,0
6711,2003,0,0,0
6712,2003,0,0,0
6713,2003,0,0,0
6714,2003,0,0,0
6715,2003,0,0,0
6716,2003,0,0,0
6717,2003,0,0,0
6718,2003,0,0,0
6719,2003,0,0,0
6720,2003,0,0,0
6721,2003,0,0,0
6722,2003,0,0,0
6723,2003,0,0,0
6724,2003,0,0,0
6725,2003,0,0,0
6726,2003,0,0,0
6727,2003,0,0,0
6728,2003,0,0,0
6729,2003,0,0,0
6730,2003,0,0,0
6731,2003,0,0,0
6732,2003,0,0,0
6733,2003,0,0,0
6734,2003,0,0,0
6735,2003,0,0,0
6736,2003,0,0,0
6737,2003,0,0,0
6738,2003,0,0,0
6739,2003,0,0,0
6740,2003,0,0,0
6741,2003,0,0,0
6742,2003,0,0,0
6743,2003,0,0,0
6744,2003,0,0,0
6745,2003,0,0,0
6746,2003,0,0,0
6747,2003,0,0,0
6748,2003,0,0,0
6749,2003,0,0,0
6750,2003,0,0,0
6751,2003,0,0,0
6752,2003,0,0,0
6753,2003,0,0,0
6754,2003,0,0,0
6755,2003,0,0,0
6756,2003,0,0,0
6757,2003,0,0,0
6758,2003,0,0,0
6759,2003,0,0,0
6760,2003,0,0,0
6761,2003,0,0,0
6762,2003,0,0,0
6763,2003,0,0,0
6764,2003,0,0,0
6765,2003,0,0,0
6766,2003,0,0,0
6767,2003,0,0,0
6768,2003,0,0,0
6769,2003,0,0,0
6770,2003,0,0,0
6771,2003,0,0,0
6772,2003,0,0,0
6773,2003,0,0,0
6774,2003,0,0,0
6775,2003,0,0,0
6776,2003,0,0,0
6777,2003,0,0,0
6778,2003,0,0,0
6779,2003,0,0,0
6780,2003,0,0,0
6781,2003,0,0,0
6782,2003,0,0,0
6783,2003,0,0,0
6784,2003,0,0,0
6785,2003,0,0,0
6786,2003,0,0,0
6787,2003,0,0,0
6788,2003,0,0,0
6789,2003,0,0,0
6790,2003,0,0,0
6791,2003,0,0,0
6792,2003,0,0,0
6793,2003,0,0,0
6794,2003,0,0,0
6795,2003,0,0,0
6796,2003,0,0,0
6797,2003,0,0,0
6798,2003,0,0,0
6799,2003,0,0,0
6800,2003,0,0,0
6801,2003,0,0,0
6802,2003,0,0,0
6803,2003,0,0,0
6804,2002,0,0,0
6805,2002,0,0,0
6806,2002,0,0,0
6807,2002,0,0,0
6808,2002,0,0,0
6809,2002,0,0,0
6810,2002,0,0,0
6811,2002,0,0,0
6812,2002,0,0,0
6813,2002,0,0,0
6814,2002,0,0,0
6815,2002,0,0,0
6816,2002,0,0,0
6817,2002,0,0,0
6818,2002,0,0,0
6819,2002,0,0,0
6820,2002,0,0,0
6821,2002,0,0,0
6822,2002,0,0,0
6823,2002,0,0,0
6824,2002,0,0,0
6825,2002,0,0,0
6826,2002,0,0,0
6827,2002,0,0,0
6828,2002,0,0,0
6829,2002,0,0,0
6830,2002,0,0,0
6831,2002,0,0,0
6832,2002,0,0,0
6833,2002,0,0,0
6834,2002,0,0,0
6835,2002,0,0,0
6836,2002,0,0,0
6837,2002,0,0,0
6838,2002,0,0,0
6839,2002,0,0,0
6840,2002,0,0,0
6841,2002,0,0,0
6842,2002,0,0,0
6843,2002,0,0,0
6844,2002,0,0,0
6845,2002,0,0,0
6846,2002,0,0,0
6847,2002,0,0,0
6848,2002,0,0,0
6849,2002,0,0,0
6850,2002,0,0,0
6851,2002,0,0,0
6852,2002,0,0,0
6853,2002,0,0,0
6854,2002,0,0,0
6855,2002,0,0,0
6856,2002,0,0,0
6857,2002,0,0,0
6858,2002,0,0,0
6859,2002,0,0,0
6860,2002,0,0,0
6861,2002,0,0,0
6862,2002,0,0,0
6863,2002,0,0,0
6864,2002,0,0,0
6865,2002,0,0,0
6866,2002,0,0,0
6867,2002,0,0,0
6868,2002,0,0,0
6869,2002,0,0,0
6870,2002,0,0,0
6871,2002,0,0,0
6872,2002,0,0,0
6873,2002,0,0,0
6874,2002,0,0,0
6875,2002,0,0,0
6876,2002,0,0,0
6877,2002,0,0,0
6878,2002,0,0,0
6879,2002,0,0,0
6880,2002,0,0,0
6881,2002,0,0,0
6882,2002,0,0,0
6883,2002,0,0,0
6884,2002,0,0,0
6885,2002,0,0,0
6886,2002,0,0,0
6887,2002,0,0,0
6888,2002,0,0,0
6889,2002,0,0,0
6890,2002,0,0,0
6891,2002,0,0,0
6892,2002,0,0,0
6893,2002,0,0,0
6894,2002,0,0,0
6895,2002,0,0,0
6896,2002,0,0,0
6897,2002,0,0,0
6898,2002,0,0,0
6899,2002,0,0,0
6900,2002,0,0,0
6901,2002,0,0,0
6902,2002,0,0,0
6903,2002,0,0,0
6904,2002,0,0,0
6905,2002,0,0,0
6906,2002,0,0,0
6907,2002,0,0,0
6908,2002,0,0,0
6909,2002,0,0,0
6910,2002,0,0,0
6911,2002,0,0,0
6912,2002,0,0,0
6913,2002,0,0,0
6914,2002,0,0,0
6915,2002,0,0,0
6916,2002,0,0,0
6917,2002,0,0,0
6918,2002,0,0,0
6919,2002,0,0,0
6920,2002,0,0,0
6921,2002,0,0,0
6922,2002,0,0,0
6923,2002,0,0,0
6924,2002,0,0,0
6925,2002,0,0,0
6926,2002,0,0,0
6927,2002,0,0,0
6928,2002,0,0,0
6929,2002,0,0,0
6930,2002,0,0,0
6931,2002,0,0,0
6932,2002,0,0,0
6933,2002,0,0,0
6934,2002,0,0,0
6935,2002,0,0,0
6936,2002,0,0,0
6937,2002,0,0,0
6938,2002,0,0,0
6939,2002,0,0,0
6940,2002,0,0,0
6941,2002,0,0,0
6942,2002,0,0,0
6943,2002,0,0,0
6944,2002,0,0,0
6945,2002,0,0,0
6946,2002,0,0,0
6947,2002,0,0,0
6948,2002,0,0,0
6949,2002,0,0,0
6950,2002,0,0,0
6951,2002,0,0,0
6952,2002,0,0,0
6953,2002,0,0,0
6954,2002,0,0,0
6955,2002,0,0,0
6956,2002,0,0,0
6957,2002,0,0,0
6958,2002,0,0,0
6959,2002,0,0,0
6960,2002,0,0,0
6961,2002,0,0,0
6962,2002,0,0,0
6963,2002,0,0,0
6964,2002,0,0,0
6965,2002,0,0,0
6966,2002,0,0,0
6967,2002,0,0,0
6968,2002,0,0,0
6969,2002,0,0,0
6970,2002,0,0,0
6971,2002,0,0,0
6972,2002,0,0,0
6973,2002,0,0,0
6974,2002,0,0,0
6975,2002,0,0,0
6976,2002,0,0,0
6977,2002,0,0,0
6978,2002,0,0,0
6979,2002,0,0,0
6980,2002,0,0,0
6981,2002,0,0,0
6982,2002,0,0,0
6983,2002,0,0,0
6984,2002,0,0,0
6985,2002,0,0,0
6986,2002,0,0,0
6987,2002,0,0,0
6988,2002,0,0,0
6989,2002,0,0,0
6990,2002,0,0,0
6991,2002,0,0,0
6992,2002,0,0,0
6993,2002,0,0,0
6994,2002,0,0,0
6995,2002,0,0,0
6996,2002,0,0,0
6997,2002,0,0,0
6998,2002,0,0,0
6999,2002,0,0,0
7000,2002,0,0,0
7001,2002,0,0,0
7002,2002,0,0,0
7003,2002,0,0,0
7004,2002,0,0,0
7005,2002,0,0,0
7006,2002,0,0,0
7007,2002,0,0,0
7008,2002,0,0,0
7009,2002,0,0,0
7010,2002,0,0,0
7011,2002,0,0,0
7012,2002,0,0,0
7013,2002,0,0,0
7014,2002,0,0,0
7015,2002,0,0,0
7016,2002,0,0,0
7017,2002,0,0,0
7018,2002,0,0,0
7019,2002,0,0,0
7020,2002,0,0,0
7021,2002,0,0,0
7022,2002,0,0,0
7023,2002,0,0,0
7024,2002,0,0,0
7025,2002,0,0,0
7026,2002,0,0,0
7027,2002,0,0,0
7028,2002,0,0,0
7029,2002,0,0,0
7030,2002,0,0,0
7031,2002,0,0,0
7032,2002,0,0,0
7033,2002,0,0,0
7034,2002,0,0,0
7035,2002,0,0,0
7036,2002,0,0,0
7037,2002,0,0,0
7038,2002,0,0,0
7039,2002,0,0,0
7040,2002,0,0,0
7041,2002,0,0,0
7042,2002,0,0,0
7043,2002,0,0,0
7044,2002,0,0,0
7045,2002,0,0,0
7046,2002,0,0,0
7047,2002,0,0,0
7048,2002,0,0,0
7049,2002,0,0,0
7050,2002,0,0,0
7051,2002,0,0,0
7052,2002,0,0,0
7053,2002,0,0,0
7054,2002,0,0,0
7055,2002,0,0,0
7056,2002,0,0,0
7057,2002,0,0,0
7058,2002,0,0,0
7059,2002,0,0,0
7060,2002,0,0,0
7061,2002,0,0,0
7062,2002,0,0,0
7063,2002,0,0,0
7064,2002,0,0,0
7065,2002,0,0,0
7066,2002,0,0,0
7067,2001,0,0,0
7068,2001,0,0,0
7069,2001,0,0,0
7070,2001,0,0,0
7071,2001,0,0,0
7072,2001,0,0,0
7073,2001,0,0,0
7074,2001,0,0,0
7075,2001,0,0,0
7076,2001,0,0,0
7077,2001,0,0,0
7078,2001,0,0,0
7079,2001,0,0,0
7080,2001,0,0,0
7081,2001,0,0,0
7082,2001,0,0,0
7083,2001,0,0,0
7084,2001,0,0,0
7085,2001,0,0,0
7086,2001,0,0,0
7087,2001,0,0,0
7088,2001,0,0,0
7089,2001,0,0,0
7090,2001,0,0,0
7091,2001,0,0,0
7092,2001,0,0,0
7093,2001,0,0,0
7094,2001,0,0,0
7095,2001,0,0,0
7096,2001,0,0,0
7097,2001,0,0,0
7098,2001,0,0,0
7099,2001,0,0,0
7100,2001,0,0,0
7101,2001,0,0,0
7102,2001,0,0,0
7103,2001,0,0,0
7104,2001,0,0,0
7105,2001,0,0,0
7106,2001,0,0,0
7107,2001,0,0,0
7108,2001,0,0,0
7109,2001,0,0,0
7110,2001,0,0,0
7111,2001,0,0,0
7112,2001,0,0,0
7113,2001,0,0,0
7114,2001,0,0,0
7115,2001,0,0,0
7116,2001,0,0,0
7117,2001,0,0,0
7118,2001,0,0,0
7119,2001,0,0,0
7120,2001,0,0,0
7121,2001,0,0,0
7122,2001,0,0,0
7123,2001,0,0,0
7124,2001,0,0,0
7125,2001,0,0,0
7126,2001,0,0,0
7127,2001,0,0,0
7128,2001,0,0,0
7129,2001,0,0,0
7130,2001,0,0,0
7131,2001,0,0,0
7132,2001,0,0,0
7133,2001,0,0,0
7134,2001,0,0,0
7135,2001,0,0,0
7136,2001,0,0,0
7137,2001,0,0,0
7138,2001,0,0,0
7139,2001,0,0,0
7140,2001,0,0,0
7141,2001,0,0,0
7142,2001,0,0,0
7143,2001,0,0,0
7144,2001,0,0,0
7145,2001,0,0,0
7146,2001,0,0,0
7147,2001,0,0,0
7148,2001,0,0,0
7149,2001,0,0,0
7150,2001,0,0,0
7151,2001,0,0,0
7152,2001,0,0,0
7153,2001,0,0,0
7154,2001,0,0,0
7155,2001,0,0,0
7156,2001,0,0,0
7157,2001,0,0,0
7158,2001,0,0,0
7159,2001,0,0,0
7160,2001,0,0,0
7161,2001,0,0,0
7162,2001,0,0,0
7163,2001,0,0,0
7164,2001,0,0,0
7165,2001,0,0,0
7166,2001,0,0,0
7167,2001,0,0,0
7168,2001,0,0,0
7169,2001,0,0,0
7170,2001,0,0,0
7171,2001,0,0,0
7172,2001,0,0,0
7173,2001,0,0,0
7174,2001,0,0,0
7175,2001,0,0,0
7176,2001,0,0,0
7177,2001,0,0,0
7178,2001,0,0,0
7179,2001,0,0,0
7180,2001,0,0,0
7181,2001,0,0,0
7182,2001,0,0,0
7183,2001,0,0,0
7184,2001,0,0,0
7185,2001,0,0,0
7186,2001,0,0,0
7187,2001,0,0,0
7188,2001,0,0,0
7189,2001,0,0,0
7190,2001,0,0,0
7191,2001,0,0,0
7192,2001,0,0,0
7193,2001,0,0,0
7194,2001,0,0,0
7195,2001,0,0,0
7196,2001,0,0,0
7197,2001,0,0,0
7198,2001,0,0,0
7199,2001,0,0,0
7200,2001,0,0,0
7201,2001,0,0,0
7202,2001,0,0,0
7203,2001,0,0,0
7204,2001,0,0,0
7205,2001,0,0,0
7206,2001,0,0,0
7207,2001,0,0,0
7208,2001,0,0,0
7209,2001,0,0,0
7210,2001,0,0,0
7211,2001,0,0,0
7212,2001,0,0,0
7213,2001,0,0,0
7214,2001,0,0,0
7215,2001,0,0,0
7216,2001,0,0,0
7217,2001,0,0,0
7218,2001,0,0,0
7219,2001,0,0,0
7220,2001,0,0,0
7221,2001,0,0,0
7222,2001,0,0,0
7223,2001,0,0,0
7224,2001,0,0,0
7225,2001,0,0,0
7226,2001,0,0,0
7227,2001,0,0,0
7228,2001,0,0,0
7229,2001,0,0,0
7230,2001,0,0,0
7231,2001,0,0,0
7232,2001,0,0,0
7233,2001,0,0,0
7234,2001,0,0,0
7235,2001,0,0,0
7236,2001,0,0,0
7237,2001,0,0,0
7238,2001,0,0,0
7239,2001,0,0,0
7240,2001,0,0,0
7241,2001,0,0,0
7242,2001,0,0,0
7243,2001,0,0,0
7244,2001,0,0,0
7245,2001,0,0,0
7246,2001,0,0,0
7247,2001,0,0,0
7248,2001,0,0,0
7249,2001,0,0,0
7250,2001,0,0,0
7251,2001,0,0,0
7252,2001,0,0,0
7253,2001,0,0,0
7254,2001,0,0,0
7255,2001,0,0,0
7256,2001,0,0,0
7257,2001,0,0,0
7258,2001,0,0,0
7259,2001,0,0,0
7260,2001,0,0,0
7261,2001,0,0,0
7262,2001,0,0,0
7263,2001,0,0,0
7264,2001,0,0,0
7265,2001,0,0,0
7266,2001,0,0,0
7267,2001,0,0,0
7268,2001,0,0,0
7269,2001,0,0,0
7270,2001,0,0,0
7271,2001,0,0,0
7272,2001,0,0,0
7273,2001,0,0,0
7274,2001,0,0,0
7275,2001,0,0,0
7276,2001,0,0,0
7277,2001,0,0,0
7278,2001,0,0,0
7279,2001,0,0,0
7280,2001,0,0,0
7281,2001,0,0,0
7282,2001,0,0,0
7283,2001,0,0,0
7284,2001,0,0,0
7285,2001,0,0,0
7286,2001,0,0,0
7287,2001,0,0,0
7288,2001,0,0,0
7289,2001,0,0,0
7290,2001,0,0,0
7291,2001,0,0,0
7292,2001,0,0,0
7293,2001,0,0,0
7294,2001,0,0,0
7295,2001,0,0,0
7296,2001,0,0,0
7297,2001,0,0,0
7298,2001,0,0,0
7299,2001,0,0,0
7300,2001,0,0,0
7301,2001,0,0,0
7302,2001,0,0,0
7303,2001,0,0,0
7304,2001,0,0,0
7305,2001,0,0,0
7306,2001,0,0,0
7307,2001,0,0,0
7308,2001,0,0,0
7309,2001,0,0,0
7310,2001,0,0,0
7311,2001,0,0,0
7312,2001,0,0,0
7313,2001,0,0,0
7314,2001,0,0,0
7315,2001,0,0,0
7316,2001,0,0,0
7317,2001,0,0,0
7318,2001,0,0,0
7319,2001,0,0,0
7320,2001,0,0,0
7321,2001,0,0,0
7322,2001,0,0,0
7323,2001,0,0,0
7324,2000,0,0,0
7325,2000,0,0,0
7326,2000,0,0,0
7327,2000,0,0,0
7328,2000,0,0,0
7329,2000,0,0,0
7330,2000,0,0,0
7331,2000,0,0,0
7332,2000,0,0,0
7333,2000,0,0,0
7334,2000,0,0,0
7335,2000,0,0,0
7336,2000,0,0,0
7337,2000,0,0,0
7338,2000,0,0,0
7339,2000,0,0,0
7340,2000,0,0,0
7341,2000,0,0,0
7342,2000,0,0,0
7343,2000,0,0,0
7344,2000,0,0,0
7345,2000,0,0,0
7346,2000,0,0,0
7347,2000,0,0,0
7348,2000,0,0,0
7349,2000,0,0,0
7350,2000,0,0,0
7351,2000,0,0,0
7352,2000,0,0,0
7353,2000,0,0,0
7354,2000,0,0,0
7355,2000,0,0,0
7356,2000,0,0,0
7357,2000,0,0,0
7358,2000,0,0,0
7359,2000,0,0,0
7360,2000,0,0,0
7361,2000,0,0,0
7362,2000,0,0,0
7363,2000,0,0,0
7364,2000,0,0,0
7365,2000,0,0,0
7366,2000,0,0,0
7367,2000,0,0,0
7368,2000,0,0,0
7369,2000,0,0,0
7370,2000,0,0,0
7371,2000,0,0,0
7372,2000,0,0,0
7373,2000,0,0,0
7374,2000,0,0,0
7375,2000,0,0,0
7376,2000,0,0,0
7377,2000,0,0,0
7378,2000,0,0,0
7379,2000,0,0,0
7380,2000,0,0,0
7381,2000,0,0,0
7382,2000,0,0,0
7383,2000,0,0,0
7384,2000,0,0,0
7385,2000,0,0,0
7386,2000,0,0,0
7387,2000,0,0,0
7388,2000,0,0,0
7389,2000,0,0,0
7390,2000,0,0,0
7391,2000,0,0,0
7392,2000,0,0,0
7393,2000,0,0,0
7394,2000,0,0,0
7395,2000,0,0,0
7396,2000,0,0,0
7397,2000,0,0,0
7398,2000,0,0,0
7399,2000,0,0,0
7400,2000,0,0,0
7401,2000,0,0,0
7402,2000,0,0,0
7403,2000,0,0,0
7404,2000,0,0,0
7405,2000,0,0,0
7406,2000,0,0,0
7407,2000,0,0,0
7408,2000,0,0,0
7409,2000,0,0,0
7410,2000,0,0,0
7411,2000,0,0,0
7412,2000,0,0,0
7413,2000,0,0,0
7414,2000,0,0,0
7415,2000,0,0,0
7416,2000,0,0,0
7417,2000,0,0,0
7418,2000,0,0,0
7419,2000,0,0,0
7420,2000,0,0,0
7421,2000,0,0,0
7422,2000,0,0,0
7423,2000,0,0,0
7424,2000,0,0,0
7425,2000,0,0,0
7426,2000,0,0,0
7427,2000,0,0,0
7428,2000,0,0,0
7429,2000,0,0,0
7430,2000,0,0,0
7431,2000,0,0,0
7432,2000,0,0,0
7433,2000,0,0,0
7434,2000,0,0,0
7435,2000,0,0,0
7436,2000,0,0,0
7437,2000,0,0,0
7438,2000,0,0,0
7439,2000,0,0,0
7440,2000,0,0,0
7441,2000,0,0,0
7442,2000,0,0,0
7443,2000,0,0,0
7444,2000,0,0,0
7445,2000,0,0,0
7446,2000,0,0,0
7447,2000,0,0,0
7448,2000,0,0,0
7449,2000,0,0,0
7450,2000,0,0,0
7451,2000,0,0,0
7452,2000,0,0,0
7453,2000,0,0,0
7454,2000,0,0,0
7455,2000,0,0,0
7456,2000,0,0,0
7457,2000,0,0,0
7458,2000,0,0,0
7459,2000,0,0,0
7460,2000,0,0,0
7461,2000,0,0,0
7462,2000,0,0,0
7463,2000,0,0,0
7464,2000,0,0,0
7465,2000,0,0,0
7466,2000,0,0,0
7467,2000,0,0,0
7468,2000,0,0,0
7469,2000,0,0,0
7470,2000,0,0,0
7471,2000,0,0,0
7472,2000,0,0,0
7473,2000,0,0,0
7474,2000,0,0,0
7475,2000,0,0,0
7476,2000,0,0,0
7477,2000,0,0,0
7478,2000,0,0,0
7479,2000,0,0,0
7480,2000,0,0,0
7481,2000,0,0,0
7482,2000,0,0,0
7483,2000,0,0,0
7484,2000,0,0,0
7485,2000,0,0,0
7486,2000,0,0,0
7487,2000,0,0,0
7488,2000,0,0,0
7489,2000,0,0,0
7490,2000,0,0,0
7491,2000,0,0,0
7492,2000,0,0,0
7493,2000,0,0,0
7494,2000,0,0,0
7495,2000,0,0,0
7496,2000,0,0,0
7497,2000,0,0,0
7498,2000,0,0,0
7499,2000,0,0,0
7500,2000,0,0,0
7501,2000,0,0,0
7502,2000,0,0,0
7503,2000,0,0,0
7504,2000,0,0,0
7505,2000,0,0,0
7506,2000,0,0,0
7507,2000,0,0,0
7508,2000,0,0,0
7509,2000,0,0,0
7510,2000,0,0,0
7511,2000,0,0,0
7512,2000,0,0,0
7513,2000,0,0,0
7514,2000,0,0,0
7515,2000,0,0,0
7516,2000,0,0,0
7517,2000,0,0,0
7518,2000,0,0,0
7519,2000,0,0,0
7520,2000,0,0,0
7521,2000,0,0,0
7522,2000,0,0,0
7523,2000,0,0,0
7524,2000,0,0,0
7525,2000,0,0,0
7526,2000,0,0,0
7527,2000,0,0,0
7528,2000,0,0,0
7529,2000,0,0,0
7530,2000,0,0,0
7531,2000,0,0,0
7532,2000,0,0,0
7533,2000,0,0,0
7534,2000,0,0,0
7535,2000,0,0,0
7536,2000,0,0,0
7537,2000,0,0,0
7538,2000,0,0,0
7539,2000,0,0,0
7540,2000,0,0,0
7541,2000,0,0,0
7542,2000,0,0,0
7543,2000,0,0,0
7544,2000,0,0,0
7545,2000,0,0,0
7546,2000,0,0,0
7547,2000,0,0,0
7548,2000,0,0,0
7549,2000,0,0,0
7550,2000,0,0,0
7551,2000,0,0,0
7552,2000,0,0,0
7553,2000,0,0,0
7554,2000,0,0,0
7555,2000,0,0,0
7556,2000,0,0,0
7557,2000,0,0,0
7558,2000,0,0,0
7559,2000,0,0,0
7560,2000,0,0,0
7561,2000,0,0,0
7562,2000,0,0,0
7563,2000,0,0,0
7564,2000,0,0,0
7565,2000,0,0,0
7566,2000,0,0,0
7567,2000,0,0,0
7568,2000,0,0,0
7569,2000,0,0,0
7570,2000,0,0,0
7571,2000,0,0,0
7572,2000,0,0,0
7573,2000,0,0,0
7574,2000,0,0,0
7575,2000,0,0,0
7576,2000,0,0,0
7577,2000,0,0,0
7578,2000,0,0,0
7579,2000,0,0,0
7580,2000,0,0,0
7581,2000,0,0,0
7582,2000,0,0,0
7583,2000,0,0,0
7584,2000,0,0,0
7585,2000,0,0,0
7586,2000,0,0,0
7587,2000,0,0,0
7588,2000,0,0,0
7589,2000,0,0,0
7590,2000,0,0,0
7591,2000,0,0,0
7592,2000,0,0,0
7593,2000,0,0,0
7594,2000,0,0,0
7595,2000,0,0,0
7596,2000,0,0,0
7597,2000,0,0,0
7598,2000,0,0,0
7599,2000,0,0,0
7600,2000,0,0,0
7601,2000,0,0,0
7602,2000,0,0,0
7603,2000,0,0,0
7604,2000,0,0,0
7605,2000,0,0,0
7606,2000,0,0,0
7607,2000,0,0,0
7608,2000,0,0,0
7609,2000,0,0,0
7610,2000,0,0,0
7611,2000,0,0,0
7612,2000,0,0,0
7613,2000,0,0,0
7614,2000,0,0,0
7615,2000,0,0,0
7616,2000,0,0,0
7617,1999,0,0,0
7618,1999,0,0,0
7619,1999,0,0,0
7620,1999,0,0,0
7621,1999,0,0,0
7622,1999,0,0,0
7623,1999,0,0,0
7624,1999,0,0,0
7625,1999,0,0,0
7626,1999,0,0,0
7627,1999,0,0,0
7628,1999,0,0,0
7629,1999,0,0,0
7630,1999,0,0,0
7631,1999,0,0,0
7632,1999,0,0,0
7633,1999,0,0,0
7634,1999,0,0,0
7635,1999,0,0,0
7636,1999,0,0,0
7637,1999,0,0,0
7638,1999,0,0,0
7639,1999,0,0,0
7640,1999,0,0,0
7641,1999,0,0,0
7642,1999,0,0,0
7643,1999,0,0,0
7644,1999,0,0,0
7645,1999,0,0,0
7646,1999,0,0,0
7647,1999,0,0,0
7648,1999,0,0,0
7649,1999,0,0,0
7650,1999,0,0,0
7651,1999,0,0,0
7652,1999,0,0,0
7653,1999,0,0,0
7654,1999,0,0,0
7655,1999,0,0,0
7656,1999,0,0,0
7657,1999,0,0,0
7658,1999,0,0,0
7659,1999,0,0,0
7660,1999,0,0,0
7661,1999,0,0,0
7662,1999,0,0,0
7663,1999,0,0,0
7664,1999,0,0,0
7665,1999,0,0,0
7666,1999,0,0,0
7667,1999,0,0,0
7668,1999,0,0,0
7669,1999,0,0,0
7670,1999,0,0,0
7671,1999,0,0,0
7672,1999,0,0,0
7673,1999,0,0,0
7674,1999,0,0,0
7675,1999,0,0,0
7676,1999,0,0,0
7677,1999,0,0,0
7678,1999,0,0,0
7679,1999,0,0,0
7680,1999,0,0,0
7681,1999,0,0,0
7682,1999,0,0,0
7683,1999,0,0,0
7684,1999,0,0,0
7685,1999,0,0,0
7686,1999,0,0,0
7687,1999,0,0,0
7688,1999,0,0,0
7689,1999,0,0,0
7690,1999,0,0,0
7691,1999,0,0,0
7692,1999,0,0,0
7693,1999,0,0,0
7694,1999,0,0,0
7695,1999,0,0,0
7696,1999,0,0,0
7697,1999,0,0,0
7698,1999,0,0,0
7699,1999,0,0,0
7700,1999,0,0,0
7701,1999,0,0,0
7702,1999,0,0,0
7703,1999,0,0,0
7704,1999,0,0,0
7705,1999,0,0,0
7706,1999,0,0,0
7707,1999,0,0,0
7708,1999,0,0,0
7709,1999,0,0,0
7710,1999,0,0,0
7711,1999,0,0,0
7712,1999,0,0,0
7713,1999,0,0,0
7714,1999,0,0,0
7715,1999,0,0,0
7716,1999,0,0,0
7717,1999,0,0,0
7718,1999,0,0,0
7719,1999,0,0,0
7720,1999,0,0,0
7721,1999,0,0,0
7722,1999,0,0,0
7723,1999,0,0,0
7724,1999,0,0,0
7725,1999,0,0,0
7726,1999,0,0,0
7727,1999,0,0,0
7728,1999,0,0,0
7729,1999,0,0,0
7730,1999,0,0,0
7731,1999,0,0,0
7732,1999,0,0,0
7733,1999,0,0,0
7734,1999,0,0,0
7735,1999,0,0,0
7736,1999,0,0,0
7737,1999,0,0,0
7738,1999,0,0,0
7739,1999,0,0,0
7740,1999,0,0,0
7741,1999,0,0,0
7742,1999,0,0,0
7743,1999,0,0,0
7744,1999,0,0,0
7745,1999,0,0,0
7746,1999,0,0,0
7747,1999,0,0,0
7748,1999,0,0,0
7749,1999,0,0,0
7750,1999,0,0,0
7751,1999,0,0,0
7752,1999,0,0,0
7753,1999,0,0,0
7754,1999,0,0,0
7755,1999,0,0,0
7756,1999,0,0,0
7757,1999,0,0,0
7758,1999,0,0,0
7759,1999,0,0,0
7760,1999,0,0,0
7761,1999,0,0,0
7762,1999,0,0,0
7763,1999,0,0,0
7764,1999,0,0,0
7765,1999,0,0,0
7766,1999,0,0,0
7767,1999,0,0,0
7768,1999,0,0,0
7769,1999,0,0,0
7770,1999,0,0,0
7771,1999,0,0,0
7772,1999,0,0,0
7773,1999,0,0,0
7774,1999,0,0,0
7775,1999,0,0,0
7776,1999,0,0,0
7777,1999,0,0,0
7778,1999,0,0,0
7779,1999,0,0,0
7780,1999,0,0,0
7781,1999,0,0,0
7782,1999,0,0,0
7783,1999,0,0,0
7784,1999,0,0,0
7785,1999,0,0,0
7786,1999,0,0,0
7787,1999,0,0,0
7788,1999,0,0,0
7789,1999,0,0,0
7790,1999,0,0,0
7791,1999,0,0,0
7792,1999,0,0,0
7793,1999,0,0,0
7794,1999,0,0,0
7795,1999,0,0,0
7796,1999,0,0,0
7797,1999,0,0,0
7798,1999,0,0,0
7799,1999,0,0,0
7800,1999,0,0,0
7801,1999,0,0,0
7802,1999,0,0,0
7803,1999,0,0,0
7804,1999,0,0,0
7805,1999,0,0,0
7806,1999,0,0,0
7807,1999,0,0,0
7808,1999,0,0,0
7809,1999,0,0,0
7810,1999,0,0,0
7811,1999,0,0,0
7812,1999,0,0,0
7813,1999,0,0,0
7814,1999,0,0,0
7815,1999,0,0,0
7816,1999,0,0,0
7817,1999,0,0,0
7818,1999,0,0,0
7819,1999,0,0,0
7820,1999,0,0,0
7821,1999,0,0,0
7822,1999,0,0,0
7823,1999,0,0,0
7824,1999,0,0,0
7825,1999,0,0,0
7826,1999,0,0,0
7827,1999,0,0,0
7828,1999,0,0,0
7829,1999,0,0,0
7830,1999,0,0,0
7831,1999,0,0,0
7832,1999,0,0,0
7833,1999,0,0,0
7834,1999,0,0,0
7835,1999,0,0,0
7836,1999,0,0,0
7837,1999,0,0,0
7838,1999,0,0,0
7839,1999,0,0,0
7840,1999,0,0,0
7841,1999,0,0,0
7842,1999,0,0,0
7843,1999,0,0,0
7844,1999,0,0,0
7845,1999,0,0,0
7846,1999,0,0,0
7847,1999,0,0,0
7848,1999,0,0,0
7849,1999,0,0,0
7850,1999,0,0,0
7851,1999,0,0,0
7852,1999,0,0,0
7853,1999,0,0,0
7854,1999,0,0,0
7855,1999,0,0,0
7856,1999,0,0,0
7857,1999,0,0,0
7858,1999,0,0,0
7859,1999,0,0,0
7860,1999,0,0,0
7861,1999,0,0,0
7862,1999,0,0,0
7863,1999,0,0,0
7864,1999,0,0,0
7865,1999,0,0,0
7866,1999,0,0,0
7867,1999,0,0,0
7868,1999,0,0,0
7869,1999,0,0,0
7870,1999,0,0,0
7871,1999,0,0,0
7872,1999,0,0,0
7873,1999,0,0,0
7874,1999,0,0,0
7875,1999,0,0,0
7876,1999,0,0,0
7877,1999,0,0,0
7878,1999,0,0,0
7879,1999,0,0,0
7880,1999,0,0,0
7881,1999,0,0,0
7882,1999,0,0,0
7883,1999,0,0,0
7884,1999,0,0,0
7885,1999,0,0,0
7886,1999,0,0,0
7887,1999,0,0,0
7888,1999,0,0,0
7889,1999,0,0,0
7890,1999,0,0,0
7891,1999,0,0,0
7892,1999,0,0,0
7893,1999,0,0,0
7894,1999,0,0,0
7895,1999,0,0,0
7896,1999,0,0,0
7897,1999,0,0,0
7898,1999,0,0,0
7899,1999,0,0,0
7900,1999,0,0,0
7901,1999,0,0,0
7902,1999,0,0,0
7903,1999,0,0,0
7904,1999,0,0,0
7905,1999,0,0,0
7906,1999,0,0,0
7907,1999,0,0,0
7908,1999,0,0,0
7909,1999,0,0,0
7910,1999,0,0,0
7911,1999,0,0,0
7912,1999,0,0,0
7913,1999,0,0,0
7914,1999,0,0,0
7915,1999,0,0,0
7916,1999,0,0,0
7917,1999,0,0,0
7918,1999,0,0,0
7919,1999,0,0,0
7920,1998,0,0,0
7921,1998,0,0,0
7922,1998,0,0,0
7923,1998,0,0,0
7924,1998,0,0,0
7925,1998,0,0,0
7926,1998,0,0,0
7927,1998,0,0,0
7928,1998,0,0,0
7929,1998,0,0,0
7930,1998,0,0,0
7931,1998,0,0,0
7932,1998,0,0,0
7933,1998,0,0,0
7934,1998,0,0,0
7935,1998,0,0,0
7936,1998,0,0,0
7937,1998,0,0,0
7938,1998,0,0,0
7939,1998,0,0,0
7940,1998,0,0,0
7941,1998,0,0,0
7942,1998,0,0,0
7943,1998,0,0,0
7944,1998,0,0,0
7945,1998,0,0,0
7946,1998,0,0,0
7947,1998,0,0,0
7948,1998,0,0,0
7949,1998,0,0,0
7950,1998,0,0,0
7951,1998,0,0,0
7952,1998,0,0,0
7953,1998,0,0,0
7954,1998,0,0,0
7955,1998,0,0,0
7956,1998,0,0,0
7957,1998,0,0,0
7958,1998,0,0,0
7959,1998,0,0,0
7960,1998,0,0,0
7961,1998,0,0,0
7962,1998,0,0,0
7963,1998,0,0,0
7964,1998,0,0,0
7965,1998,0,0,0
7966,1998,0,0,0
7967,1998,0,0,0
7968,1998,0,0,0
7969,1998,0,0,0
7970,1998,0,0,0
7971,1998,0,0,0
7972,1998,0,0,0
7973,1998,0,0,0
7974,1998,0,0,0
7975,1998,0,0,0
7976,1998,0,0,0
7977,1998,0,0,0
7978,1998,0,0,0
7979,1998,0,0,0
7980,1998,0,0,0
7981,1998,0,0,0
7982,1998,0,0,0
7983,1998,0,0,0
7984,1998,0,0,0
7985,1998,0,0,0
7986,1998,0,0,0
7987,1998,0,0,0
7988,1998,0,0,0
7989,1998,0,0,0
7990,1998,0,0,0
7991,1998,0,0,0
7992,1998,0,0,0
7993,1998,0,0,0
7994,1998,0,0,0
7995,1998,0,0,0
7996,1998,0,0,0
7997,1998,0,0,0
7998,1998,0,0,0
7999,1998,0,0,0
8000,1998,0,0,0
8001,1998,0,0,0
8002,1998,0,0,0
8003,1998,0,0,0
8004,1998,0,0,0
8005,1998,0,0,0
8006,1998,0,0,0
8007,1998,0,0,0
8008,1998,0,0,0
8009,1998,0,0,0
8010,1998,0,0,0
8011,1998,0,0,0
8012,1998,0,0,0
8013,1998,0,0,0
8014,1998,0,0,0
8015,1998,0,0,0
8016,1998,0,0,0
8017,1998,0,0,0
8018,1998,0,0,0
8019,1998,0,0,0
8020,1998,0,0,0
8021,1998,0,0,0
8022,1998,0,0,0
8023,1998,0,0,0
8024,1998,0,0,0
8025,1998,0,0,0
8026,1998,0,0,0
8027,1998,0,0,0
8028,1998,0,0,0
8029,1998,0,0,0
8030,1998,0,0,0
8031,1998,0,0,0
8032,1998,0,0,0
8033,1998,0,0,0
8034,1998,0,0,0
8035,1998,0,0,0
8036,1998,0,0,0
8037,1998,0,0,0
8038,1998,0,0,0
8039,1998,0,0,0
8040,1998,0,0,0
8041,1998,0,0,0
8042,1998,0,0,0
8043,1998,0,0,0
8044,1998,0,0,0
8045,1998,0,0,0
8046,1998,0,0,0
8047,1998,0,0,0
8048,1998,0,0,0
8049,1998,0,0,0
8050,1998,0,0,0
8051,1998,0,0,0
8052,1998,0,0,0
8053,1998,0,0,0
8054,1998,0,0,0
8055,1998,0,0,0
8056,1998,0,0,0
8057,1998,0,0,0
8058,1998,0,0,0
8059,1998,0,0,0
8060,1998,0,0,0
8061,1998,0,0,0
8062,1998,0,0,0
8063,1998,0,0,0
8064,1998,0,0,0
8065,1998,0,0,0
8066,1998,0,0,0
8067,1998,0,0,0
8068,1998,0,0,0
8069,1998,0,0,0
8070,1998,0,0,0
8071,1998,0,0,0
8072,1998,0,0,0
8073,1998,0,0,0
8074,1998,0,0,0
8075,1998,0,0,0
8076,1998,0,0,0
8077,1998,0,0,0
8078,1998,0,0,0
8079,1998,0,0,0
8080,1998,0,0,0
8081,1998,0,0,0
8082,1998,0,0,0
8083,1998,0,0,0
8084,1998,0,0,0
8085,1998,0,0,0
8086,1998,0,0,0
8087,1998,0,0,0
8088,1998,0,0,0
8089,1998,0,0,0
8090,1998,0,0,0
8091,1998,0,0,0
8092,1998,0,0,0
8093,1998,0,0,0
8094,1998,0,0,0
8095,1998,0,0,0
8096,1998,0,0,0
8097,1998,0,0,0
8098,1998,0,0,0
8099,1998,0,0,0
8100,1998,0,0,0
8101,1998,0,0,0
8102,1998,0,0,0
8103,1998,0,0,0
8104,1998,0,0,0
8105,1998,0,0,0
8106,1998,0,0,0
8107,1998,0,0,0
8108,1998,0,0,0
8109,1998,0,0,0
8110,1998,0,0,0
8111,1998,0,0,0
8112,1998,0,0,0
8113,1998,0,0,0
8114,1998,0,0,0
8115,1998,0,0,0
8116,1998,0,0,0
8117,1998,0,0,0
8118,1998,0,0,0
8119,1998,0,0,0
8120,1998,0,0,0
8121,1998,0,0,0
8122,1998,0,0,0
8123,1998,0,0,0
8124,1998,0,0,0
8125,1998,0,0,0
8126,1998,0,0,0
8127,1998,0,0,0
8128,1998,0,0,0
8129,1998,0,0,0
8130,1998,0,0,0
8131,1998,0,0,0
8132,1998,0,0,0
8133,1998,0,0,0
8134,1998,0,0,0
8135,1998,0,0,0
8136,1998,0,0,0
8137,1998,0,0,0
8138,1998,0,0,0
8139,1998,0,0,0
8140,1998,0,0,0
8141,1998,0,0,0
8142,1998,0,0,0
8143,1998,0,0,0
8144,1998,0,0,0
8145,1998,0,0,0
8146,1998,0,0,0
8147,1998,0,0,0
8148,1998,0,0,0
8149,1998,0,0,0
8150,1998,0,0,0
8151,1998,0,0,0
8152,1998,0,0,0
8153,1998,0,0,0
8154,1998,0,0,0
8155,1998,0,0,0
8156,1998,0,0,0
8157,1998,0,0,0
8158,1998,0,0,0
8159,1998,0,0,0
8160,1998,0,0,0
8161,1998,0,0,0
8162,1998,0,0,0
8163,1998,0,0,0
8164,1998,0,0,0
8165,1998,0,0,0
8166,1998,0,0,0
8167,1998,0,0,0
8168,1998,0,0,0
8169,1998,0,0,0
8170,1998,0,0,0
8171,1998,0,0,0
8172,1998,0,0,0
8173,1998,0,0,0
8174,1998,0,0,0
8175,1998,0,0,0
8176,1998,0,0,0
8177,1998,0,0,0
8178,1998,0,0,0
8179,1998,0,0,0
8180,1998,0,0,0
8181,1998,0,0,0
8182,1998,0,0,0
8183,1998,0,0,0
8184,1998,0,0,0
8185,1998,0,0,0
8186,1998,0,0,0
8187,1998,0,0,0
8188,1998,0,0,0
8189,1998,0,0,0
8190,1998,0,0,0
8191,1998,0,0,0
8192,1998,0,0,0
8193,1998,0,0,0
8194,1998,0,0,0
8195,1998,0,0,0
8196,1998,0,0,0
8197,1998,0,0,0
8198,1998,0,0,0
8199,1998,0,0,0
8200,1998,0,0,0
8201,1998,0,0,0
8202,1998,0,0,0
8203,1998,0,0,0
8204,1998,0,0,0
8205,1998,0,0,0
8206,1998,0,0,0
8207,1998,0,0,0
8208,1998,0,0,0
8209,1998,0,0,0
8210,1998,0,0,0
8211,1998,0,0,0
8212,1998,0,0,0
8213,1998,0,0,0
8214,1998,0,0,0
8215,1998,0,0,0
8216,1998,0,0,0
8217,1998,0,0,0
8218,1998,0,0,0
8219,1998,0,0,0
8220,1998,0,0,0
8221,1998,0,0,0
8222,1998,0,0,0
8223,1998,0,0,0
8224,1998,0,0,0
8225,1998,0,0,0
8226,1998,0,0,0
8227,1998,0,0,0
8228,1998,0,0,0
8229,1998,0,0,0
8230,1998,0,0,0
8231,1998,0,0,0
8232,1998,0,0,0
8233,1998,0,0,0
8234,1998,0,0,0
8235,1998,0,0,0
8236,1998,0,0,0
8237,1998,0,0,0
8238,1998,0,0,0
8239,1998,0,0,0
8240,1998,0,0,0
8241,1998,0,0,0
8242,1998,0,0,0
8243,1998,0,0,0
8244,1998,0,0,0
8245,1998,0,0,0
