family,year,statute,regulation,total
0,1998,33149,612564,645713
0,1999,31271,597659,628930
0,2000,31174,614937,646111
0,2001,31694,632314,664008
0,2002,30766,635394,666160
0,2003,31029,672470,703499
0,2004,32367,696136,728503
0,2005,35368,437067,472435
0,2006,35368,487287,522655
0,2007,34991,474881,509872
0,2008,35096,561304,596400
0,2009,35177,607996,643173
0,2010,35177,642410,677587
0,2011,35200,669848,705048
0,2012,35824,688973,724797
0,2013,35898,723126,759024
0,2014,35898,745642,781540
0,2015,35899,763062,798961
0,2016,35899,778525,814424
0,2017,36265,798655,834920
0,2018,36265,821447,857712
0,2019,36416,843643,880059
1,1998,261335,89987,351322
1,1999,303436,88191,391627
1,2000,310871,89511,400382
1,2001,299020,92517,391537
1,2002,324931,97555,422486
1,2003,329243,98823,428066
1,2004,348245,102067,450312
1,2005,361370,104683,466053
1,2006,365118,97935,463053
1,2007,381263,97764,479027
1,2008,400463,97188,497651
1,2009,413686,117636,531322
1,2010,414777,123874,538651
1,2011,425173,125837,551010
1,2012,440509,126827,567336
1,2013,455815,139009,594824
1,2014,469414,148225,617639
1,2015,501105,144524,645629
1,2016,502332,147381,649713
1,2017,498749,139012,637761
1,2018,500083,134984,635067
1,2019,518499,137870,656369
2,1998,190731,163034,353765
2,1999,191806,157435,349241
2,2000,189954,152169,342123
2,2001,195561,151899,347460
2,2002,165143,142057,307200
2,2003,170989,134197,305186
2,2004,171149,133794,304943
2,2005,173937,117696,291633
2,2006,195607,137834,333441
2,2007,152877,106319,259196
2,2008,190434,143919,334353
2,2009,231180,152787,383967
2,2010,215138,169677,384815
2,2011,218903,180159,399062
2,2012,223091,187744,410835
2,2013,236916,206165,443081
2,2014,244798,206969,451767
2,2015,255255,207730,462985
2,2016,253278,112540,365818
2,2017,269040,151504,420544
2,2018,250252,169844,420096
2,2019,266922,119323,386245
3,1998,256850,29720,286570
3,1999,252146,29640,281786
3,2000,253840,26903,280743
3,2001,261401,24112,285513
3,2002,297315,24046,321361
3,2003,319828,59568,379396
3,2004,314498,35401,349899
3,2005,321610,32815,354425
3,2006,319225,32429,351654
3,2007,278548,28835,307383
3,2008,282401,28018,310419
3,2009,288309,28060,316369
3,2010,312282,33476,345758
3,2011,324283,34848,359131
3,2012,332033,34821,366854
3,2013,324158,35210,359368
3,2014,327109,35270,362379
3,2015,347468,35333,382801
3,2016,355212,35322,390534
3,2017,336386,28922,365308
3,2018,400960,41551,442511
3,2019,358562,32303,390865
4,1998,367245,170902,538147
4,1999,364710,175864,540574
4,2000,366875,175845,542720
4,2001,367832,177732,545564
4,2002,356666,234180,590846
4,2003,408895,262985,671880
4,2004,428197,249258,677455
4,2005,477607,291994,769601
4,2006,487446,291529,778975
4,2007,468073,370564,838637
4,2008,521399,389380,910779
4,2009,565205,401510,966715
4,2010,555410,398556,953966
4,2011,595462,421685,1017147
4,2012,610775,425170,1035945
4,2013,592892,396611,989503
4,2014,562145,314711,876856
4,2015,630222,320676,950898
4,2016,700208,327486,1027694
4,2017,688666,340868,1029534
4,2018,661489,329378,990867
4,2019,656846,330640,987486
5,1998,221026,29772,250798
5,1999,256321,17234,273555
5,2000,248115,30247,278362
5,2001,261376,30648,292024
5,2002,282302,25843,308145
5,2003,280339,20687,301026
5,2004,249372,20120,269492
5,2005,253798,36485,290283
5,2006,273364,24910,298274
5,2007,291132,30206,321338
5,2008,291481,39321,330802
5,2009,293119,38377,331496
5,2010,293449,41785,335234
5,2011,300301,32891,333192
5,2012,298668,36132,334800
5,2013,311275,28326,339601
5,2014,296433,37624,334057
5,2015,297137,46700,343837
5,2016,285027,44628,329655
5,2017,288347,35319,323666
5,2018,286947,38567,325514
5,2019,292597,38573,331170
6,1998,46056,130980,177036
6,1999,48333,138182,186515
6,2000,52280,138344,190624
6,2001,50702,137255,187957
6,2002,50524,143796,194320
6,2003,50901,115926,166827
6,2004,53378,108453,161831
6,2005,73653,133584,207237
6,2006,86243,146735,232978
6,2007,90021,159654,249675
6,2008,92008,164470,256478
6,2009,97659,170700,268359
6,2010,99330,189525,288855
6,2011,120367,196785,317152
6,2012,155584,206901,362485
6,2013,153202,210093,363295
6,2014,159997,214982,374979
6,2015,158835,242483,401318
6,2016,183531,265400,448931
6,2017,234447,266351,500798
6,2018,239983,265818,505801
6,2019,245963,271885,517848
7,1998,173430,16761,190191
7,1999,190523,15090,205613
7,2000,200105,15090,215195
7,2001,221427,24090,245517
7,2002,235667,36938,272605
7,2003,219394,40099,259493
7,2004,220288,36143,256431
7,2005,220318,41511,261829
7,2006,236273,31715,267988
7,2007,225638,25222,250860
7,2008,229716,25809,255525
7,2009,248599,24561,273160
7,2010,259873,28042,287915
7,2011,261111,28066,289177
7,2012,261293,28068,289361
7,2013,232990,28396,261386
7,2014,237154,27833,264987
7,2015,237962,27841,265803
7,2016,240939,26516,267455
7,2017,248871,30416,279287
7,2018,262785,25987,288772
7,2019,263842,26580,290422
8,1998,136198,47063,183261
8,1999,157345,58786,216131
8,2000,152440,59032,211472
8,2001,170009,63620,233629
8,2002,187667,61841,249508
8,2003,184316,59866,244182
8,2004,184880,61009,245889
8,2005,204752,72499,277251
8,2006,183394,71594,254988
8,2007,195608,73270,268878
8,2008,166018,72398,238416
8,2009,172943,70865,243808
8,2010,185284,69566,254850
8,2011,175570,80328,255898
8,2012,189067,81963,271030
8,2013,188115,72020,260135
8,2014,188349,80386,268735
8,2015,190511,85691,276202
8,2016,181811,90984,272795
8,2017,183594,93272,276866
8,2018,186245,103273,289518
8,2019,185991,97008,282999
9,1998,12801,23156,35957
9,1999,12598,24537,37135
9,2000,12598,32274,44872
9,2001,12313,152861,165174
9,2002,12313,199433,211746
9,2003,12313,206627,218940
9,2004,12313,223690,236003
9,2005,12203,219123,231326
9,2006,12206,225150,237356
9,2007,12206,225619,237825
9,2008,12206,224242,236448
9,2009,12203,186234,198437
9,2010,12203,159072,171275
9,2011,12203,178849,191052
9,2012,12203,168170,180373
9,2013,12203,158926,171129
9,2014,12203,157438,169641
9,2015,11727,171075,182802
9,2016,11910,168033,179943
9,2017,11910,156865,168775
9,2018,11910,148111,160021
9,2019,11910,151117,163027
10,1998,32339,113503,145842
10,1999,47486,122525,170011
10,2000,44777,143119,187896
10,2001,44937,144074,189011
10,2002,49650,144297,193947
10,2003,46287,147248,193535
10,2004,46740,150978,197718
10,2005,51248,160573,211821
10,2006,51167,158000,209167
10,2007,42329,150082,192411
10,2008,38061,130976,169037
10,2009,39479,134832,174311
10,2010,40172,135297,175469
10,2011,40220,136492,176712
10,2012,40003,122282,162285
10,2013,41625,125487,167112
10,2014,42431,128110,170541
10,2015,42867,134861,177728
10,2016,44753,136358,181111
10,2017,46276,143621,189897
10,2018,68334,161485,229819
10,2019,64592,156682,221274
11,1998,294887,38834,333721
11,1999,291414,42837,334251
11,2000,284622,46744,331366
11,2001,308968,45307,354275
11,2002,304647,41449,346096
11,2003,326227,43709,369936
11,2004,262207,19834,282041
11,2005,320640,31330,351970
11,2006,327216,33274,360490
11,2007,302911,27090,330001
11,2008,286637,27923,314560
11,2009,339795,39314,379109
11,2010,349654,42551,392205
11,2011,360197,43315,403512
11,2012,383494,58579,442073
11,2013,395887,63695,459582
11,2014,400352,66924,467276
11,2015,404033,61413,465446
11,2016,446036,86163,532199
11,2017,486413,104917,591330
11,2018,463624,102488,566112
11,2019,482713,103265,585978
12,1998,146033,5101,151134
12,1999,147050,5101,152151
12,2000,151879,5111,156990
12,2001,154339,5091,159430
12,2002,166438,5597,172035
12,2003,170802,5245,176047
12,2004,161011,5761,166772
12,2005,200137,7431,207568
12,2006,200294,6591,206885
12,2007,205829,6911,212740
12,2008,208788,6903,215691
12,2009,211634,4331,215965
12,2010,218845,6916,225761
12,2011,219270,6478,225748
12,2012,221305,8241,229546
12,2013,190698,7973,198671
12,2014,191144,7973,199117
12,2015,184280,8035,192315
12,2016,184673,8195,192868
12,2017,187691,7966,195657
12,2018,188412,7966,196378
12,2019,190132,10055,200187
13,1998,49293,42007,91300
13,1999,49732,41626,91358
13,2000,50853,41640,92493
13,2001,50889,39075,89964
13,2002,51959,40096,92055
13,2003,51893,41193,93086
13,2004,59274,46648,105922
13,2005,71133,79576,150709
13,2006,72439,59578,132017
13,2007,83495,56906,140401
13,2008,83211,64115,147326
13,2009,87669,64289,151958
13,2010,92782,73387,166169
13,2011,88662,67174,155836
13,2012,103156,75005,178161
13,2013,106399,82659,189058
13,2014,104079,79555,183634
13,2015,103664,79960,183624
13,2016,110451,82621,193072
13,2017,114406,85266,199672
13,2018,117634,87166,204800
13,2019,100913,88284,189197
14,1998,18721,92424,111145
14,1999,16277,90712,106989
14,2000,20094,97928,118022
14,2001,16194,91508,107702
14,2002,16177,92758,108935
14,2003,16243,96519,112762
14,2004,15869,88465,104334
14,2005,54533,105178,159711
14,2006,52467,147767,200234
14,2007,52791,135207,187998
14,2008,58739,143366,202105
14,2009,54798,142858,197656
14,2010,55617,137398,193015
14,2011,57985,137338,195323
14,2012,58556,134109,192665
14,2013,59958,134426,194384
14,2014,60610,130864,191474
14,2015,60535,135971,196506
14,2016,61557,134890,196447
14,2017,64018,133430,197448
14,2018,63890,133255,197145
14,2019,66823,133760,200583
15,1998,38080,12731,50811
15,1999,36382,13608,49990
15,2000,39601,13834,53435
15,2001,39733,12131,51864
15,2002,40802,12209,53011
15,2003,45801,14126,59927
15,2004,46081,14060,60141
15,2005,51293,17320,68613
15,2006,51659,17349,69008
15,2007,73396,29632,103028
15,2008,73514,30087,103601
15,2009,82600,42591,125191
15,2010,72513,36955,109468
15,2011,92196,47386,139582
15,2012,94414,48999,143413
15,2013,99691,50078,149769
15,2014,101596,50901,152497
15,2015,97200,57017,154217
15,2016,110275,63806,174081
15,2017,117344,64141,181485
15,2018,118900,64932,183832
15,2019,132857,65357,198214
16,1998,32917,113834,146751
16,1999,33074,120171,153245
16,2000,32293,102557,134850
16,2001,36837,113679,150516
16,2002,40151,132427,172578
16,2003,38686,128966,167652
16,2004,33205,135550,168755
16,2005,35430,138317,173747
16,2006,37449,146241,183690
16,2007,70051,145236,215287
16,2008,70831,145743,216574
16,2009,75462,170115,245577
16,2010,77720,175105,252825
16,2011,74774,173967,248741
16,2012,93938,147747,241685
16,2013,90526,163509,254035
16,2014,90507,183438,273945
16,2015,100613,170823,271436
16,2016,104430,191222,295652
16,2017,105125,217179,322304
16,2018,107560,222964,330524
16,2019,76911,213876,290787
17,1998,74293,127202,201495
17,1999,74726,135347,210073
17,2000,84053,153484,237537
17,2001,79158,146607,225765
17,2002,71841,149659,221500
17,2003,73381,153943,227324
17,2004,82174,169004,251178
17,2005,78849,142800,221649
17,2006,77847,167856,245703
17,2007,81896,170442,252338
17,2008,89014,169786,258800
17,2009,89844,173539,263383
17,2010,83339,170313,253652
17,2011,86962,177915,264877
17,2012,92132,193010,285142
17,2013,90128,190293,280421
17,2014,93850,193407,287257
17,2015,87606,185191,272797
17,2016,90902,184980,275882
17,2017,96476,170903,267379
17,2018,97068,179305,276373
17,2019,85082,168186,253268
18,1998,80831,100862,181693
18,1999,73648,100595,174243
18,2000,73667,100662,174329
18,2001,75046,100662,175708
18,2002,108474,48475,156949
18,2003,108474,48741,157215
18,2004,106402,46199,152601
18,2005,97431,50038,147469
18,2006,99389,53986,153375
18,2007,101934,53751,155685
18,2008,103372,58892,162264
18,2009,103673,39763,143436
18,2010,94080,32065,126145
18,2011,99487,32055,131542
18,2012,100048,31951,131999
18,2013,99290,17509,116799
18,2014,101444,20261,121705
18,2015,102777,20384,123161
18,2016,102873,22100,124973
18,2017,113302,32087,145389
18,2018,113450,32087,145537
18,2019,109433,32120,141553
19,1998,34881,98461,133342
19,1999,34881,101802,136683
19,2000,38202,101950,140152
19,2001,38409,101639,140048
19,2002,33609,101099,134708
19,2003,33260,101592,134852
19,2004,40368,102440,142808
19,2005,54660,107941,162601
19,2006,56331,106470,162801
19,2007,56331,107645,163976
19,2008,54152,108123,162275
19,2009,48552,94121,142673
19,2010,48578,94704,143282
19,2011,46251,91711,137962
19,2012,46224,179105,225329
19,2013,51027,185050,236077
19,2014,53948,188293,242241
19,2015,47755,206532,254287
19,2016,49735,212936,262671
19,2017,57237,212824,270061
19,2018,55698,218752,274450
19,2019,55611,220012,275623
20,1998,71450,25939,97389
20,1999,69075,25939,95014
20,2000,70891,30620,101511
20,2001,87375,40484,127859
20,2002,91723,40179,131902
20,2003,92684,40211,132895
20,2004,92548,39952,132500
20,2005,98472,39781,138253
20,2006,95437,38260,133697
20,2007,89995,29289,119284
20,2008,95986,29376,125362
20,2009,110141,30513,140654
20,2010,111153,34813,145966
20,2011,114077,36755,150832
20,2012,113894,37769,151663
20,2013,131384,39358,170742
20,2014,126068,37810,163878
20,2015,125432,38995,164427
20,2016,124348,39167,163515
20,2017,130357,38860,169217
20,2018,132196,41249,173445
20,2019,131455,40547,172002
21,2013,113826,31031,144857
21,2014,128072,31426,159498
21,2015,117269,39514,156783
21,2016,124147,32894,157041
21,2017,125651,32965,158616
21,2018,126945,33854,160799
21,2019,127577,33687,161264
22,1998,14510,40024,54534
22,1999,14510,43026,57536
22,2000,15808,43339,59147
22,2001,16594,67268,83862
22,2002,20655,79096,99751
22,2003,22948,91963,114911
22,2004,22954,85578,108532
22,2005,23626,88175,111801
22,2006,21305,82329,103634
22,2007,18712,78936,97648
22,2008,18741,78933,97674
22,2009,18872,79976,98848
22,2010,20630,80228,100858
22,2011,20845,87432,108277
22,2012,20857,87415,108272
22,2013,24161,87439,111600
22,2014,27147,87439,114586
22,2015,28397,83045,111442
22,2016,28045,82834,110879
22,2017,62796,83463,146259
22,2018,82493,66904,149397
22,2019,82573,66904,149477
23,1998,17055,98478,115533
23,1999,22592,101018,123610
23,2000,22592,95274,117866
23,2001,22834,99747,122581
23,2002,23589,100155,123744
23,2003,23631,101757,125388
23,2004,24619,103690,128309
23,2005,27517,104486,132003
23,2006,29050,106328,135378
23,2007,29167,108131,137298
23,2008,28889,107060,135949
23,2009,31121,101329,132450
23,2010,34244,102372,136616
23,2011,34244,102442,136686
23,2012,35641,102453,138094
23,2013,37670,103515,141185
23,2014,37670,98874,136544
23,2015,36898,93059,129957
23,2016,46794,98956,145750
23,2017,34430,90532,124962
23,2018,34512,90405,124917
23,2019,34493,91490,125983
24,1998,116645,24730,141375
24,1999,118216,22695,140911
24,2000,116691,24366,141057
24,2001,116675,17028,133703
24,2002,123085,29652,152737
24,2003,122584,18290,140874
24,2004,121779,21140,142919
24,2005,134316,23843,158159
24,2006,134854,26214,161068
24,2007,138838,25105,163943
24,2008,139709,25351,165060
24,2009,141931,25493,167424
24,2010,140866,27919,168785
24,2011,151637,26754,178391
24,2012,144321,26558,170879
24,2013,142697,27009,169706
24,2014,143562,27296,170858
24,2015,144299,24553,168852
24,2016,148774,23520,172294
24,2017,151464,24482,175946
24,2018,154423,25031,179454
24,2019,153938,30831,184769
25,1998,90264,106880,197144
25,1999,85699,89911,175610
25,2000,85750,89911,175661
25,2001,91723,88940,180663
25,2002,77741,45266,123007
25,2003,78050,45266,123316
25,2004,79716,46074,125790
25,2005,79643,31812,111455
25,2006,82872,29940,112812
25,2007,82884,32219,115103
25,2008,83613,30209,113822
25,2009,84589,32139,116728
25,2010,84218,31834,116052
25,2011,84769,30667,115436
25,2012,84800,29576,114376
25,2013,84145,28063,112208
25,2014,84679,28314,112993
25,2015,82683,26278,108961
25,2016,94135,22392,116527
25,2017,98021,25102,123123
25,2018,98021,25358,123379
25,2019,95849,25358,121207
26,1998,74216,56850,131066
26,1999,74216,56510,130726
26,2000,74641,59277,133918
26,2001,74632,59364,133996
26,2002,69342,60201,129543
26,2003,69338,59163,128501
26,2004,69425,59196,128621
26,2005,67535,59682,127217
26,2006,45155,4045,49200
26,2007,45155,4045,49200
26,2008,44278,4045,48323
26,2009,44278,4045,48323
26,2010,44158,4031,48189
26,2011,43954,4031,47985
26,2012,43954,4031,47985
26,2013,43962,4031,47993
26,2014,44053,4031,48084
26,2015,44066,4031,48097
26,2016,44066,4031,48097
26,2017,44102,4031,48133
26,2018,44102,4031,48133
26,2019,44102,4031,48133
27,2007,45504,24417,69921
27,2008,47873,27008,74881
27,2009,49276,27200,76476
27,2010,52552,27214,79766
27,2011,52883,28201,81084
27,2012,50649,30077,80726
27,2013,52712,30855,83567
27,2014,53975,33135,87110
27,2015,56636,31096,87732
27,2016,58991,30226,89217
27,2017,67396,30297,97693
27,2018,88885,25116,114001
27,2019,99343,27558,126901
28,1998,40749,117637,158386
28,1999,40749,118094,158843
28,2000,40783,114682,155465
28,2001,40780,120683,161463
28,2002,49023,123590,172613
28,2003,56081,127709,183790
28,2004,49338,127224,176562
28,2005,49439,127050,176489
28,2006,49957,127112,177069
28,2007,52260,128464,180724
28,2008,51922,124245,176167
28,2009,51922,127751,179673
28,2010,52203,112452,164655
28,2011,54164,119961,174125
28,2012,54622,70534,125156
28,2013,50756,76182,126938
28,2014,50756,73875,124631
28,2015,50693,77366,128059
28,2016,51959,88037,139996
28,2017,52680,88679,141359
28,2018,52680,91413,144093
28,2019,52680,91311,143991
29,1998,66481,21598,88079
29,1999,66486,21598,88084
29,2000,65910,21598,87508
29,2001,66127,21595,87722
29,2002,68468,22591,91059
29,2003,68468,22221,90689
29,2004,68667,22568,91235
29,2005,69629,24360,93989
29,2006,69211,24263,93474
29,2007,69344,24945,94289
29,2008,74141,26616,100757
29,2009,75206,26595,101801
29,2010,75906,26778,102684
29,2011,75965,27303,103268
29,2012,75965,27303,103268
29,2013,76464,27029,103493
29,2014,66569,24873,91442
29,2015,66719,24879,91598
29,2016,77355,28958,106313
29,2017,76963,28993,105956
29,2018,78068,28976,107044
29,2019,81318,29436,110754
30,1998,121808,19899,141707
30,1999,120374,22006,142380
30,2000,126605,27479,154084
30,2001,120360,19899,140259
30,2002,121128,19899,141027
30,2003,121128,19899,141027
30,2004,119696,19899,139595
30,2005,119696,19925,139621
30,2006,119719,19909,139628
30,2007,116120,19909,136029
30,2008,81908,16908,98816
30,2009,81913,16908,98821
30,2010,49691,11853,61544
30,2011,49691,11853,61544
30,2012,49691,11853,61544
30,2013,48499,11853,60352
30,2014,48500,11853,60353
30,2015,49731,11853,61584
30,2016,48512,11853,60365
30,2017,49731,11853,61584
30,2018,49731,11853,61584
30,2019,49731,11853,61584
31,1998,32663,79321,111984
31,1999,32663,77912,110575
31,2000,32663,77273,109936
31,2001,36789,80701,117490
31,2002,38193,88647,126840
31,2003,36694,89018,125712
31,2004,37404,91174,128578
31,2005,36773,97976,134749
31,2006,36888,98950,135838
31,2007,36888,97363,134251
31,2008,38899,99339,138238
31,2009,38925,105981,144906
31,2010,39232,104893,144125
31,2011,44825,109256,154081
31,2012,44817,110549,155366
31,2013,30929,101620,132549
31,2014,30929,105080,136009
31,2015,32082,105456,137538
31,2016,31862,106859,138721
31,2017,31518,109834,141352
31,2018,31518,115983,147501
31,2019,33176,117898,151074
32,1998,16767,13903,30670
32,1999,18531,14401,32932
32,2000,20544,12978,33522
32,2001,29104,20337,49441
32,2002,29240,20330,49570
32,2003,29334,21410,50744
32,2004,31637,22424,54061
32,2005,51115,27263,78378
32,2006,50983,27304,78287
32,2007,51372,27272,78644
32,2008,52156,27309,79465
32,2009,52538,27670,80208
32,2010,52515,27670,80185
32,2011,56426,27164,83590
32,2012,56348,26822,83170
32,2013,56907,26474,83381
32,2014,56933,26514,83447
32,2015,57729,26514,84243
32,2016,59562,27097,86659
32,2017,64086,27190,91276
32,2018,74901,24070,98971
32,2019,75492,26516,102008
33,1998,64521,48125,112646
33,1999,65349,47960,113309
33,2000,65349,50043,115392
33,2001,66308,50236,116544
33,2002,67736,53015,120751
33,2003,67939,43649,111588
33,2004,66903,43235,110138
33,2005,68633,40467,109100
33,2006,70304,41464,111768
33,2007,73407,45012,118419
33,2008,76319,45314,121633
33,2009,79588,46713,126301
33,2010,80789,47176,127965
33,2011,81468,48078,129546
33,2012,82610,48354,130964
33,2013,91993,62890,154883
33,2014,89599,62233,151832
33,2015,90126,63728,153854
33,2016,93688,67368,161056
33,2017,103337,79766,183103
33,2018,101608,81910,183518
33,2019,115024,86483,201507
34,1998,8771,17217,25988
34,1999,8905,18921,27826
34,2000,8905,18921,27826
34,2001,9349,22140,31489
34,2002,9822,22234,32056
34,2003,9956,22381,32337
34,2004,10056,22381,32437
34,2005,16840,27384,44224
34,2006,17685,27393,45078
34,2007,18362,29791,48153
34,2008,20218,29865,50083
34,2009,20976,31135,52111
34,2010,20964,31150,52114
34,2011,21073,38302,59375
34,2012,22126,39667,61793
34,2013,23000,42346,65346
34,2014,23000,43223,66223
34,2015,23380,43339,66719
34,2016,40500,36879,77379
34,2017,42213,36909,79122
34,2018,42507,40829,83336
34,2019,45624,41213,86837
35,1998,34469,37255,71724
35,1999,34469,36812,71281
35,2000,34469,36812,71281
35,2001,34531,36817,71348
35,2002,34529,36934,71463
35,2003,34498,36934,71432
35,2004,34498,36942,71440
35,2005,34498,35767,70265
35,2006,34633,35866,70499
35,2007,34633,35866,70499
35,2008,34633,36920,71553
35,2009,34545,36920,71465
35,2010,34541,35860,70401
35,2011,34541,35842,70383
35,2012,34541,35341,69882
35,2013,34516,35341,69857
35,2014,34516,35341,69857
35,2015,34517,35341,69858
35,2016,35132,45307,80439
35,2017,35548,41941,77489
35,2018,35548,41192,76740
35,2019,35548,41030,76578
36,1998,44727,28448,73175
36,1999,44862,26711,71573
36,2000,46491,26717,73208
36,2001,44435,31010,75445
36,2002,45909,28539,74448
36,2003,45742,28603,74345
36,2004,45631,28603,74234
36,2005,46330,28590,74920
36,2006,45343,24186,69529
36,2007,44768,23888,68656
36,2008,44406,23869,68275
36,2009,52856,24526,77382
36,2010,53176,24526,77702
36,2011,53005,22011,75016
36,2012,53005,21983,74988
36,2013,53387,21979,75366
36,2014,53387,21972,75359
36,2015,53454,21970,75424
36,2016,45263,21862,67125
36,2017,45654,26251,71905
36,2018,45363,26243,71606
36,2019,53934,26449,80383
37,1998,58018,14749,72767
37,1999,57823,14749,72572
37,2000,56146,14537,70683
37,2001,61045,14537,75582
37,2002,60042,14537,74579
37,2003,61721,14749,76470
37,2004,66221,14749,80970
37,2005,61438,14749,76187
37,2006,59267,896,60163
37,2007,64122,896,65018
37,2008,64122,896,65018
37,2009,64122,896,65018
37,2010,64044,896,64940
37,2011,59189,896,60085
37,2012,59189,896,60085
37,2013,59189,896,60085
37,2014,64044,896,64940
37,2015,59192,896,60088
37,2016,64047,896,64943
37,2017,58797,896,59693
37,2018,58797,896,59693
37,2019,58797,896,59693
38,1998,48180,11884,60064
38,1999,51259,8134,59393
38,2000,50122,8134,58256
38,2001,50588,9321,59909
38,2002,51160,9318,60478
38,2003,50223,9373,59596
38,2004,51306,9369,60675
38,2005,54154,9279,63433
38,2006,58484,12766,71250
38,2007,58543,12776,71319
38,2008,63437,14309,77746
38,2009,68134,14078,82212
38,2010,70754,16646,87400
38,2011,69238,16646,85884
38,2012,65373,15773,81146
38,2013,68790,15880,84670
38,2014,68703,15880,84583
38,2015,67512,17675,85187
38,2016,65990,15472,81462
38,2017,68842,24369,93211
38,2018,65038,24777,89815
38,2019,67972,25281,93253
39,1998,37259,23312,60571
39,1999,45790,24438,70228
39,2000,41717,19585,61302
39,2001,50305,20736,71041
39,2002,41852,19853,61705
39,2003,50367,20751,71118
39,2004,50496,21090,71586
39,2005,50482,21090,71572
39,2006,50412,21094,71506
39,2007,50367,21087,71454
39,2008,48200,20559,68759
39,2009,48202,20547,68749
39,2010,48202,20541,68743
39,2011,48202,20988,69190
39,2012,48153,20990,69143
39,2013,40447,20329,60776
39,2014,40447,20329,60776
39,2015,40463,20955,61418
39,2016,48196,21833,70029
39,2017,48203,21637,69840
39,2018,40470,21160,61630
39,2019,48203,23117,71320
40,1998,43120,24537,67657
40,1999,45060,24537,69597
40,2000,45269,24537,69806
40,2001,35105,24540,59645
40,2002,29925,23921,53846
40,2003,29994,23921,53915
40,2004,31740,23375,55115
40,2005,30154,25703,55857
40,2006,30063,25703,55766
40,2007,29422,25687,55109
40,2008,29422,25663,55085
40,2009,29398,26005,55403
40,2010,30944,26590,57534
40,2011,30977,26590,57567
40,2012,30990,26704,57694
40,2013,30990,26702,57692
40,2014,30990,26702,57692
40,2015,30986,26692,57678
40,2016,25826,26005,51831
40,2017,25150,26005,51155
40,2018,25150,26005,51155
40,2019,25133,26005,51138
41,1998,0,3427,3427
41,1999,0,3427,3427
41,2000,0,3427,3427
41,2001,0,3427,3427
41,2002,0,3427,3427
41,2003,0,3427,3427
41,2004,8153,10805,18958
41,2005,8153,10787,18940
41,2006,8096,12133,20229
41,2007,8096,23364,31460
41,2008,8014,27888,35902
41,2009,9861,27536,37397
41,2010,12244,24567,36811
41,2011,12244,26208,38452
41,2012,13049,26179,39228
41,2013,11959,26179,38138
41,2014,18362,32037,50399
41,2015,19292,46485,65777
41,2016,23545,45474,69019
41,2017,20781,42072,62853
41,2018,22969,40622,63591
41,2019,22510,46925,69435
42,1998,22695,43083,65778
42,1999,22663,44026,66689
42,2000,22670,46643,69313
42,2001,22439,41560,63999
42,2002,21651,41614,63265
43,1998,0,39607,39607
43,1999,0,39930,39930
43,2000,0,39930,39930
43,2001,0,39911,39911
43,2002,0,46595,46595
43,2003,0,47212,47212
43,2004,0,50071,50071
43,2005,0,50071,50071
43,2006,0,60469,60469
43,2007,0,63546,63546
43,2008,0,63546,63546
43,2009,0,53452,53452
43,2010,0,53452,53452
43,2011,0,53029,53029
43,2012,0,53029,53029
43,2013,0,54801,54801
43,2014,0,57550,57550
43,2015,0,57550,57550
43,2016,0,57547,57547
43,2017,0,58761,58761
44,2007,0,63366,63366
45,2010,17032,6979,24011
45,2011,23546,8792,32338
45,2012,20886,8790,29676
45,2013,22207,15168,37375
45,2014,24357,17626,41983
45,2015,22241,15310,37551
45,2016,22639,16642,39281
45,2017,26932,29224,56156
45,2018,29247,29457,58704
45,2019,31476,29864,61340
46,2018,44386,15357,59743
46,2019,45793,15357,61150
47,2004,12865,5677,18542
47,2005,12934,5677,18611
47,2006,12934,7008,19942
47,2007,18147,11878,30025
47,2008,18147,11878,30025
47,2009,18734,15608,34342
47,2010,18937,15608,34545
47,2011,23527,27764,51291
47,2012,23511,27749,51260
47,2013,23868,27525,51393
47,2014,23868,27525,51393
47,2015,23886,27527,51413
47,2016,23864,27504,51368
47,2017,24581,27747,52328
47,2018,24431,27747,52178
47,2019,18123,42741,60864
48,1998,25810,30568,56378
48,1999,26094,33201,59295
48,2000,24021,32251,56272
48,2001,24204,35234,59438
48,2002,24202,35229,59431
48,2003,24202,35229,59431
48,2004,24202,35229,59431
48,2005,24260,35229,59489
48,2006,23666,34597,58263
48,2007,23663,30904,54567
48,2008,23663,30904,54567
48,2009,25018,31302,56320
48,2010,25018,30931,55949
48,2011,25434,30835,56269
48,2012,25460,30835,56295
48,2013,25865,31795,57660
48,2014,25982,32258,58240
48,2015,26075,32231,58306
48,2016,26097,32057,58154
48,2017,26850,33154,60004
48,2018,27149,33154,60303
48,2019,27602,33182,60784
49,2008,38980,3562,42542
49,2009,48310,3545,51855
49,2010,43103,3569,46672
49,2011,44049,3569,47618
49,2012,44085,3569,47654
49,2013,44512,3569,48081
49,2014,44548,3699,48247
49,2015,44968,3744,48712
49,2016,47911,3744,51655
49,2017,48103,3744,51847
49,2018,48365,3744,52109
49,2019,54941,4378,59319
50,2004,11418,34454,45872
50,2005,11418,33202,44620
50,2006,11761,39105,50866
50,2007,11767,35315,47082
50,2008,14598,36077,50675
50,2009,14880,39528,54408
50,2010,14881,41691,56572
50,2011,14911,43615,58526
50,2012,14911,41752,56663
50,2013,14637,29807,44444
50,2014,14637,30563,45200
50,2015,14637,31644,46281
50,2016,8769,30744,39513
50,2017,8867,32501,41368
50,2018,8867,34243,43110
50,2019,8867,34190,43057
51,2013,31931,17518,49449
51,2014,31931,20153,52084
51,2015,32136,20152,52288
51,2016,32291,20185,52476
51,2017,33291,22176,55467
51,2018,33365,22176,55541
51,2019,33447,23027,56474
52,2019,0,52560,52560
53,1998,21022,1258,22280
53,1999,21022,298,21320
53,2000,21007,298,21305
53,2001,21008,1271,22279
53,2002,21930,314,22244
53,2003,24302,1305,25607
53,2004,34921,4935,39856
53,2005,34915,4935,39850
53,2006,35226,5088,40314
53,2007,63945,8014,71959
53,2008,65339,6857,72196
53,2009,53226,2628,55854
53,2010,53380,2628,56008
53,2011,53542,2628,56170
53,2012,53815,2628,56443
53,2013,58037,2884,60921
53,2014,59529,4377,63906
53,2015,60031,4383,64414
53,2016,68435,4013,72448
53,2017,69929,4592,74521
53,2018,71017,4592,75609
53,2019,70815,4986,75801
54,1998,10702,15972,26674
54,1999,10702,14710,25412
54,2000,10702,14750,25452
54,2001,10656,16476,27132
54,2002,10672,18411,29083
54,2003,10672,18411,29083
54,2004,10672,18510,29182
54,2005,10809,18510,29319
54,2006,11246,23046,34292
54,2007,11426,24113,35539
54,2008,11426,24807,36233
54,2009,12081,22216,34297
54,2010,12123,22216,34339
54,2011,12123,22216,34339
54,2012,12123,22216,34339
54,2013,14990,32022,47012
54,2014,14909,35928,50837
54,2015,14909,35926,50835
54,2016,14908,35238,50146
54,2017,17138,34090,51228
54,2018,17138,34090,51228
54,2019,17360,34090,51450
55,1998,33449,12490,45939
55,1999,33490,12550,46040
55,2000,34850,12624,47474
55,2001,34954,12550,47504
55,2002,34906,12550,47456
55,2003,36813,12834,49647
55,2004,36932,12834,49766
55,2005,37361,12834,50195
55,2006,36988,11565,48553
55,2007,36928,11281,48209
55,2008,36928,11281,48209
55,2009,37812,10777,48589
55,2010,39759,10777,50536
55,2011,39826,10830,50656
55,2012,39826,10826,50652
55,2013,39990,10826,50816
55,2014,39990,10925,50915
55,2015,40006,10925,50931
55,2016,39966,10520,50486
55,2017,39966,10520,50486
55,2018,39997,10520,50517
55,2019,39997,10520,50517
56,1998,49434,766,50200
56,1999,49494,766,50260
56,2000,49494,766,50260
56,2001,49344,0,49344
56,2002,49595,0,49595
56,2003,49595,0,49595
56,2004,49537,0,49537
56,2005,49604,0,49604
56,2006,49732,766,50498
56,2007,49666,148,49814
56,2008,39364,148,39512
56,2009,39364,148,39512
56,2010,39364,148,39512
56,2011,39364,148,39512
56,2012,39364,148,39512
56,2013,34616,148,34764
56,2014,32956,148,33104
56,2015,34622,148,34770
56,2016,32962,148,33110
56,2017,32962,148,33110
56,2018,32962,148,33110
56,2019,33086,148,33234
57,1998,44158,634,44792
57,1999,44479,634,45113
57,2000,44479,634,45113
57,2001,44482,634,45116
57,2002,44531,634,45165
57,2003,44310,634,44944
57,2004,44045,784,44829
57,2005,44041,784,44825
57,2006,46836,2889,49725
57,2007,30463,618,31081
57,2008,25548,618,26166
57,2009,25460,618,26078
57,2010,25456,618,26074
57,2011,25669,618,26287
57,2012,25669,618,26287
57,2013,25670,618,26288
57,2014,25670,618,26288
57,2015,25771,618,26389
57,2016,25678,502,26180
57,2017,25678,310,25988
57,2018,25678,310,25988
57,2019,25634,168,25802
58,1998,19082,21233,40315
58,1999,24164,24475,48639
58,2000,24164,25157,49321
58,2001,31301,28339,59640
58,2002,30739,26021,56760
58,2003,35533,29303,64836
58,2004,35892,33226,69118
58,2005,39590,33772,73362
58,2006,39548,33137,72685
58,2007,40405,33751,74156
58,2008,34412,33368,67780
58,2009,38470,32674,71144
58,2010,40974,36716,77690
58,2011,41096,36281,77377
58,2012,40049,40382,80431
58,2013,42249,38548,80797
58,2014,49832,39962,89794
58,2015,55767,40960,96727
58,2016,59188,48056,107244
58,2017,55964,45417,101381
58,2018,62842,44920,107762
58,2019,63119,44399,107518
59,1998,14389,25186,39575
59,1999,15340,25186,40526
59,2000,15340,25845,41185
59,2001,14700,26018,40718
59,2002,17119,27482,44601
59,2003,17201,26000,43201
59,2004,16750,27150,43900
59,2005,16749,27150,43899
59,2006,17926,27216,45142
59,2007,20050,29093,49143
59,2008,20029,29088,49117
59,2009,19152,29122,48274
59,2010,18201,29122,47323
59,2011,18617,29196,47813
59,2012,18617,29322,47939
59,2013,20643,29404,50047
59,2014,21393,28955,50348
59,2015,21321,28955,50276
59,2016,18132,28770,46902
59,2017,18132,28772,46904
59,2018,18204,28772,46976
59,2019,18204,29043,47247
60,1999,30940,1571,32511
60,2000,29851,1571,31422
60,2001,31167,1571,32738
60,2002,30963,2333,33296
60,2003,32369,2333,34702
60,2004,33736,2519,36255
60,2005,32508,2519,35027
60,2006,33813,2702,36515
60,2007,34627,2666,37293
60,2008,35988,2666,38654
60,2009,36024,2666,38690
60,2010,36105,2666,38771
60,2011,36388,2666,39054
60,2012,40061,2756,42817
60,2013,40406,2698,43104
60,2014,41082,2672,43754
60,2015,41160,2672,43832
60,2016,41651,2672,44323
60,2017,44468,2672,47140
60,2018,46314,2692,49006
60,2019,46314,2692,49006
61,2016,0,48790,48790
61,2017,0,48794,48794
62,1998,5840,0,5840
62,1999,5770,2514,8284
62,2000,5770,2505,8275
62,2001,5768,9191,14959
62,2002,6103,9191,15294
62,2003,8560,23957,32517
62,2004,11617,15482,27099
62,2005,11374,12050,23424
62,2006,11388,11738,23126
62,2007,11818,11236,23054
62,2008,11818,10326,22144
62,2009,18035,10722,28757
62,2010,18000,12251,30251
62,2011,19656,12370,32026
62,2012,20307,13130,33437
62,2013,20241,14444,34685
62,2014,22054,16495,38549
62,2015,22412,18793,41205
62,2016,22409,18982,41391
62,2017,26081,18079,44160
62,2018,25835,10143,35978
62,2019,29834,17808,47642
63,2007,41546,3796,45342
63,2008,36881,3217,40098
63,2009,36927,3049,39976
63,2010,44224,3049,47273
63,2011,34619,3049,37668
63,2012,35324,3513,38837
63,2013,36658,3513,40171
63,2014,38825,3513,42338
63,2015,39122,3548,42670
63,2016,34710,3029,37739
63,2017,38034,3128,41162
64,1998,9726,22829,32555
64,1999,9726,25889,35615
64,2000,9726,27056,36782
64,2001,9745,26410,36155
64,2002,11141,27825,38966
64,2003,11141,28317,39458
64,2004,15383,31377,46760
64,2005,0,29765,29765
64,2006,0,26731,26731
65,2019,40795,4153,44948
66,1998,13916,21417,35333
66,1999,13645,26385,40030
66,2000,13714,31209,44923
66,2001,12952,25957,38909
66,2002,13241,25893,39134
66,2003,13241,25834,39075
66,2004,14749,20226,34975
66,2005,14535,20192,34727
66,2006,12988,20192,33180
66,2007,13434,20134,33568
66,2008,14757,20134,34891
66,2009,15224,19555,34779
66,2010,14123,19555,33678
66,2011,14178,19555,33733
66,2012,14229,18316,32545
66,2013,14617,19603,34220
66,2014,14646,19603,34249
66,2015,14685,19603,34288
66,2016,14686,19603,34289
66,2017,14667,19603,34270
66,2018,14719,19603,34322
66,2019,14621,18316,32937
67,2014,18711,20707,39418
67,2015,18711,20707,39418
67,2016,21969,22129,44098
67,2017,22516,22129,44645
67,2018,22516,22129,44645
67,2019,22516,22129,44645
68,2017,24705,11976,36681
68,2018,25130,13930,39060
68,2019,27131,16954,44085
69,2007,20080,23091,43171
70,1998,24644,20460,45104
70,1999,24642,19728,44370
70,2000,24644,19728,44372
70,2001,24761,19889,44650
70,2002,24640,19889,44529
70,2003,25234,18633,43867
70,2004,25891,18633,44524
70,2005,25907,18706,44613
70,2006,21095,17214,38309
70,2007,24438,18671,43109
70,2008,21094,17179,38273
70,2009,24441,18671,43112
70,2010,24303,18671,42974
70,2011,24303,18671,42974
70,2012,24303,18671,42974
70,2013,22592,18679,41271
70,2014,22592,18679,41271
70,2015,24752,18679,43431
70,2016,24760,18562,43322
70,2017,28865,18567,47432
70,2018,28865,18567,47432
70,2019,28865,18567,47432
71,1998,27202,955,28157
71,1999,28567,955,29522
71,2000,30379,2090,32469
71,2001,30291,2090,32381
71,2002,30205,2163,32368
71,2003,30369,2222,32591
71,2004,30426,2222,32648
71,2005,30438,2250,32688
71,2006,29740,2250,31990
71,2007,27718,1319,29037
71,2008,27710,1319,29029
71,2009,26357,1319,27676
71,2010,26516,1319,27835
71,2011,26597,1321,27918
71,2012,26569,1282,27851
71,2013,26857,1282,28139
71,2014,27117,1282,28399
71,2015,27192,1282,28474
71,2016,28764,4922,33686
71,2017,35465,6637,42102
71,2018,35999,6878,42877
71,2019,35988,6852,42840
72,1998,5201,14954,20155
72,1999,5821,16348,22169
72,2000,6183,16251,22434
72,2001,6453,15970,22423
72,2002,6937,16763,23700
72,2003,20327,21191,41518
72,2004,23013,19741,42754
72,2005,18935,18038,36973
72,2006,18176,13024,31200
72,2007,18954,13040,31994
72,2008,18935,13042,31977
72,2009,19908,9619,29527
72,2010,19943,9674,29617
72,2011,19874,9775,29649
72,2012,20261,10306,30567
72,2013,21747,12209,33956
73,1998,36031,3816,39847
73,1999,35992,3909,39901
73,2000,35988,3907,39895
73,2001,35989,4005,39994
74,1998,27546,10122,37668
74,1999,28896,9820,38716
74,2000,28747,9820,38567
74,2001,28749,9804,38553
74,2002,28742,9805,38547
74,2003,27323,10013,37336
74,2004,28854,10013,38867
74,2005,28864,10026,38890
74,2006,28903,9424,38327
74,2007,28513,9429,37942
74,2008,27147,9429,36576
74,2009,17944,7324,25268
75,2004,35374,3294,38668
76,1998,36421,5313,41734
76,1999,36736,5285,42021
76,2000,21711,5285,26996
76,2001,21869,5447,27316
76,2002,21292,5285,26577
76,2003,21276,5392,26668
76,2004,21339,5392,26731
76,2005,21467,5392,26859
76,2006,20182,5308,25490
76,2007,20183,1981,22164
76,2008,20183,1981,22164
76,2009,20204,2143,22347
76,2010,20624,2143,22767
76,2011,20701,2143,22844
76,2012,20701,2143,22844
76,2013,20749,2143,22892
76,2014,20796,2143,22939
76,2015,20981,2143,23124
76,2016,21050,2143,23193
76,2017,15207,2143,17350
76,2018,15207,2143,17350
76,2019,15207,2143,17350
77,1998,35074,3170,38244
78,1998,10912,13677,24589
78,1999,10912,13677,24589
78,2000,10907,13677,24584
78,2001,10911,13677,24588
78,2002,11416,14014,25430
78,2003,15891,15586,31477
78,2004,15923,15624,31547
78,2005,19529,15624,35153
78,2006,20829,16265,37094
78,2007,20829,16265,37094
78,2008,20796,16930,37726
78,2009,20796,16930,37726
78,2010,20825,16930,37755
78,2011,20825,16930,37755
78,2012,20825,16930,37755
78,2013,20831,16930,37761
78,2014,20831,16930,37761
78,2015,20829,16923,37752
78,2016,20829,16923,37752
78,2017,20884,16923,37807
78,2018,20884,16923,37807
78,2019,21041,16823,37864
79,1998,29998,8710,38708
79,1999,30175,8022,38197
79,2000,29080,8022,37102
79,2001,32345,6542,38887
79,2002,30844,8651,39495
79,2003,31474,8997,40471
79,2004,32091,7588,39679
79,2005,31019,5968,36987
79,2006,34248,5968,40216
79,2007,31174,5968,37142
79,2008,30027,7124,37151
79,2009,30029,7124,37153
79,2010,30570,6727,37297
79,2011,33357,6974,40331
79,2012,33391,7017,40408
79,2013,30597,6770,37367
79,2014,30597,6770,37367
79,2015,30712,7621,38333
79,2016,30694,7622,38316
79,2017,30694,7622,38316
79,2018,28285,6369,34654
79,2019,28454,6381,34835
80,1998,35433,1424,36857
81,1998,23066,12671,35737
81,1999,23112,10589,33701
81,2000,24392,10589,34981
81,2001,23912,10574,34486
81,2002,27558,16040,43598
81,2003,28892,16042,44934
81,2004,28431,16069,44500
81,2005,7203,6640,13843
81,2006,7191,6640,13831
81,2007,7191,6640,13831
81,2008,7191,6640,13831
81,2009,4800,6640,11440
81,2010,4800,6640,11440
81,2011,4800,6640,11440
81,2012,4800,6640,11440
81,2013,4800,6640,11440
81,2014,4800,6640,11440
81,2015,4800,6640,11440
81,2016,4800,6640,11440
81,2017,4800,6640,11440
81,2018,4800,6640,11440
81,2019,4800,6640,11440
82,1998,33180,1585,34765
83,1998,23102,10899,34001
83,1999,19511,9991,29502
83,2000,18351,10266,28617
83,2001,18025,10062,28087
83,2002,18023,10062,28085
83,2003,17411,10121,27532
83,2004,19230,10121,29351
83,2005,13810,10132,23942
83,2006,13171,9843,23014
83,2007,12685,9700,22385
83,2008,12694,9700,22394
84,1998,25302,7828,33130
85,1998,9747,4400,14147
85,1999,9747,4400,14147
85,2000,9771,4436,14207
85,2001,9771,4436,14207
85,2002,9879,6317,16196
85,2003,9880,6317,16197
85,2004,9851,2772,12623
85,2005,10015,2772,12787
85,2006,10014,2772,12786
85,2007,10014,9503,19517
85,2008,11069,6723,17792
85,2009,14225,7725,21950
85,2010,14225,9058,23283
85,2011,17079,15945,33024
85,2012,17063,15945,33008
85,2013,8250,7301,15551
85,2014,8250,10689,18939
86,2004,29192,2923,32115
87,1998,7054,14474,21528
87,1999,7054,14380,21434
87,2000,7054,14380,21434
87,2001,7052,14380,21432
87,2002,5585,11631,17216
87,2003,5585,11631,17216
87,2004,5363,11112,16475
87,2005,5339,11129,16468
87,2006,5327,11129,16456
87,2007,11489,14606,26095
87,2008,11489,14606,26095
87,2009,11489,14526,26015
87,2010,11840,14524,26364
87,2011,11840,14524,26364
87,2012,11420,14129,25549
87,2013,11420,14129,25549
87,2014,11420,15200,26620
87,2015,12119,15200,27319
87,2016,14337,15971,30308
87,2017,14364,15971,30335
87,2018,14364,15971,30335
87,2019,15307,16636,31943
88,1998,13385,5959,19344
88,1999,13625,6793,20418
88,2000,13886,7636,21522
88,2001,13965,4400,18365
88,2002,14735,3558,18293
88,2003,14725,3023,17748
88,2004,14705,4027,18732
88,2005,10367,2232,12599
88,2006,10352,3235,13587
88,2007,10570,3112,13682
88,2008,10578,2062,12640
88,2009,19661,2392,22053
88,2010,19664,3261,22925
88,2011,19664,3256,22920
88,2012,19820,3514,23334
88,2013,22516,3521,26037
88,2014,22559,3968,26527
88,2015,22602,4300,26902
88,2016,25047,6580,31627
88,2017,24947,6965,31912
88,2018,24088,7456,31544
88,2019,23877,7731,31608
89,1998,23829,7384,31213
89,1999,23828,7033,30861
89,2000,23796,7033,30829
89,2001,23848,4565,28413
89,2002,24804,4566,29370
89,2003,26527,4566,31093
89,2004,27395,4211,31606
89,2005,27455,4211,31666
89,2006,27693,4066,31759
89,2007,28872,4026,32898
89,2008,6564,2502,9066
89,2009,6564,2502,9066
89,2010,6564,2522,9086
89,2011,6564,2522,9086
89,2012,5489,2523,8012
90,1998,15349,0,15349
90,1999,15350,0,15350
90,2000,17899,0,17899
90,2001,17321,0,17321
90,2002,28573,2084,30657
90,2003,28374,1493,29867
90,2004,28455,3066,31521
90,2005,27551,2644,30195
90,2006,27350,652,28002
90,2007,27495,652,28147
90,2008,27850,92,27942
90,2009,28108,705,28813
90,2010,28127,773,28900
90,2011,28164,773,28937
90,2012,28259,1056,29315
90,2013,28388,1428,29816
90,2014,28800,1428,30228
90,2015,28647,1428,30075
90,2016,28862,1394,30256
90,2017,28782,1394,30176
90,2018,29270,1394,30664
90,2019,29279,781,30060
91,2004,16503,14372,30875
92,2014,20048,10764,30812
93,1998,23077,14363,37440
93,1999,23041,14363,37404
93,2000,23041,14363,37404
93,2001,23045,14363,37408
93,2002,23007,11500,34507
93,2003,17915,10962,28877
93,2004,17915,10962,28877
93,2005,17863,10962,28825
93,2006,11811,670,12481
93,2007,11811,670,12481
93,2008,11811,670,12481
93,2009,11540,670,12210
93,2010,11540,670,12210
93,2011,11540,670,12210
93,2012,11540,670,12210
93,2013,11540,670,12210
93,2014,11540,670,12210
93,2015,11540,670,12210
93,2016,11540,670,12210
93,2017,11540,670,12210
93,2018,11540,670,12210
93,2019,11540,670,12210
94,2002,15711,14145,29856
95,2015,13582,15156,28738
95,2016,13924,15647,29571
95,2017,13924,15599,29523
95,2018,13924,15354,29278
95,2019,13917,15356,29273
96,2016,0,29332,29332
97,2002,17620,1613,19233
97,2003,17637,1613,19250
97,2004,17632,1613,19245
97,2005,24766,1613,26379
97,2006,26332,1613,27945
97,2007,26329,1613,27942
97,2008,26378,2911,29289
97,2009,9651,1795,11446
97,2010,9651,1613,11264
97,2011,9651,1613,11264
97,2012,9651,1613,11264
97,2013,8254,1613,9867
97,2014,8254,1636,9890
97,2015,8257,1636,9893
97,2016,8257,1636,9893
97,2017,8259,1636,9895
97,2018,8252,1636,9888
97,2019,8252,1636,9888
98,2019,29175,0,29175
99,2004,16440,11029,27469
100,2018,10882,16334,27216
100,2019,10882,16338,27220
101,1998,0,27090,27090
101,1999,0,27090,27090
102,1998,8368,14508,22876
102,1999,8368,14023,22391
102,2000,8368,14275,22643
102,2001,8368,16561,24929
102,2002,8367,16495,24862
102,2003,8377,15124,23501
102,2004,8377,15124,23501
102,2005,9324,17489,26813
102,2006,9324,17381,26705
102,2007,9324,17394,26718
102,2008,9254,17577,26831
102,2009,10317,17599,27916
102,2010,10317,17623,27940
102,2011,8399,17457,25856
102,2012,8399,15457,23856
102,2013,8399,15463,23862
102,2014,8400,15451,23851
102,2015,8403,15516,23919
102,2016,8403,15677,24080
102,2017,7577,16554,24131
102,2018,7577,16554,24131
102,2019,7577,12529,20106
103,1998,5091,0,5091
103,1999,5091,0,5091
103,2000,5091,0,5091
103,2001,5106,0,5106
103,2002,11046,661,11707
103,2003,11046,661,11707
103,2004,11046,661,11707
103,2005,11046,661,11707
103,2006,11046,661,11707
103,2007,11046,661,11707
103,2008,11046,661,11707
103,2009,14990,661,15651
103,2010,14990,661,15651
103,2011,19496,661,20157
103,2012,19496,669,20165
103,2013,23362,2460,25822
103,2014,23362,2488,25850
103,2015,23372,2488,25860
103,2016,23352,2509,25861
103,2017,24267,2018,26285
103,2018,24430,2139,26569
103,2019,24642,2139,26781
104,1998,21588,2187,23775
104,1999,21588,2187,23775
104,2000,21588,2187,23775
104,2001,21588,2187,23775
104,2002,24166,1962,26128
104,2003,21588,1962,23550
104,2004,21588,1962,23550
104,2005,21588,1962,23550
105,1998,3486,20203,23689
105,1999,3486,20203,23689
105,2000,3486,19309,22795
105,2001,3495,19313,22808
105,2002,3381,17615,20996
105,2003,3382,17615,20997
105,2004,3382,17615,20997
105,2005,3382,17615,20997
105,2006,3382,16759,20141
105,2007,3577,19598,23175
105,2008,3441,19598,23039
105,2009,3441,20269,23710
105,2010,3441,19219,22660
105,2011,3416,19361,22777
105,2012,3416,19875,23291
105,2013,3416,21234,24650
105,2014,3354,20720,24074
106,2007,10381,6968,17349
106,2008,14296,9213,23509
106,2009,14296,9222,23518
106,2010,14296,9222,23518
106,2011,14296,7654,21950
106,2012,14325,8620,22945
106,2013,14653,8634,23287
106,2014,15628,8800,24428
106,2015,15628,8800,24428
106,2016,15696,8800,24496
106,2017,15696,8787,24483
107,1998,0,23497,23497
107,1999,0,23497,23497
107,2000,0,23497,23497
107,2001,0,23497,23497
107,2002,0,23497,23497
107,2003,0,23497,23497
107,2004,0,23497,23497
107,2005,0,23497,23497
107,2006,0,23497,23497
107,2007,0,23497,23497
107,2008,0,23497,23497
107,2009,0,23497,23497
107,2010,0,23497,23497
107,2011,0,23497,23497
107,2012,0,23497,23497
107,2013,0,23497,23497
107,2014,0,23497,23497
107,2015,0,23497,23497
107,2016,0,24230,24230
107,2017,0,24232,24232
107,2018,0,24225,24225
107,2019,0,24359,24359
108,2019,19996,4177,24173
109,2004,6728,17261,23989
109,2005,6728,17162,23890
110,1998,19927,3392,23319
110,1999,20030,3555,23585
110,2000,20030,3554,23584
111,1998,0,23550,23550
111,1999,0,23550,23550
111,2000,0,23550,23550
111,2001,0,23550,23550
111,2002,0,23550,23550
111,2003,0,23574,23574
111,2004,0,22689,22689
111,2005,0,22689,22689
111,2006,0,22292,22292
111,2007,0,22025,22025
111,2008,0,22025,22025
111,2009,0,22025,22025
111,2010,0,22025,22025
111,2011,0,20799,20799
111,2012,0,20799,20799
111,2013,0,20799,20799
111,2014,0,20964,20964
112,2017,23385,0,23385
112,2018,23385,0,23385
112,2019,23385,0,23385
113,1998,6450,5001,11451
113,1999,6450,5001,11451
113,2000,6521,5001,11522
113,2001,6515,5001,11516
113,2002,6587,5001,11588
113,2003,10122,5001,15123
113,2004,9656,8085,17741
113,2005,9658,8136,17794
113,2006,9740,8136,17876
113,2007,14789,8554,23343
113,2008,17127,8554,25681
113,2009,17227,8502,25729
113,2010,17447,8502,25949
113,2011,17447,8502,25949
113,2012,17675,8524,26199
113,2013,17834,8524,26358
113,2014,17834,10089,27923
113,2015,14832,7906,22738
113,2016,16467,8102,24569
113,2017,16494,8102,24596
113,2018,16494,8102,24596
113,2019,16494,8102,24596
114,2016,7512,14849,22361
114,2017,8256,14849,23105
114,2018,8256,14849,23105
114,2019,8256,14879,23135
115,1998,10268,358,10626
115,1999,10969,358,11327
115,2000,10969,358,11327
115,2001,11095,358,11453
115,2002,11095,358,11453
115,2003,17761,2018,19779
115,2004,20438,2494,22932
115,2005,20050,2219,22269
115,2006,20050,2219,22269
115,2007,20024,2219,22243
115,2008,20147,2219,22366
115,2009,23169,2219,25388
115,2010,23610,2219,25829
115,2011,23610,2684,26294
115,2012,23610,2684,26294
115,2013,23605,2684,26289
115,2014,24163,2684,26847
115,2015,24163,2684,26847
115,2016,24288,2684,26972
115,2017,7090,1861,8951
115,2018,7107,1861,8968
115,2019,7107,1861,8968
116,1998,12211,10551,22762
116,1999,12211,10551,22762
116,2000,11952,10548,22500
117,1998,5185,10158,15343
117,1999,5185,10570,15755
117,2000,5185,10570,15755
117,2001,5185,10570,15755
117,2002,5181,10533,15714
117,2003,5181,11451,16632
117,2004,5927,10851,16778
117,2005,5903,10867,16770
117,2006,5763,10867,16630
117,2007,7500,10872,18372
117,2008,7500,10872,18372
117,2009,7510,10854,18364
117,2010,7857,10852,18709
117,2011,7857,10852,18709
117,2012,7339,10679,18018
117,2013,7368,11102,18470
117,2014,7368,14462,21830
117,2015,7368,14462,21830
117,2016,8121,14398,22519
117,2017,8147,14398,22545
117,2018,8147,14398,22545
117,2019,8147,14398,22545
118,2008,20959,463,21422
118,2009,21779,463,22242
118,2010,21779,463,22242
118,2011,21861,463,22324
118,2012,21923,512,22435
118,2013,21949,512,22461
118,2014,21949,512,22461
118,2015,21952,512,22464
118,2016,21952,582,22534
118,2017,21953,582,22535
118,2018,21953,582,22535
118,2019,21955,582,22537
119,2007,6923,15429,22352
120,2002,20020,2139,22159
121,2002,9744,2768,12512
121,2003,9744,2768,12512
121,2004,9744,2793,12537
121,2005,9740,2920,12660
121,2006,11780,3699,15479
121,2007,12086,3699,15785
121,2008,12162,3699,15861
121,2009,15094,3699,18793
121,2010,15941,3699,19640
121,2011,16005,3699,19704
121,2012,15875,3713,19588
121,2013,15755,3747,19502
121,2014,15751,3747,19498
121,2015,16237,3815,20052
121,2016,16289,5648,21937
121,2017,16289,5648,21937
121,2018,16864,3947,20811
121,2019,17203,3980,21183
122,2002,21281,40,21321
122,2003,19637,40,19677
122,2004,20085,40,20125
122,2005,20201,1707,21908
123,1998,18763,2555,21318
123,1999,18768,2682,21450
123,2000,19154,2737,21891
123,2001,19154,2737,21891
124,1998,8091,1357,9448
124,1999,8091,1405,9496
124,2000,8091,1405,9496
124,2001,8093,1967,10060
124,2002,8279,1965,10244
124,2003,8298,1965,10263
124,2004,8261,2195,10456
124,2005,8259,2195,10454
124,2006,6768,768,7536
124,2007,13428,2213,15641
124,2008,13428,2213,15641
124,2009,12741,3335,16076
124,2010,12736,3331,16067
124,2011,13072,3331,16403
124,2012,11879,3331,15210
124,2013,12761,3331,16092
124,2014,12761,3331,16092
124,2015,13618,3297,16915
124,2016,14380,3315,17695
124,2017,14475,3317,17792
124,2018,18884,2667,21551
124,2019,19030,2667,21697
125,2015,12469,5774,18243
125,2016,12469,5774,18243
125,2017,14495,5094,19589
125,2018,13449,5683,19132
125,2019,15972,5689,21661
126,2001,3961,2704,6665
126,2002,3961,2704,6665
126,2003,3961,3520,7481
126,2004,3961,3520,7481
126,2005,7814,7175,14989
126,2006,9480,7117,16597
126,2007,9480,7117,16597
126,2008,9478,7117,16595
126,2009,9486,11257,20743
126,2010,9486,18293,27779
126,2011,9486,18293,27779
126,2012,9523,21112,30635
126,2013,9529,20596,30125
126,2014,9529,13528,23057
126,2015,5681,3139,8820
126,2016,5681,3139,8820
126,2017,5683,3141,8824
126,2018,5683,3141,8824
126,2019,5656,3141,8797
127,2017,20025,549,20574
127,2018,20025,1218,21243
127,2019,20025,1218,21243
128,1998,17133,2853,19986
128,1999,17834,2853,20687
128,2000,17834,2853,20687
129,1999,3450,8441,11891
129,2000,3450,9020,12470
129,2001,3450,9020,12470
129,2002,3497,9019,12516
129,2003,3637,9019,12656
129,2004,3817,9815,13632
129,2005,3793,9849,13642
129,2006,3787,9849,13636
129,2007,5666,9822,15488
129,2008,5666,9691,15357
129,2009,5666,9599,15265
129,2010,5666,9599,15265
129,2011,5666,9599,15265
129,2012,5544,9609,15153
129,2013,5544,9609,15153
129,2014,5544,13475,19019
129,2015,5544,13475,19019
129,2016,6616,13685,20301
129,2017,6641,13685,20326
129,2018,6641,13554,20195
129,2019,6641,13554,20195
130,1998,19176,0,19176
130,1999,20144,0,20144
130,2000,20158,0,20158
130,2001,20129,0,20129
130,2002,20174,0,20174
130,2003,20322,0,20322
130,2004,20312,0,20312
131,2013,20143,0,20143
131,2014,20143,0,20143
131,2015,20158,0,20158
131,2016,20158,0,20158
131,2017,20259,0,20259
131,2018,20259,0,20259
131,2019,20259,0,20259
132,2004,1712,10006,11718
132,2005,1712,11130,12842
132,2006,3952,14117,18069
132,2007,3952,15619,19571
132,2008,4423,15458,19881
132,2009,4423,15814,20237
132,2010,5401,9029,14430
132,2011,5401,9401,14802
132,2012,5348,9110,14458
132,2013,5348,9110,14458
132,2014,3198,7374,10572
132,2015,3197,2469,5666
132,2016,3197,2469,5666
132,2017,3197,2469,5666
132,2018,3197,2469,5666
132,2019,3197,2469,5666
133,1998,5148,14991,20139
133,1999,5148,14991,20139
133,2000,5147,14991,20138
133,2001,5147,14991,20138
133,2002,5147,14991,20138
133,2003,5147,14991,20138
133,2004,5147,14991,20138
133,2005,5147,14991,20138
133,2006,5147,14991,20138
134,1998,17788,0,17788
134,1999,17789,0,17789
134,2000,17789,0,17789
134,2001,17795,0,17795
134,2002,17779,0,17779
134,2003,17779,0,17779
134,2004,17779,0,17779
134,2005,17779,0,17779
134,2006,17736,0,17736
134,2007,17736,0,17736
134,2008,17721,0,17721
134,2009,17737,0,17737
134,2010,17737,0,17737
134,2011,17737,0,17737
134,2012,17737,0,17737
134,2013,17739,0,17739
134,2014,17942,306,18248
134,2015,17942,306,18248
134,2016,19028,306,19334
134,2017,19411,306,19717
134,2018,18325,306,18631
134,2019,18342,306,18648
135,2017,4362,0,4362
135,2018,4362,0,4362
135,2019,19397,184,19581
136,2015,18765,632,19397
137,1998,5463,9664,15127
137,1999,5463,9897,15360
137,2000,5525,9899,15424
137,2001,5532,9899,15431
137,2002,5533,9675,15208
137,2003,5533,9675,15208
137,2004,5533,9675,15208
137,2005,5533,9675,15208
137,2006,5525,9561,15086
137,2007,7576,9561,17137
137,2008,7514,10768,18282
137,2009,7514,11259,18773
137,2010,7514,11259,18773
137,2011,7514,11259,18773
137,2012,7514,11259,18773
137,2013,5128,12480,17608
137,2014,5128,12480,17608
137,2015,5837,12481,18318
137,2016,5837,6503,12340
137,2017,5837,6500,12337
137,2018,5837,6500,12337
137,2019,5837,6500,12337
138,1998,4023,1836,5859
138,1999,4073,1836,5909
138,2000,4073,1836,5909
138,2001,4073,1836,5909
138,2002,4071,1836,5907
138,2003,4071,1836,5907
138,2004,4322,1836,6158
138,2005,4322,1836,6158
138,2006,4772,1836,6608
138,2007,4793,1836,6629
138,2008,8809,9377,18186
138,2009,8806,9252,18058
138,2010,8794,9252,18046
138,2011,8794,9432,18226
138,2012,8862,9432,18294
138,2013,4047,8180,12227
138,2014,4047,9453,13500
138,2015,4117,9973,14090
138,2016,4117,9928,14045
138,2017,4306,9910,14216
139,1998,14479,2756,17235
139,1999,14383,3741,18124
139,2000,14286,3741,18027
139,2001,14255,3741,17996
140,2015,11325,3874,15199
140,2016,11738,3968,15706
140,2017,13834,3954,17788
140,2018,13834,3954,17788
140,2019,11661,3930,15591
141,2016,8980,7066,16046
141,2017,8980,7133,16113
141,2018,8980,7133,16113
141,2019,9965,7810,17775
142,1998,15125,1592,16717
142,1999,16155,1592,17747
142,2000,16155,1592,17747
143,1998,5717,3038,8755
143,1999,9547,3038,12585
143,2000,9512,3038,12550
143,2001,9512,3043,12555
143,2002,11015,2905,13920
143,2003,11015,2905,13920
143,2004,11048,3091,14139
143,2005,10430,2905,13335
143,2006,10273,2905,13178
143,2007,10734,2905,13639
143,2008,10734,3091,13825
143,2009,10731,3006,13737
143,2010,8829,3187,12016
143,2011,9513,4187,13700
143,2012,9513,4187,13700
143,2013,9065,4018,13083
143,2014,9065,4018,13083
143,2015,13094,4023,17117
143,2016,13097,4023,17120
143,2017,13103,4027,17130
143,2018,13103,4027,17130
143,2019,13660,4027,17687
144,2001,5005,3989,8994
144,2002,5002,3989,8991
144,2003,5002,12676,17678
144,2004,5002,12523,17525
144,2005,5101,12533,17634
144,2006,5101,12558,17659
144,2007,5110,3979,9089
144,2008,5110,3975,9085
144,2009,5170,4176,9346
144,2010,5170,4231,9401
144,2011,5170,4231,9401
144,2012,5170,4231,9401
144,2013,5177,4245,9422
144,2014,5177,4245,9422
144,2015,5177,4245,9422
144,2016,5177,4799,9976
145,2007,14191,3336,17527
145,2008,14213,3336,17549
146,1998,2946,7751,10697
146,1999,2946,8022,10968
146,2000,2946,8879,11825
146,2001,2946,9190,12136
146,2002,2934,9175,12109
146,2003,2946,9175,12121
146,2004,2891,8150,11041
146,2005,3071,9175,12246
146,2006,3056,9130,12186
146,2007,5375,9241,14616
146,2008,5375,9206,14581
146,2009,5375,9206,14581
146,2010,5385,9206,14591
146,2011,5790,9206,14996
146,2012,5952,9006,14958
146,2013,5952,9006,14958
146,2014,5952,9006,14958
146,2015,5944,9004,14948
146,2016,5944,9127,15071
146,2017,8294,9239,17533
146,2018,8294,9239,17533
146,2019,8294,9239,17533
147,2001,5724,11371,17095
147,2002,5722,11371,17093
147,2003,5722,11371,17093
147,2004,5722,11371,17093
147,2005,5726,11382,17108
148,1998,12075,2698,14773
148,1999,12075,2698,14773
148,2000,12122,2698,14820
148,2001,12471,2257,14728
148,2002,12871,2147,15018
148,2003,12948,2147,15095
148,2004,13111,3862,16973
148,2005,9631,3782,13413
148,2006,9646,3782,13428
148,2007,9655,3782,13437
148,2008,9918,3686,13604
148,2009,10977,2831,13808
148,2010,10977,2831,13808
148,2011,10846,2831,13677
148,2012,10978,2831,13809
148,2013,11010,4199,15209
148,2014,11010,4199,15209
148,2015,11530,4199,15729
148,2016,12323,4517,16840
148,2017,12321,4515,16836
148,2018,12321,4515,16836
148,2019,12322,4515,16837
149,1999,0,16969,16969
149,2000,0,16969,16969
149,2001,0,16969,16969
150,2018,14637,2302,16939
150,2019,14575,2302,16877
151,2008,16489,245,16734
152,2005,0,16587,16587
152,2006,0,15566,15566
153,2017,12119,4311,16430
154,2014,11748,4563,16311
154,2015,11748,4566,16314
155,1998,15114,553,15667
155,1999,15134,553,15687
155,2000,15134,553,15687
155,2001,15134,553,15687
155,2002,15098,553,15651
155,2003,15117,553,15670
155,2004,15086,553,15639
155,2005,15088,553,15641
155,2006,14391,478,14869
155,2007,14391,478,14869
155,2008,15031,478,15509
155,2009,15041,478,15519
155,2010,15041,478,15519
155,2011,15657,478,16135
155,2012,15657,478,16135
155,2013,15663,505,16168
155,2014,15663,505,16168
155,2015,16138,505,16643
155,2016,16138,505,16643
155,2017,16149,505,16654
155,2018,16149,505,16654
155,2019,16149,505,16654
156,2015,0,15552,15552
157,2012,0,15525,15525
157,2013,0,15525,15525
158,1999,3703,10457,14160
158,2000,4587,10922,15509
159,1998,14990,0,14990
159,1999,15149,0,15149
159,2000,15149,0,15149
159,2001,15149,0,15149
159,2002,15198,0,15198
159,2003,15198,0,15198
159,2004,15483,0,15483
160,2009,0,15456,15456
160,2010,0,15456,15456
161,2017,14643,184,14827
162,2010,7895,6930,14825
163,2014,14519,0,14519
163,2015,14724,0,14724
163,2016,14715,0,14715
163,2017,14764,0,14764
163,2018,14771,0,14771
163,2019,14771,0,14771
164,1998,12395,2057,14452
164,1999,12388,2057,14445
164,2000,12468,2057,14525
164,2001,12492,2057,14549
164,2002,12598,2057,14655
164,2003,12598,2057,14655
164,2004,12622,2208,14830
164,2005,12498,2597,15095
164,2006,12498,2597,15095
164,2007,12498,2597,15095
164,2008,12115,2208,14323
164,2009,12235,2208,14443
164,2010,12235,2208,14443
164,2011,12356,2208,14564
164,2012,12356,2208,14564
164,2013,12359,2208,14567
164,2014,12359,2208,14567
164,2015,11379,2208,13587
164,2016,11379,2208,13587
164,2017,11429,2597,14026
164,2018,11429,2597,14026
164,2019,11121,2208,13329
165,2017,7907,6607,14514
165,2018,7907,6607,14514
165,2019,7934,6607,14541
166,2011,0,13463,13463
166,2012,0,13463,13463
166,2013,0,13467,13467
166,2014,0,13467,13467
166,2015,0,13488,13488
166,2016,0,14089,14089
166,2017,0,14323,14323
166,2018,0,14397,14397
166,2019,0,14525,14525
167,2015,7599,4413,12012
167,2016,7599,4413,12012
167,2017,6851,7604,14455
167,2018,6851,7604,14455
167,2019,6851,7604,14455
168,2010,0,14218,14218
169,1998,12380,1603,13983
169,1999,12380,1603,13983
169,2000,12380,1603,13983
169,2001,12566,1603,14169
170,2019,9510,4539,14049
171,2015,11210,300,11510
171,2016,11547,300,11847
171,2017,11549,300,11849
171,2018,13723,300,14023
172,1998,7388,6462,13850
172,1999,7388,6462,13850
172,2000,7388,6462,13850
172,2001,7397,2102,9499
172,2002,7397,2102,9499
172,2003,7397,2102,9499
172,2004,6946,2102,9048
172,2005,6946,2102,9048
172,2006,6946,2102,9048
172,2007,6946,2102,9048
172,2008,6922,2102,9024
172,2009,6922,2102,9024
172,2010,6922,2102,9024
172,2011,6922,2102,9024
172,2012,6922,2102,9024
172,2013,6922,2102,9024
172,2014,6922,2102,9024
172,2015,6922,2102,9024
172,2016,6922,2102,9024
172,2017,6922,2102,9024
172,2018,6922,6468,13390
172,2019,6922,2102,9024
173,2007,12936,0,12936
173,2008,13673,0,13673
174,2011,13135,0,13135
174,2012,13135,0,13135
174,2013,13135,0,13135
174,2014,13353,0,13353
174,2015,13353,0,13353
174,2016,13353,0,13353
174,2017,13395,0,13395
174,2018,13395,0,13395
174,2019,13395,0,13395
175,2013,0,12945,12945
175,2014,0,13233,13233
175,2015,0,13233,13233
175,2016,0,13247,13247
175,2017,0,13248,13248
176,1998,12721,449,13170
176,1999,12721,449,13170
176,2000,12721,449,13170
176,2001,12721,449,13170
176,2002,12721,449,13170
176,2003,12721,449,13170
176,2004,12721,449,13170
176,2005,12721,449,13170
176,2006,12721,449,13170
176,2007,12721,449,13170
177,2014,4892,7433,12325
177,2015,4892,7433,12325
177,2016,5781,7315,13096
177,2017,5833,7315,13148
177,2018,5833,7315,13148
177,2019,5833,7315,13148
178,2017,8050,5038,13088
178,2018,8050,5038,13088
178,2019,7829,4196,12025
179,1999,8121,0,8121
179,2000,8121,0,8121
179,2001,8121,0,8121
179,2002,13058,0,13058
179,2003,2500,1464,3964
179,2004,1113,1464,2577
179,2005,0,1149,1149
179,2006,0,1149,1149
179,2007,0,1149,1149
179,2008,0,1149,1149
180,2018,13003,0,13003
180,2019,12961,0,12961
181,2019,4359,8637,12996
182,1999,0,12743,12743
183,2002,0,12351,12351
183,2003,0,12379,12379
183,2004,0,12591,12591
184,2004,9706,0,9706
184,2005,12583,0,12583
184,2006,12583,0,12583
184,2007,12583,0,12583
185,1998,612,201,813
185,1999,612,201,813
185,2000,612,201,813
185,2001,612,201,813
185,2002,612,201,813
185,2003,612,201,813
185,2004,612,201,813
185,2005,612,201,813
185,2006,612,12705,13317
185,2007,612,12529,13141
185,2008,612,4334,4946
185,2009,612,4334,4946
185,2010,612,4334,4946
185,2011,612,4334,4946
185,2012,612,4334,4946
185,2013,612,4334,4946
185,2014,612,4334,4946
185,2015,612,4334,4946
185,2016,612,4334,4946
186,2003,9220,2906,12126
186,2004,9237,2906,12143
186,2005,9237,2906,12143
186,2006,9232,2906,12138
186,2007,9233,2974,12207
187,2001,7095,4884,11979
187,2002,7095,4884,11979
187,2003,7211,4884,12095
187,2004,7211,4884,12095
187,2005,7211,4884,12095
188,1998,12074,0,12074
188,1999,12074,0,12074
188,2000,12074,0,12074
188,2001,12074,0,12074
189,2009,8046,3696,11742
189,2010,8283,3696,11979
189,2011,8283,3696,11979
189,2012,8248,3696,11944
189,2013,8419,2783,11202
189,2014,8419,2753,11172
189,2015,8419,2754,11173
190,1998,7095,4884,11979
191,1998,0,10745,10745
191,1999,0,10745,10745
191,2000,0,10745,10745
191,2001,0,11757,11757
191,2002,0,11757,11757
191,2003,0,11757,11757
191,2004,0,11833,11833
191,2005,0,11833,11833
191,2006,0,11833,11833
191,2007,0,11833,11833
191,2008,0,11833,11833
191,2009,0,11833,11833
191,2010,0,11833,11833
192,1998,1493,6310,7803
192,1999,1493,6310,7803
192,2000,1493,6310,7803
192,2001,1493,6310,7803
192,2002,1358,6432,7790
192,2003,1358,6432,7790
192,2004,1358,6432,7790
192,2005,1358,6432,7790
192,2006,1358,6432,7790
192,2007,1358,6432,7790
192,2008,1358,6432,7790
192,2009,1358,6432,7790
192,2010,1471,6432,7903
192,2011,1471,6432,7903
192,2012,1471,6966,8437
192,2013,1471,6966,8437
192,2014,1471,6981,8452
192,2015,1471,6981,8452
192,2016,1471,6981,8452
192,2017,1471,10219,11690
192,2018,1471,10219,11690
192,2019,1471,10335,11806
193,2010,7748,3988,11736
194,2001,6255,5473,11728
194,2002,6226,5473,11699
194,2003,6226,5473,11699
194,2004,6226,5473,11699
194,2005,6226,5473,11699
194,2006,6226,5473,11699
194,2007,6226,5473,11699
194,2008,3551,0,3551
194,2009,3551,0,3551
195,1998,6255,5473,11728
195,1999,6255,5473,11728
196,1998,244,1870,2114
196,1999,244,2033,2277
196,2000,244,2033,2277
196,2001,246,2039,2285
196,2002,468,2326,2794
196,2003,447,2326,2773
196,2004,447,4113,4560
196,2005,447,4113,4560
196,2006,468,4113,4581
196,2007,468,4113,4581
196,2008,468,4113,4581
196,2009,468,4113,4581
196,2010,468,4113,4581
196,2011,468,5330,5798
196,2012,4287,4717,9004
196,2013,4287,4717,9004
196,2014,4287,5752,10039
196,2015,4289,5753,10042
196,2016,4795,5733,10528
196,2017,5055,6531,11586
196,2018,5055,6531,11586
196,2019,5055,6531,11586
197,2004,11547,0,11547
197,2005,11547,0,11547
198,2010,6317,5088,11405
199,1998,9797,0,9797
199,1999,9797,1417,11214
199,2000,9797,1417,11214
199,2001,9795,0,9795
199,2002,10038,0,10038
199,2003,10038,0,10038
199,2004,7710,0,7710
200,2004,7111,3688,10799
200,2005,7273,3914,11187
200,2006,7273,3914,11187
201,2009,9299,388,9687
201,2010,9299,388,9687
201,2011,9296,294,9590
201,2012,10821,294,11115
201,2013,10805,300,11105
202,2015,7186,3807,10993
203,2016,7953,2944,10897
203,2017,7953,2944,10897
203,2018,8752,2944,11696
203,2019,8752,4483,13235
204,2011,5113,5538,10651
205,1998,5868,3904,9772
205,1999,5724,4903,10627
206,2019,5515,5052,10567
207,1998,2639,5440,8079
207,1999,2639,5440,8079
207,2000,2639,5440,8079
207,2001,2635,5440,8075
207,2002,2666,5440,8106
207,2003,2839,5440,8279
207,2004,2839,5440,8279
207,2005,2839,5474,8313
207,2006,2833,5474,8307
207,2007,4588,5586,10174
207,2008,4482,5586,10068
207,2009,4705,5554,10259
207,2010,4705,5554,10259
207,2011,4705,5554,10259
207,2012,4801,5652,10453
208,2007,4726,5580,10306
208,2008,4726,5580,10306
208,2009,4726,5544,10270
209,1998,10226,0,10226
209,1999,10226,0,10226
209,2000,10226,0,10226
209,2001,10226,0,10226
209,2002,10226,0,10226
209,2003,10226,0,10226
209,2004,10226,0,10226
209,2005,10226,0,10226
209,2006,9791,0,9791
209,2007,9791,0,9791
209,2008,9791,0,9791
209,2009,9791,0,9791
210,2018,8307,1866,10173
210,2019,8307,1866,10173
211,1998,9135,779,9914
211,1999,9135,779,9914
211,2000,9135,779,9914
211,2001,9138,779,9917
211,2002,9138,779,9917
211,2003,9138,779,9917
211,2004,9138,779,9917
211,2005,9199,957,10156
211,2006,8636,957,9593
211,2007,8636,957,9593
211,2008,8636,957,9593
211,2009,8617,957,9574
212,2014,6894,3178,10072
213,2013,1513,4112,5625
213,2014,1513,6333,7846
213,2015,1512,6330,7842
213,2016,2321,7158,9479
213,2017,2343,7439,9782
213,2018,2343,7610,9953
213,2019,2343,7610,9953
214,1998,3095,6658,9753
214,1999,3095,6658,9753
214,2000,3095,6658,9753
214,2001,3101,6658,9759
214,2002,0,1613,1613
214,2003,0,1613,1613
214,2004,0,1613,1613
214,2005,0,1613,1613
214,2006,0,1613,1613
214,2007,0,1613,1613
214,2008,0,1613,1613
214,2009,0,1613,1613
214,2010,0,1613,1613
214,2011,0,1613,1613
214,2012,0,1613,1613
214,2013,0,1613,1613
214,2014,0,1613,1613
214,2015,0,1613,1613
214,2016,0,1613,1613
214,2017,0,1613,1613
214,2018,0,1613,1613
214,2019,0,1613,1613
215,2017,8117,1462,9579
215,2018,8117,1462,9579
215,2019,8101,1462,9563
216,2002,9540,0,9540
217,2015,5433,3118,8551
217,2016,5433,4037,9470
218,1998,6901,2365,9266
218,1999,6903,2365,9268
218,2000,6913,2365,9278
218,2001,6880,2365,9245
218,2002,7035,2370,9405
218,2003,7063,2377,9440
218,2004,7063,2377,9440
218,2005,7063,2377,9440
218,2006,3830,2377,6207
218,2007,4950,2377,7327
218,2008,4954,2377,7331
218,2009,4954,2377,7331
218,2010,3868,2377,6245
218,2011,3868,2377,6245
218,2012,3868,2377,6245
218,2013,3868,2377,6245
218,2014,3868,2377,6245
218,2015,3868,2377,6245
218,2016,3872,2377,6249
218,2017,3972,2377,6349
218,2018,3972,2377,6349
218,2019,3972,2377,6349
219,2002,8541,883,9424
220,2000,8531,883,9414
221,1998,8531,883,9414
222,2013,8691,91,8782
222,2014,8691,91,8782
222,2015,8691,91,8782
222,2016,8690,91,8781
222,2017,9048,91,9139
222,2018,9048,272,9320
222,2019,9048,91,9139
223,2009,0,8049,8049
223,2010,0,8049,8049
223,2011,0,8049,8049
223,2012,0,7727,7727
223,2013,0,8250,8250
223,2014,0,8635,8635
223,2015,0,8635,8635
223,2016,0,9213,9213
223,2017,0,9302,9302
224,2017,5515,3665,9180
225,2004,374,8789,9163
225,2005,374,8789,9163
226,1998,4501,151,4652
226,1999,8996,151,9147
226,2000,8996,151,9147
226,2001,8996,151,9147
227,2003,9084,0,9084
227,2004,9084,0,9084
227,2005,9084,0,9084
228,2013,0,8994,8994
228,2014,0,9020,9020
229,2011,0,8976,8976
230,2017,7827,1108,8935
230,2018,7831,1108,8939
230,2019,7831,1108,8939
231,2015,0,8787,8787
231,2016,0,8787,8787
231,2017,0,8787,8787
231,2018,0,8787,8787
231,2019,0,8787,8787
232,2015,8548,0,8548
232,2016,8548,0,8548
232,2017,8714,0,8714
232,2018,8577,0,8577
232,2019,8628,0,8628
233,1998,2068,0,2068
233,1999,5291,3297,8588
233,2000,5291,3297,8588
233,2001,4791,3297,8088
233,2002,5289,3297,8586
233,2003,5289,3297,8586
233,2004,5301,3297,8598
233,2005,4801,3293,8094
233,2006,5301,3293,8594
233,2007,5301,3293,8594
233,2008,5301,3293,8594
233,2009,4801,3293,8094
233,2010,5301,3290,8591
233,2011,4801,3290,8091
233,2012,5320,3301,8621
233,2013,5320,3301,8621
233,2014,5320,3301,8621
233,2015,5323,3301,8624
233,2016,4823,3301,8124
233,2017,4793,3298,8091
233,2018,4800,3298,8098
233,2019,4800,3298,8098
234,2013,8618,0,8618
234,2014,8618,0,8618
234,2015,8618,0,8618
234,2016,8618,0,8618
234,2017,8618,0,8618
234,2018,8618,0,8618
234,2019,8618,0,8618
235,2018,7733,879,8612
236,2013,7720,879,8599
236,2014,7720,879,8599
236,2015,7733,879,8612
237,2013,7733,176,7909
237,2014,7733,176,7909
237,2015,8428,176,8604
237,2016,8428,176,8604
237,2017,8428,176,8604
237,2018,8367,176,8543
237,2019,8367,176,8543
238,2010,8519,0,8519
238,2011,8519,0,8519
238,2012,8519,0,8519
238,2013,8572,0,8572
238,2014,8572,0,8572
238,2015,8564,0,8564
238,2016,8286,0,8286
238,2017,8294,0,8294
238,2018,8294,0,8294
238,2019,8294,0,8294
239,2006,1425,0,1425
239,2007,1425,0,1425
239,2008,1672,0,1672
239,2009,1672,0,1672
239,2010,1672,0,1672
239,2011,7529,267,7796
239,2012,7523,267,7790
239,2013,7646,273,7919
239,2014,7754,273,8027
239,2015,7754,273,8027
239,2016,7754,273,8027
239,2017,7729,273,8002
239,2018,7729,273,8002
239,2019,7727,832,8559
240,2016,6510,1350,7860
240,2017,7133,1350,8483
240,2018,7133,1350,8483
240,2019,7199,1350,8549
241,1999,7097,900,7997
241,2000,7097,900,7997
241,2001,7098,1446,8544
241,2002,7098,1446,8544
241,2003,7098,1446,8544
241,2004,7098,1446,8544
241,2005,7098,1446,8544
241,2006,7098,1446,8544
241,2007,7098,1446,8544
241,2008,7098,1446,8544
241,2009,7098,1446,8544
241,2010,7098,1446,8544
241,2011,7098,1446,8544
241,2012,7098,1446,8544
241,2013,7111,900,8011
241,2014,7111,900,8011
241,2015,7120,906,8026
241,2016,7120,906,8026
241,2017,7120,912,8032
241,2018,7120,912,8032
241,2019,7120,912,8032
242,1999,4611,2184,6795
242,2000,4795,2184,6979
242,2001,4561,2184,6745
242,2002,6538,2341,8879
242,2003,6845,1082,7927
242,2004,6968,1526,8494
242,2005,6768,1526,8294
242,2006,5132,1217,6349
242,2007,5166,1217,6383
242,2008,6012,1661,7673
243,1998,1921,987,2908
243,1999,2494,1957,4451
243,2000,2494,5526,8020
243,2001,2487,5992,8479
244,1999,914,7529,8443
244,2000,914,2449,3363
244,2001,916,2449,3365
245,2018,4570,3616,8186
245,2019,4570,3801,8371
246,2016,8078,207,8285
246,2017,8078,207,8285
246,2018,8078,207,8285
247,2002,963,3166,4129
247,2003,966,3166,4132
247,2004,966,3166,4132
247,2005,1095,3214,4309
247,2006,1092,3214,4306
247,2007,2400,3333,5733
247,2008,2396,3333,5729
247,2009,2396,3317,5713
247,2010,2396,3317,5713
247,2011,2396,3317,5713
247,2012,2448,3334,5782
247,2013,2448,3334,5782
247,2014,2448,4204,6652
247,2015,2448,4204,6652
247,2016,3417,4763,8180
247,2017,3417,4763,8180
247,2018,3417,4763,8180
247,2019,3417,4763,8180
248,1998,4783,3238,8021
248,1999,4783,3238,8021
248,2000,4783,3238,8021
248,2001,4783,3238,8021
248,2002,4782,3364,8146
249,2002,0,8136,8136
249,2003,0,8136,8136
249,2004,0,8136,8136
249,2005,0,8136,8136
249,2006,0,8136,8136
249,2007,0,8136,8136
249,2008,0,8136,8136
249,2009,0,8136,8136
249,2010,0,8136,8136
249,2011,0,8136,8136
249,2012,0,8136,8136
249,2013,0,8136,8136
249,2014,0,8136,8136
249,2015,0,8136,8136
249,2016,0,8136,8136
249,2017,0,8136,8136
249,2018,0,8136,8136
249,2019,0,8136,8136
250,2000,7711,318,8029
251,2004,5393,2573,7966
252,2019,2435,5526,7961
253,2015,2387,5526,7913
253,2016,2435,5526,7961
253,2017,2435,5526,7961
254,2006,2304,5649,7953
254,2007,2304,5620,7924
254,2008,2304,5620,7924
254,2009,2304,5620,7924
254,2010,2304,5620,7924
254,2011,2304,5620,7924
254,2012,2304,5620,7924
254,2013,2304,5620,7924
254,2014,2304,5620,7924
254,2015,2304,5620,7924
254,2016,2304,5422,7726
254,2017,2304,5422,7726
254,2018,2304,3785,6089
254,2019,2304,3711,6015
255,2018,5855,1884,7739
255,2019,5855,2077,7932
256,2019,7921,0,7921
257,2017,7917,0,7917
258,2002,1508,2250,3758
258,2003,1675,2250,3925
258,2004,1675,2250,3925
258,2005,1675,2267,3942
258,2006,1672,2267,3939
258,2007,3086,2395,5481
258,2008,3086,2395,5481
258,2009,3086,2359,5445
258,2010,3086,2359,5445
258,2011,3086,2359,5445
258,2012,3161,2408,5569
258,2013,3161,2408,5569
258,2014,3161,3383,6544
258,2015,3161,3383,6544
258,2016,4023,3874,7897
258,2017,4023,3874,7897
258,2018,4023,3874,7897
258,2019,4023,3874,7897
259,2004,7891,0,7891
259,2005,7891,0,7891
260,2012,5518,2359,7877
261,2006,7874,0,7874
261,2007,7874,0,7874
261,2008,7874,0,7874
261,2009,7874,0,7874
261,2010,7874,0,7874
261,2011,7874,0,7874
261,2012,7874,0,7874
261,2013,7874,0,7874
261,2014,7874,0,7874
261,2015,7874,0,7874
262,2005,0,7870,7870
262,2006,0,7870,7870
263,2002,0,7870,7870
263,2003,0,7870,7870
264,1998,1400,2255,3655
264,1999,1400,2255,3655
264,2000,1400,2255,3655
264,2001,1400,2255,3655
264,2002,1432,2255,3687
264,2003,1598,2255,3853
264,2004,1598,2255,3853
264,2005,1598,2272,3870
264,2006,1595,2272,3867
264,2007,2933,2343,5276
264,2008,2913,2343,5256
264,2009,2843,2326,5169
264,2010,2843,2326,5169
264,2011,2843,2326,5169
264,2012,2932,2375,5307
264,2013,2932,2375,5307
264,2014,2932,3377,6309
264,2015,2932,3377,6309
264,2016,3778,3852,7630
264,2017,3963,3852,7815
264,2018,3963,3852,7815
264,2019,3963,3852,7815
265,1998,7801,0,7801
265,1999,7391,0,7391
265,2000,7391,0,7391
265,2001,7370,0,7370
265,2002,7299,0,7299
265,2003,7299,0,7299
266,1998,7696,0,7696
266,1999,7696,0,7696
266,2000,7696,0,7696
266,2001,7750,0,7750
266,2002,7753,0,7753
267,1998,6845,901,7746
268,1998,2138,5351,7489
268,1999,2138,5350,7488
268,2000,2138,5350,7488
268,2001,2138,5467,7605
268,2002,2138,5452,7590
268,2003,2144,5452,7596
268,2004,2144,5452,7596
269,2008,7452,128,7580
269,2009,7452,128,7580
270,2019,7562,0,7562
271,1998,1195,2337,3532
271,1999,1195,2337,3532
271,2000,1195,2337,3532
271,2001,1193,2337,3530
271,2002,1225,2337,3562
271,2003,1391,2337,3728
271,2004,1391,2337,3728
271,2005,1391,2354,3745
271,2006,1388,2354,3742
271,2007,2773,2406,5179
271,2008,2773,2406,5179
271,2009,2773,2390,5163
271,2010,2773,2390,5163
271,2011,2773,2390,5163
271,2012,2861,2439,5300
271,2013,2861,2439,5300
271,2014,2861,3397,6258
271,2015,2861,3397,6258
271,2016,3704,3843,7547
271,2017,3704,3843,7547
271,2018,3704,3843,7547
271,2019,3704,3843,7547
272,2002,5596,934,6530
272,2003,5596,934,6530
272,2004,5591,934,6525
272,2005,5559,1960,7519
272,2006,5559,1960,7519
272,2007,5559,1962,7521
272,2008,5464,1962,7426
272,2009,5464,1962,7426
272,2010,5464,1962,7426
272,2011,5464,1962,7426
272,2012,5464,1962,7426
272,2013,5464,1962,7426
272,2014,5464,1962,7426
272,2015,5469,1962,7431
272,2016,5469,1962,7431
272,2017,5469,1962,7431
272,2018,5469,1962,7431
272,2019,5399,1938,7337
273,2011,0,6461,6461
273,2012,0,7379,7379
274,2001,2446,4923,7369
274,2002,2446,4923,7369
274,2003,2446,4923,7369
274,2004,2446,4923,7369
275,1999,2446,4923,7369
276,2003,4380,2941,7321
276,2004,4406,2941,7347
276,2005,4406,2941,7347
276,2006,4406,2941,7347
276,2007,4406,2941,7347
276,2008,4406,2941,7347
276,2009,4303,2941,7244
276,2010,4303,2941,7244
276,2011,4303,2967,7270
276,2012,4303,2967,7270
276,2013,4302,2967,7269
276,2014,4302,2967,7269
276,2015,4302,2967,7269
276,2016,4302,2967,7269
276,2017,4238,2967,7205
276,2018,4238,2967,7205
276,2019,4238,2967,7205
277,1998,1284,2043,3327
277,1999,1284,2043,3327
277,2000,1284,2043,3327
277,2001,1282,2043,3325
277,2002,1314,2043,3357
277,2003,1480,2043,3523
277,2004,1480,2043,3523
277,2005,1480,2060,3540
277,2006,1477,2060,3537
277,2007,2826,2116,4942
277,2008,2826,2116,4942
277,2009,2826,2116,4942
277,2010,2826,2116,4942
277,2011,2826,2116,4942
277,2012,2914,2165,5079
277,2013,2914,2165,5079
277,2014,2914,3111,6025
277,2015,2914,3111,6025
277,2016,3760,3561,7321
277,2017,3760,3561,7321
277,2018,3760,3561,7321
277,2019,3760,3561,7321
278,1998,3583,3736,7319
278,1999,3583,3736,7319
278,2000,3583,3736,7319
279,2019,7017,214,7231
280,1998,7123,0,7123
280,1999,7123,0,7123
280,2000,7135,0,7135
280,2001,7137,0,7137
280,2002,7094,0,7094
281,2005,0,7114,7114
281,2006,0,7114,7114
281,2007,0,7114,7114
281,2008,0,7114,7114
281,2009,0,7114,7114
282,1998,1919,5186,7105
282,1999,1919,5186,7105
282,2000,1919,5186,7105
282,2001,1887,5186,7073
282,2002,1850,4858,6708
282,2003,1850,4980,6830
282,2004,1850,4980,6830
282,2005,1859,5019,6878
282,2006,1859,5019,6878
282,2007,1859,5019,6878
282,2008,1859,5019,6878
282,2009,1860,5019,6879
282,2010,1860,5019,6879
283,2016,6870,212,7082
284,1998,0,6863,6863
284,1999,0,6863,6863
284,2000,0,6863,6863
284,2001,0,6863,6863
284,2002,0,6863,6863
284,2003,0,7028,7028
284,2004,0,7028,7028
284,2005,0,7028,7028
284,2006,0,7028,7028
284,2007,0,7028,7028
284,2008,0,7028,7028
284,2009,0,7028,7028
284,2010,0,7028,7028
284,2011,0,7028,7028
284,2012,0,7028,7028
284,2013,0,7028,7028
284,2014,0,7028,7028
284,2015,0,7028,7028
284,2016,0,7028,7028
284,2017,0,7028,7028
284,2018,0,7028,7028
284,2019,0,7028,7028
285,1998,0,7018,7018
285,1999,0,7018,7018
285,2000,0,7018,7018
286,2015,0,3794,3794
286,2016,0,6967,6967
286,2017,0,3796,3796
287,2015,6953,0,6953
287,2016,6953,0,6953
287,2017,6953,0,6953
287,2018,6948,0,6948
288,2001,6508,429,6937
289,1999,6930,0,6930
289,2000,6930,0,6930
289,2001,6930,0,6930
289,2002,6928,0,6928
289,2003,6928,0,6928
289,2004,6928,0,6928
289,2005,6928,0,6928
289,2006,6928,0,6928
290,2013,6928,0,6928
290,2014,6928,0,6928
290,2015,6928,0,6928
290,2016,6928,0,6928
290,2017,6928,0,6928
290,2018,6928,0,6928
290,2019,6928,0,6928
291,2008,6928,0,6928
291,2009,6928,0,6928
291,2010,6928,0,6928
291,2011,6928,0,6928
292,1998,4158,2397,6555
292,1999,4158,2397,6555
292,2000,4158,2474,6632
292,2001,4177,2476,6653
292,2002,4208,2395,6603
292,2003,4208,2651,6859
292,2004,4208,2651,6859
292,2005,3635,2649,6284
292,2006,3635,256,3891
293,1998,6133,1642,7775
293,1999,6133,1642,7775
293,2000,6411,1642,8053
293,2001,5469,0,5469
293,2002,1198,0,1198
293,2003,1198,0,1198
293,2004,1113,0,1113
293,2005,1113,0,1113
293,2006,1113,0,1113
293,2007,1113,0,1113
293,2008,1113,0,1113
294,2006,215,4503,4718
294,2007,1202,4503,5705
294,2008,1202,4503,5705
294,2009,1202,5636,6838
294,2010,1202,5636,6838
294,2011,1202,5636,6838
294,2012,1202,5636,6838
294,2013,1202,5636,6838
294,2014,1202,5636,6838
294,2015,1200,5636,6836
294,2016,1200,5636,6836
294,2017,1200,5636,6836
294,2018,1200,5636,6836
294,2019,1200,5636,6836
295,2003,6523,0,6523
295,2004,6523,0,6523
295,2005,6523,298,6821
295,2006,6523,298,6821
295,2007,6523,298,6821
295,2008,6523,298,6821
295,2009,6523,298,6821
295,2010,6489,0,6489
295,2011,6489,0,6489
295,2012,6489,0,6489
295,2013,6577,0,6577
295,2014,6577,0,6577
295,2015,6577,0,6577
295,2016,6577,0,6577
296,2009,6820,0,6820
296,2010,6820,0,6820
296,2011,6820,0,6820
296,2012,6820,0,6820
296,2013,6820,0,6820
296,2014,6820,0,6820
296,2015,6820,0,6820
296,2016,6820,0,6820
296,2017,6820,0,6820
296,2018,6812,0,6812
296,2019,5756,0,5756
297,1998,4829,1773,6602
297,1999,4829,1773,6602
297,2000,4705,1757,6462
297,2001,4705,1757,6462
297,2002,4963,1809,6772
298,2019,6730,0,6730
299,2014,6524,206,6730
300,1998,320,6380,6700
300,1999,320,6380,6700
300,2000,320,6380,6700
300,2001,320,6380,6700
300,2002,320,6380,6700
300,2003,320,6380,6700
300,2004,320,6380,6700
300,2005,320,6380,6700
301,2009,6488,142,6630
301,2010,6488,149,6637
302,2000,6613,0,6613
302,2001,6613,0,6613
302,2002,4537,0,4537
303,2018,0,6595,6595
304,2018,0,6546,6546
304,2019,0,6546,6546
305,1998,1502,5011,6513
305,1999,1502,5011,6513
306,1998,6483,0,6483
306,1999,6483,0,6483
306,2000,6483,0,6483
306,2001,6483,0,6483
306,2002,6483,0,6483
306,2003,6483,0,6483
306,2004,6483,0,6483
306,2005,6483,0,6483
306,2006,6483,0,6483
306,2007,6483,0,6483
306,2008,6483,0,6483
306,2009,6483,0,6483
306,2010,6483,0,6483
306,2011,6483,0,6483
306,2012,6483,0,6483
306,2013,6483,0,6483
306,2014,6483,0,6483
306,2015,6483,0,6483
306,2016,6483,0,6483
306,2017,6483,0,6483
306,2018,6483,0,6483
306,2019,6483,0,6483
307,1998,4013,2442,6455
307,1999,4013,2442,6455
307,2000,4028,2442,6470
307,2001,4029,2442,6471
307,2002,4034,2442,6476
307,2003,4034,2442,6476
307,2004,4034,2442,6476
307,2005,4035,2442,6477
307,2006,3803,2442,6245
307,2007,3803,2442,6245
307,2008,3803,2442,6245
307,2009,3816,2442,6258
307,2010,3816,2442,6258
307,2011,3816,2442,6258
307,2012,3816,2442,6258
307,2013,3816,2442,6258
307,2014,3816,2442,6258
307,2015,3829,2442,6271
307,2016,3829,2442,6271
307,2017,3829,2442,6271
307,2018,3829,2442,6271
307,2019,3829,2442,6271
308,2002,4970,1459,6429
308,2003,4972,1459,6431
308,2004,2675,3238,5913
309,1998,0,6291,6291
309,1999,0,6291,6291
310,2018,3992,2231,6223
310,2019,3992,2231,6223
311,1998,6206,0,6206
311,1999,6206,0,6206
311,2000,6197,0,6197
311,2001,6197,0,6197
311,2002,6197,0,6197
311,2003,6197,0,6197
311,2004,6197,0,6197
311,2005,6197,0,6197
311,2006,6197,0,6197
311,2007,6197,0,6197
311,2008,6197,0,6197
311,2009,6212,0,6212
311,2010,6212,0,6212
311,2011,6212,0,6212
311,2012,6212,0,6212
311,2013,5641,0,5641
311,2014,5641,0,5641
311,2015,5743,0,5743
311,2016,5743,0,5743
311,2017,5743,0,5743
311,2018,5743,0,5743
311,2019,5743,0,5743
312,2008,3675,1826,5501
312,2009,3690,1826,5516
312,2010,3720,1826,5546
312,2011,3720,1826,5546
312,2012,3748,1826,5574
312,2013,4115,1828,5943
312,2014,4351,1828,6179
312,2015,4369,1828,6197
312,2016,4371,1828,6199
313,2017,0,6170,6170
313,2018,0,6170,6170
313,2019,0,6170,6170
314,2008,6030,0,6030
314,2009,6129,0,6129
315,2019,5329,746,6075
316,2016,5329,746,6075
317,1998,6054,0,6054
317,1999,6055,0,6055
317,2000,6055,0,6055
317,2001,6055,0,6055
317,2002,6055,0,6055
317,2003,6055,0,6055
317,2004,6055,0,6055
317,2005,6055,0,6055
317,2006,6055,0,6055
317,2007,6055,0,6055
318,2005,0,6031,6031
318,2006,0,6031,6031
319,2001,1519,4497,6016
319,2002,1518,4496,6014
319,2003,1518,3451,4969
319,2004,1518,2583,4101
319,2005,0,1154,1154
319,2006,0,1154,1154
319,2007,0,1154,1154
320,2012,0,5965,5965
320,2013,0,5965,5965
320,2014,0,5965,5965
320,2015,0,5971,5971
321,2017,0,5963,5963
321,2018,0,5963,5963
322,2002,0,5938,5938
322,2003,0,5938,5938
323,2002,326,5611,5937
324,2009,3464,2455,5919
324,2010,3464,2455,5919
324,2011,3464,2455,5919
324,2012,3464,2455,5919
324,2013,3464,2455,5919
324,2014,3464,2455,5919
324,2015,3464,2461,5925
324,2016,3590,2461,6051
324,2017,3590,2461,6051
324,2018,3590,2461,6051
324,2019,3590,2461,6051
325,1998,735,5180,5915
325,1999,735,3049,3784
325,2000,735,3049,3784
325,2001,735,3056,3791
326,2005,0,5889,5889
326,2006,0,5889,5889
326,2007,0,5889,5889
326,2008,0,5889,5889
326,2009,0,5889,5889
326,2010,0,5889,5889
326,2011,0,5889,5889
326,2012,0,5889,5889
326,2013,0,5889,5889
326,2014,0,5889,5889
326,2015,0,5889,5889
326,2016,0,5889,5889
326,2017,0,5889,5889
326,2018,0,5889,5889
326,2019,0,5889,5889
327,1998,1825,4063,5888
327,1999,1825,4063,5888
327,2000,1825,4063,5888
328,2015,5874,0,5874
329,2017,5765,0,5765
329,2018,5765,0,5765
329,2019,5765,0,5765
330,2013,5732,0,5732
331,2001,5009,718,5727
332,2010,0,5687,5687
332,2011,0,5687,5687
333,2013,0,5682,5682
333,2014,0,5682,5682
334,2002,5660,0,5660
335,2010,5650,0,5650
335,2011,5650,0,5650
335,2012,5650,0,5650
335,2013,5650,0,5650
335,2014,5650,0,5650
335,2015,5650,0,5650
335,2016,5650,0,5650
335,2017,5650,0,5650
335,2018,5650,0,5650
335,2019,5650,0,5650
336,1998,1355,0,1355
336,1999,1418,0,1418
336,2000,1418,2163,3581
336,2001,1418,2163,3581
336,2002,1450,2163,3613
336,2003,1616,2163,3779
336,2004,1616,2163,3779
336,2005,1616,2180,3796
336,2006,1613,2180,3793
336,2007,2978,2471,5449
336,2008,2978,2471,5449
336,2009,3064,2446,5510
336,2010,3064,2446,5510
336,2011,3064,2446,5510
336,2012,3153,2495,5648
336,2013,3153,2495,5648
337,2011,2775,2688,5463
337,2012,2876,2668,5544
338,2004,5524,0,5524
338,2005,5524,0,5524
338,2006,5524,0,5524
338,2007,5524,0,5524
339,2004,0,5519,5519
340,2014,5496,0,5496
340,2015,5498,0,5498
340,2016,5498,0,5498
340,2017,5498,0,5498
340,2018,5496,0,5496
341,1998,2262,3094,5356
341,1999,2258,3094,5352
341,2000,2258,3145,5403
342,2013,5397,0,5397
342,2014,5402,0,5402
343,2015,0,5309,5309
343,2016,0,5309,5309
343,2017,0,5309,5309
343,2018,0,5309,5309
343,2019,0,5309,5309
344,2005,4049,647,4696
344,2006,4049,647,4696
344,2007,4049,673,4722
344,2008,4049,673,4722
344,2009,4049,673,4722
344,2010,4344,673,5017
344,2011,4344,673,5017
344,2012,4344,673,5017
344,2013,4344,673,5017
344,2014,4344,946,5290
344,2015,4339,496,4835
344,2016,4339,496,4835
345,2007,0,5277,5277
345,2008,0,5277,5277
345,2009,0,4847,4847
345,2010,0,4847,4847
345,2011,0,4847,4847
345,2012,0,4875,4875
345,2013,0,4962,4962
345,2014,0,4962,4962
345,2015,0,4962,4962
345,2016,0,4962,4962
345,2017,0,4962,4962
345,2018,0,4962,4962
345,2019,0,4962,4962
346,2006,4421,74,4495
346,2007,4421,74,4495
346,2008,4421,74,4495
346,2009,4509,74,4583
346,2010,4519,234,4753
346,2011,4529,234,4763
346,2012,4624,195,4819
346,2013,4673,575,5248
346,2014,4673,575,5248
346,2015,4642,377,5019
346,2016,4644,377,5021
346,2017,4644,377,5021
346,2018,4645,377,5022
346,2019,4645,377,5022
347,2008,0,5190,5190
348,2002,0,5188,5188
348,2003,0,5188,5188
348,2004,0,5188,5188
348,2005,0,5188,5188
348,2006,0,5188,5188
348,2007,0,5188,5188
348,2008,0,5188,5188
348,2009,0,5188,5188
348,2010,0,5188,5188
348,2011,0,5188,5188
348,2012,0,5188,5188
348,2013,0,5188,5188
348,2014,0,5188,5188
348,2015,0,5188,5188
348,2016,0,5188,5188
348,2017,0,5188,5188
348,2018,0,5188,5188
348,2019,0,5188,5188
349,2013,0,5173,5173
349,2014,0,5173,5173
350,1998,3640,599,4239
350,1999,3640,599,4239
350,2000,3640,599,4239
350,2001,4781,0,4781
350,2002,4802,0,4802
350,2003,4802,0,4802
350,2004,5160,0,5160
350,2005,5030,0,5030
350,2006,5108,0,5108
350,2007,3485,0,3485
350,2008,3485,0,3485
351,2005,0,5102,5102
351,2006,0,5102,5102
351,2007,0,5102,5102
351,2008,0,5102,5102
351,2009,0,5102,5102
351,2010,0,5102,5102
351,2011,0,5102,5102
351,2012,0,5102,5102
351,2013,0,5102,5102
351,2014,0,5102,5102
351,2015,0,5102,5102
351,2016,0,5102,5102
351,2017,0,5102,5102
352,2010,0,5051,5051
353,2010,5046,0,5046
354,2013,2887,2036,4923
354,2014,2887,2036,4923
354,2015,2887,2036,4923
354,2016,2887,2036,4923
354,2017,2889,2036,4925
354,2018,2889,2036,4925
354,2019,2960,2036,4996
355,2006,4991,0,4991
356,2001,4978,0,4978
356,2002,4976,0,4976
357,2009,3756,724,4480
357,2010,3782,724,4506
357,2011,3782,724,4506
357,2012,3801,724,4525
357,2013,3801,724,4525
357,2014,3801,724,4525
357,2015,3801,724,4525
357,2016,3801,724,4525
357,2017,4239,724,4963
357,2018,4239,724,4963
358,1998,4718,163,4881
358,1999,4773,163,4936
358,2000,4773,163,4936
359,2012,3458,1130,4588
359,2013,3504,1142,4646
359,2014,3504,1142,4646
359,2015,3522,1142,4664
359,2016,3577,1197,4774
359,2017,3577,1197,4774
359,2018,3577,1197,4774
359,2019,3628,1291,4919
360,2009,0,4809,4809
360,2010,0,4836,4836
360,2011,0,4836,4836
360,2012,0,4836,4836
360,2013,0,4836,4836
360,2014,0,4836,4836
360,2015,0,4836,4836
360,2016,0,4904,4904
360,2017,0,4904,4904
360,2018,0,4904,4904
360,2019,0,4904,4904
361,2009,4369,517,4886
361,2010,4369,517,4886
361,2011,4369,517,4886
361,2012,4369,517,4886
361,2013,4369,517,4886
361,2014,4369,517,4886
361,2015,4369,517,4886
361,2016,4369,517,4886
361,2017,4369,517,4886
361,2018,4369,517,4886
361,2019,4369,517,4886
362,2017,1210,0,1210
362,2018,1210,0,1210
362,2019,4871,0,4871
363,2017,4855,0,4855
363,2018,4855,0,4855
363,2019,4855,0,4855
364,2015,4855,0,4855
365,2011,4855,0,4855
365,2012,4855,0,4855
365,2013,4855,0,4855
366,2005,4855,0,4855
366,2006,4855,0,4855
367,2002,4855,0,4855
367,2003,4855,0,4855
368,1998,4855,0,4855
368,1999,4855,0,4855
368,2000,4855,0,4855
369,2008,3343,1492,4835
370,2006,3343,1492,4835
371,2000,4816,0,4816
371,2001,4820,0,4820
372,2015,4816,0,4816
372,2016,4782,0,4782
372,2017,4782,0,4782
372,2018,4782,0,4782
372,2019,4782,0,4782
373,2014,0,4091,4091
373,2015,0,4091,4091
373,2016,0,4795,4795
373,2017,0,4774,4774
373,2018,0,4805,4805
373,2019,0,4802,4802
374,2010,4257,0,4257
374,2011,4306,0,4306
374,2012,4712,0,4712
374,2013,4778,0,4778
375,2005,0,4761,4761
375,2006,0,4761,4761
375,2007,0,4761,4761
375,2008,0,4761,4761
375,2009,0,4761,4761
375,2010,0,4761,4761
376,2017,4687,0,4687
376,2018,4687,0,4687
376,2019,4687,0,4687
377,2018,0,4671,4671
377,2019,0,4671,4671
378,2017,1842,2738,4580
378,2018,1842,2822,4664
378,2019,1842,2823,4665
379,2009,2173,2459,4632
379,2010,2173,2459,4632
379,2011,2173,2459,4632
379,2012,2173,2459,4632
379,2013,2173,2459,4632
379,2014,2173,2459,4632
379,2015,2171,2459,4630
379,2016,2171,2459,4630
379,2017,2171,2459,4630
379,2018,2171,2459,4630
379,2019,2171,2459,4630
380,2004,2173,2459,4632
380,2005,2173,2459,4632
381,1998,0,4544,4544
381,1999,0,4544,4544
382,2009,0,4533,4533
383,2002,0,4462,4462
383,2003,0,4462,4462
383,2004,0,4462,4462
383,2005,0,4462,4462
383,2006,0,4462,4462
383,2007,0,4462,4462
383,2008,0,4462,4462
383,2009,0,4462,4462
383,2010,0,4462,4462
383,2011,0,4462,4462
383,2012,0,4462,4462
383,2013,0,4462,4462
383,2014,0,4462,4462
383,2015,0,4462,4462
383,2016,0,4462,4462
383,2017,0,4462,4462
383,2018,0,4462,4462
383,2019,0,4462,4462
384,2015,1599,2844,4443
384,2016,1599,2844,4443
384,2017,1599,2844,4443
384,2018,1599,2844,4443
384,2019,1599,2844,4443
385,2004,1594,2844,4438
385,2005,1594,2844,4438
385,2006,1594,2844,4438
385,2007,1594,2844,4438
385,2008,1594,2844,4438
386,1998,4426,0,4426
386,1999,4426,0,4426
386,2000,4426,0,4426
386,2001,4426,0,4426
386,2002,4426,0,4426
386,2003,4426,0,4426
386,2004,4426,0,4426
386,2005,4426,0,4426
387,2002,4426,0,4426
387,2003,4308,0,4308
387,2004,4308,0,4308
388,1999,4419,0,4419
388,2000,4425,0,4425
389,1998,0,4404,4404
389,1999,0,4404,4404
389,2000,0,4404,4404
389,2001,0,4404,4404
389,2002,0,4404,4404
389,2003,0,4404,4404
389,2004,0,4404,4404
389,2005,0,4404,4404
390,2015,4387,0,4387
390,2016,4398,0,4398
390,2017,4398,0,4398
390,2018,4398,0,4398
390,2019,4398,0,4398
391,2018,3974,397,4371
392,1998,0,4357,4357
392,1999,0,4357,4357
392,2000,0,4357,4357
392,2001,0,4357,4357
392,2002,0,4357,4357
392,2003,0,4357,4357
392,2004,0,4357,4357
392,2005,0,4357,4357
393,2006,4305,0,4305
393,2007,4298,0,4298
394,1998,0,3270,3270
394,1999,0,3270,3270
394,2000,0,3678,3678
394,2001,0,3678,3678
394,2002,0,3678,3678
394,2003,0,4087,4087
394,2004,0,3784,3784
394,2005,0,4281,4281
395,2018,4253,0,4253
395,2019,4068,0,4068
396,2017,3545,0,3545
396,2018,3543,0,3543
396,2019,3543,682,4225
397,2004,0,4216,4216
397,2005,0,4151,4151
398,1998,2970,0,2970
398,1999,2970,0,2970
398,2000,2970,0,2970
398,2001,2972,0,2972
398,2002,2972,0,2972
398,2003,2973,0,2973
398,2004,2973,0,2973
398,2005,2945,0,2945
398,2006,2944,0,2944
398,2007,2978,0,2978
398,2008,2978,0,2978
398,2009,2978,0,2978
398,2010,2978,0,2978
398,2011,2979,0,2979
398,2012,2979,0,2979
398,2013,2979,0,2979
398,2014,2979,0,2979
398,2015,4205,0,4205
399,1998,0,4205,4205
399,1999,0,4205,4205
399,2000,0,4205,4205
400,2001,0,4197,4197
400,2002,0,4197,4197
400,2003,0,4197,4197
400,2004,0,4197,4197
401,1998,1960,1264,3224
401,1999,1962,1264,3226
401,2000,2398,1287,3685
401,2001,2393,1706,4099
401,2002,2391,1790,4181
401,2003,2391,1790,4181
402,2002,0,4168,4168
402,2003,0,4168,4168
402,2004,0,4168,4168
402,2005,0,4168,4168
402,2006,0,4168,4168
402,2007,0,4168,4168
402,2008,0,4168,4168
402,2009,0,4168,4168
402,2010,0,4168,4168
402,2011,0,4168,4168
402,2012,0,4168,4168
402,2013,0,4168,4168
402,2014,0,4168,4168
402,2015,0,4168,4168
402,2016,0,4168,4168
402,2017,0,4168,4168
402,2018,0,4168,4168
402,2019,0,4168,4168
403,2009,1792,1049,2841
403,2010,1792,1049,2841
403,2011,1792,1049,2841
403,2012,1788,1049,2837
403,2013,1791,1049,2840
403,2014,1791,1161,2952
403,2015,1791,1047,2838
403,2016,1791,1056,2847
403,2017,1837,1064,2901
403,2018,2257,1896,4153
403,2019,2257,1896,4153
404,2007,0,4153,4153
404,2008,0,4153,4153
404,2009,0,4153,4153
404,2010,0,4124,4124
405,1998,0,3667,3667
405,1999,0,3667,3667
405,2000,0,3721,3721
405,2001,0,3783,3783
405,2002,0,4041,4041
405,2003,0,4041,4041
405,2004,0,4109,4109
405,2005,0,4109,4109
405,2006,0,4109,4109
405,2007,0,4109,4109
405,2008,0,4109,4109
405,2009,0,4145,4145
405,2010,0,4145,4145
406,2008,4135,0,4135
406,2009,3855,0,3855
406,2010,3855,0,3855
406,2011,3855,0,3855
406,2012,3855,0,3855
406,2013,3855,0,3855
406,2014,3855,0,3855
406,2015,3855,0,3855
406,2016,3855,0,3855
406,2017,3855,0,3855
406,2018,3855,0,3855
406,2019,3855,0,3855
407,2011,4127,0,4127
408,2009,0,4126,4126
409,2000,3264,857,4121
410,1999,933,3166,4099
410,2000,933,3166,4099
411,2002,0,4096,4096
411,2003,0,4096,4096
411,2004,0,4096,4096
411,2005,0,4096,4096
411,2006,0,4096,4096
411,2007,0,4096,4096
411,2008,0,4096,4096
411,2009,0,4096,4096
411,2010,0,4096,4096
411,2011,0,4096,4096
411,2012,0,4096,4096
411,2013,0,4096,4096
411,2014,0,4096,4096
411,2015,0,4096,4096
411,2016,0,4096,4096
411,2017,0,4096,4096
411,2018,0,4096,4096
411,2019,0,4096,4096
412,2012,0,4085,4085
413,1998,4078,0,4078
413,1999,4078,0,4078
413,2000,4078,0,4078
413,2001,4078,0,4078
413,2002,4077,0,4077
414,2014,4056,0,4056
415,1998,797,3236,4033
416,2005,3792,0,3792
416,2006,3792,0,3792
416,2007,4032,0,4032
416,2008,4032,0,4032
417,2008,2927,253,3180
417,2009,2927,253,3180
417,2010,2931,253,3184
417,2011,2931,253,3184
417,2012,3647,300,3947
417,2013,3655,311,3966
417,2014,3655,311,3966
417,2015,3655,311,3966
417,2016,3655,311,3966
417,2017,3655,311,3966
417,2018,3655,311,3966
417,2019,3718,311,4029
418,1998,0,4017,4017
419,1998,3562,431,3993
419,1999,3562,431,3993
419,2000,3562,431,3993
419,2001,3581,431,4012
419,2002,3579,431,4010
419,2003,2976,207,3183
419,2004,2976,207,3183
419,2005,2953,207,3160
419,2006,2986,207,3193
419,2007,2986,207,3193
419,2008,2986,207,3193
420,1998,3961,0,3961
420,1999,3961,0,3961
420,2000,3961,0,3961
420,2001,3904,0,3904
420,2002,3961,0,3961
420,2003,3966,0,3966
420,2004,3966,0,3966
421,2006,3950,0,3950
422,2004,2895,1020,3915
423,1998,3893,0,3893
423,1999,3816,0,3816
424,1998,1764,2103,3867
424,1999,1764,2103,3867
424,2000,1764,2103,3867
424,2001,1764,2103,3867
424,2002,1764,634,2398
424,2003,1764,634,2398
424,2004,1764,634,2398
424,2005,1764,634,2398
424,2006,1358,634,1992
424,2007,1358,634,1992
424,2008,1358,634,1992
424,2009,1358,634,1992
424,2010,1358,634,1992
424,2011,1358,634,1992
424,2012,1358,634,1992
424,2013,1358,634,1992
424,2014,1358,634,1992
424,2015,1358,634,1992
424,2016,1358,634,1992
424,2017,1358,634,1992
424,2018,1358,634,1992
425,2005,0,3861,3861
425,2006,0,3861,3861
425,2007,0,3861,3861
425,2008,0,3861,3861
425,2009,0,3861,3861
425,2010,0,3861,3861
425,2011,0,3861,3861
425,2012,0,3861,3861
425,2013,0,3861,3861
425,2014,0,3861,3861
425,2015,0,3861,3861
425,2016,0,3861,3861
425,2017,0,3861,3861
425,2018,0,3861,3861
425,2019,0,3861,3861
426,2011,3855,0,3855
426,2012,3855,0,3855
426,2013,3855,0,3855
426,2014,3855,0,3855
427,2003,735,3056,3791
427,2004,735,3056,3791
427,2005,735,3056,3791
428,2001,3181,0,3181
428,2002,3181,0,3181
428,2003,3181,0,3181
428,2004,3548,0,3548
428,2005,3548,0,3548
428,2006,3548,0,3548
428,2007,3548,0,3548
428,2008,3548,0,3548
428,2009,3557,0,3557
428,2010,3557,0,3557
428,2011,3557,0,3557
428,2012,3555,0,3555
428,2013,3530,0,3530
428,2014,3530,0,3530
428,2015,3749,0,3749
428,2016,3749,0,3749
428,2017,3749,0,3749
428,2018,3749,0,3749
428,2019,3749,0,3749
429,2004,2640,1107,3747
430,1998,1433,2308,3741
430,1999,1433,2308,3741
430,2000,1433,2308,3741
430,2001,1438,2308,3746
430,2002,1438,2308,3746
430,2003,1438,2308,3746
430,2004,1438,2308,3746
430,2005,1438,2308,3746
430,2006,1438,0,1438
430,2007,1438,0,1438
430,2008,1438,0,1438
430,2009,1438,0,1438
430,2010,1438,0,1438
431,2017,0,3737,3737
431,2018,0,3737,3737
431,2019,0,3737,3737
432,2014,0,3723,3723
433,2017,3712,0,3712
434,2005,2795,905,3700
434,2006,2795,905,3700
434,2007,2795,905,3700
434,2008,2795,905,3700
434,2009,2795,905,3700
434,2010,2795,905,3700
434,2011,2795,905,3700
435,2018,2409,1253,3662
435,2019,2037,1253,3290
436,1998,1131,0,1131
436,1999,1131,0,1131
436,2000,1131,0,1131
436,2001,1131,0,1131
436,2002,1130,0,1130
436,2003,1130,0,1130
436,2004,1130,0,1130
436,2005,1130,0,1130
436,2006,1130,0,1130
436,2007,1130,0,1130
436,2008,1130,0,1130
436,2009,1130,0,1130
436,2010,1130,0,1130
436,2011,1590,0,1590
436,2012,1590,0,1590
436,2013,1590,0,1590
436,2014,1590,2018,3608
436,2015,1590,2018,3608
436,2016,1590,2018,3608
436,2017,1590,2018,3608
436,2018,1590,2009,3599
436,2019,1590,2009,3599
437,1998,1653,0,1653
437,1999,1653,0,1653
437,2000,1653,0,1653
437,2001,1656,0,1656
437,2002,1656,0,1656
437,2003,1656,0,1656
437,2004,3542,0,3542
437,2005,3542,0,3542
437,2006,3542,0,3542
437,2007,3542,0,3542
437,2008,3542,0,3542
437,2009,3542,0,3542
437,2010,3542,0,3542
437,2011,3542,0,3542
437,2012,3542,0,3542
437,2013,3542,0,3542
437,2014,3542,0,3542
437,2015,3542,0,3542
437,2016,3542,0,3542
437,2017,3542,0,3542
437,2018,3542,0,3542
437,2019,3542,0,3542
438,2003,1647,910,2557
438,2004,1647,910,2557
438,2005,1299,910,2209
438,2006,1299,910,2209
438,2007,1299,910,2209
438,2008,1649,1065,2714
438,2009,1649,1065,2714
438,2010,1649,1065,2714
438,2011,1649,1065,2714
438,2012,1649,1065,2714
438,2013,1654,1036,2690
438,2014,1654,1036,2690
438,2015,1642,1036,2678
438,2016,1642,1036,2678
438,2017,1642,1900,3542
438,2018,1642,1038,2680
439,2011,3522,0,3522
440,2004,0,3105,3105
440,2005,390,3105,3495
440,2006,0,3105,3105
440,2007,0,3105,3105
440,2008,0,3168,3168
440,2009,0,3168,3168
441,2005,3445,0,3445
441,2006,3445,0,3445
442,2019,3399,0,3399
443,2002,1639,1171,2810
443,2003,1648,1186,2834
443,2004,1648,1186,2834
443,2005,1648,1690,3338
443,2006,1639,1675,3314
443,2007,1639,1675,3314
443,2008,1658,1675,3333
443,2009,1658,1699,3357
443,2010,1658,1699,3357
443,2011,1658,1699,3357
443,2012,1658,1699,3357
443,2013,1664,1715,3379
443,2014,1664,1715,3379
443,2015,1664,1715,3379
443,2016,1664,1715,3379
443,2017,1666,1722,3388
443,2018,1666,1722,3388
443,2019,1666,1722,3388
444,2002,0,3385,3385
444,2003,0,3385,3385
444,2004,0,3385,3385
444,2005,0,3385,3385
444,2006,0,3385,3385
444,2007,0,3385,3385
444,2008,0,3385,3385
444,2009,0,3385,3385
444,2010,0,3385,3385
444,2011,0,3385,3385
444,2012,0,3385,3385
444,2013,0,3385,3385
444,2014,0,3385,3385
444,2015,0,3385,3385
444,2016,0,3385,3385
444,2017,0,3385,3385
444,2018,0,3385,3385
444,2019,0,3385,3385
445,2005,0,3382,3382
445,2006,0,3382,3382
445,2007,0,3382,3382
445,2008,0,3382,3382
446,1998,3380,0,3380
446,1999,3380,0,3380
446,2000,3380,0,3380
446,2001,3380,0,3380
447,2013,0,3310,3310
447,2014,0,3310,3310
447,2015,0,3310,3310
447,2016,0,3310,3310
447,2017,0,3372,3372
447,2018,0,3372,3372
447,2019,0,3372,3372
448,2019,3361,0,3361
449,1998,0,1959,1959
449,1999,0,2060,2060
449,2000,0,2060,2060
449,2001,0,2458,2458
449,2002,0,2458,2458
449,2003,0,3359,3359
450,2013,2079,1253,3332
450,2014,2079,1253,3332
451,1998,1974,1367,3341
451,1999,1974,1367,3341
451,2000,1974,1358,3332
451,2001,1974,1358,3332
451,2002,1974,1350,3324
451,2003,1974,1350,3324
451,2004,1976,1350,3326
452,2014,0,3268,3268
452,2015,0,3268,3268
452,2016,0,3268,3268
452,2017,0,3310,3310
452,2018,0,3310,3310
452,2019,0,3310,3310
453,2005,0,3302,3302
453,2006,0,3302,3302
454,1998,3300,0,3300
455,2006,2604,688,3292
456,1998,186,2973,3159
456,1999,186,3031,3217
456,2000,186,3102,3288
457,2002,0,3283,3283
457,2003,0,3283,3283
457,2004,0,3283,3283
457,2005,0,3283,3283
457,2006,0,3283,3283
457,2007,0,3283,3283
457,2008,0,3283,3283
457,2009,0,3283,3283
457,2010,0,3283,3283
457,2011,0,3283,3283
457,2012,0,3283,3283
457,2013,0,3283,3283
457,2014,0,3283,3283
457,2015,0,3283,3283
457,2016,0,3283,3283
457,2017,0,3283,3283
457,2018,0,3283,3283
457,2019,0,3283,3283
458,2013,0,3278,3278
459,2001,3268,0,3268
460,2005,0,3267,3267
460,2006,0,3267,3267
460,2007,0,3267,3267
460,2008,0,3267,3267
461,2002,0,3264,3264
461,2003,0,3264,3264
461,2004,0,3264,3264
461,2005,0,3264,3264
461,2006,0,3264,3264
461,2007,0,3264,3264
461,2008,0,3264,3264
461,2009,0,3264,3264
461,2010,0,3264,3264
461,2011,0,3264,3264
461,2012,0,3264,3264
461,2013,0,3264,3264
461,2014,0,3264,3264
461,2015,0,3264,3264
461,2016,0,3264,3264
461,2017,0,3264,3264
461,2018,0,3264,3264
461,2019,0,3264,3264
462,2013,0,3254,3254
462,2014,0,3254,3254
462,2015,0,3254,3254
462,2016,0,3254,3254
462,2017,0,3254,3254
463,2002,3251,0,3251
463,2003,3252,0,3252
463,2004,3252,0,3252
463,2005,3220,0,3220
463,2006,3220,0,3220
463,2007,3107,0,3107
463,2008,3107,0,3107
463,2009,3107,0,3107
463,2010,3107,0,3107
463,2011,3107,0,3107
463,2012,3107,0,3107
463,2013,3107,0,3107
463,2014,3107,0,3107
463,2015,3107,0,3107
463,2016,3107,0,3107
463,2017,3107,0,3107
463,2018,3154,0,3154
463,2019,3154,0,3154
464,2007,3158,0,3158
464,2008,3158,0,3158
464,2009,3198,0,3198
464,2010,3198,0,3198
464,2011,3198,0,3198
464,2012,3237,0,3237
464,2013,3237,0,3237
464,2014,3237,0,3237
464,2015,3238,0,3238
464,2016,3093,0,3093
464,2017,3093,0,3093
464,2018,3106,0,3106
464,2019,3106,0,3106
465,2000,1858,1376,3234
465,2001,1858,0,1858
465,2002,1982,0,1982
466,2013,0,3233,3233
466,2014,0,3233,3233
467,1998,0,3214,3214
467,1999,0,3214,3214
467,2000,0,3214,3214
467,2001,0,3214,3214
467,2002,0,3214,3214
467,2003,0,3214,3214
467,2004,0,3214,3214
467,2005,0,3214,3214
468,2004,2878,0,2878
468,2005,2878,0,2878
468,2006,2878,0,2878
468,2007,2878,0,2878
468,2008,2878,0,2878
468,2009,2878,0,2878
468,2010,2878,0,2878
468,2011,2878,0,2878
468,2012,2878,0,2878
468,2013,2878,0,2878
468,2014,2878,0,2878
468,2015,2878,0,2878
468,2016,3209,0,3209
468,2017,3209,0,3209
468,2018,2878,0,2878
468,2019,2940,0,2940
469,2000,2878,0,2878
469,2001,3209,0,3209
470,2005,0,3202,3202
470,2006,0,3202,3202
471,2018,2986,207,3193
471,2019,2986,207,3193
472,2002,3182,0,3182
472,2003,3183,0,3183
472,2004,3181,0,3181
472,2005,3158,0,3158
473,1998,3179,0,3179
474,2013,3131,0,3131
474,2014,3131,0,3131
474,2015,3177,0,3177
474,2016,3177,0,3177
474,2017,3177,0,3177
475,1998,3174,0,3174
475,1999,3174,0,3174
475,2000,3174,0,3174
476,2019,3171,0,3171
477,2013,3143,0,3143
477,2014,3143,0,3143
477,2015,3144,0,3144
477,2016,3122,0,3122
477,2017,3122,0,3122
477,2018,3122,0,3122
477,2019,3122,0,3122
478,1999,2646,486,3132
478,2000,2646,486,3132
478,2001,0,479,479
479,2010,3120,0,3120
479,2011,3120,0,3120
479,2012,3120,0,3120
479,2013,3120,0,3120
479,2014,3120,0,3120
479,2015,3120,0,3120
479,2016,3120,0,3120
479,2017,3120,0,3120
479,2018,3120,0,3120
479,2019,3120,0,3120
480,2019,3115,0,3115
481,2000,0,2706,2706
481,2001,0,2706,2706
481,2002,0,2733,2733
481,2003,0,2754,2754
481,2004,0,2754,2754
481,2005,0,2754,2754
481,2006,0,2754,2754
481,2007,0,2764,2764
481,2008,0,2764,2764
481,2009,0,2764,2764
481,2010,0,3113,3113
481,2011,0,3113,3113
482,2005,0,3110,3110
482,2006,0,3110,3110
482,2007,0,3110,3110
482,2008,0,3110,3110
483,1998,3065,0,3065
483,1999,3106,0,3106
483,2000,3106,0,3106
483,2001,3106,0,3106
483,2002,3106,0,3106
483,2003,3106,0,3106
483,2004,3106,0,3106
483,2005,3106,0,3106
483,2006,3106,0,3106
483,2007,3106,0,3106
483,2008,3106,0,3106
484,1998,2584,511,3095
484,1999,2584,511,3095
484,2000,2584,511,3095
484,2001,2584,511,3095
485,2018,0,3051,3051
485,2019,0,3051,3051
486,2007,1379,0,1379
486,2008,1379,0,1379
486,2009,1707,0,1707
486,2010,1379,0,1379
486,2011,1379,0,1379
486,2012,1446,0,1446
486,2013,1711,0,1711
486,2014,1449,0,1449
486,2015,1449,0,1449
486,2016,1449,0,1449
486,2017,3049,0,3049
486,2018,1463,0,1463
486,2019,1729,0,1729
487,2005,0,3032,3032
487,2006,0,3032,3032
487,2007,0,3032,3032
487,2008,0,3032,3032
487,2009,0,3032,3032
487,2010,0,3032,3032
487,2011,0,3032,3032
487,2012,0,3032,3032
487,2013,0,3032,3032
487,2014,0,3032,3032
487,2015,0,3032,3032
488,2012,0,3023,3023
488,2013,0,3023,3023
488,2014,0,3023,3023
488,2015,0,3023,3023
488,2016,0,3023,3023
488,2017,0,3023,3023
488,2018,0,3023,3023
488,2019,0,3023,3023
489,2006,0,2888,2888
489,2007,0,2888,2888
489,2008,0,2888,2888
489,2009,0,3023,3023
489,2010,0,3023,3023
490,2018,0,3014,3014
491,2007,735,2271,3006
491,2008,735,2271,3006
491,2009,735,2271,3006
491,2010,735,1999,2734
491,2011,735,1999,2734
491,2012,735,1999,2734
491,2013,735,1999,2734
491,2014,735,1999,2734
491,2015,735,1999,2734
491,2016,735,1999,2734
491,2017,735,1999,2734
491,2018,735,1999,2734
491,2019,735,1999,2734
492,2011,2537,469,3006
492,2012,2537,469,3006
492,2013,2537,469,3006
493,2008,2537,469,3006
494,2002,0,2992,2992
494,2003,0,2992,2992
494,2004,0,2992,2992
494,2005,0,2992,2992
494,2006,0,2992,2992
494,2007,0,2992,2992
494,2008,0,2992,2992
494,2009,0,2992,2992
494,2010,0,2992,2992
494,2011,0,2992,2992
494,2012,0,2992,2992
494,2013,0,2992,2992
494,2014,0,2992,2992
494,2015,0,2992,2992
494,2016,0,2992,2992
494,2017,0,2992,2992
494,2018,0,2992,2992
494,2019,0,2992,2992
495,2005,0,2988,2988
495,2006,0,2988,2988
496,2005,0,2963,2963
496,2006,0,2963,2963
496,2007,0,2963,2963
496,2008,0,2963,2963
496,2009,0,2963,2963
496,2010,0,2963,2963
496,2011,0,2963,2963
496,2012,0,2963,2963
496,2013,0,2963,2963
496,2014,0,2963,2963
496,2015,0,2963,2963
496,2016,0,2963,2963
496,2017,0,2963,2963
496,2018,0,2963,2963
496,2019,0,2963,2963
497,2006,0,2947,2947
498,2005,0,2945,2945
498,2006,0,2945,2945
498,2007,0,2945,2945
498,2008,0,2945,2945
498,2009,0,2945,2945
498,2010,0,2945,2945
498,2011,0,2945,2945
498,2012,0,2945,2945
498,2013,0,2945,2945
498,2014,0,2945,2945
499,2005,0,2930,2930
499,2006,0,2930,2930
499,2007,0,2930,2930
499,2008,0,2930,2930
500,2002,2886,0,2886
500,2003,2886,0,2886
500,2004,2886,0,2886
500,2005,2874,0,2874
500,2006,2918,0,2918
501,2001,0,2234,2234
501,2002,0,2157,2157
501,2003,0,2157,2157
501,2004,0,2905,2905
501,2005,0,2330,2330
501,2006,0,2349,2349
501,2007,0,2349,2349
501,2008,0,2393,2393
501,2009,0,2393,2393
501,2010,0,2393,2393
501,2011,0,2393,2393
502,1998,719,2043,2762
502,1999,719,2043,2762
502,2000,719,2169,2888
502,2001,719,2169,2888
502,2002,719,2169,2888
502,2003,719,2169,2888
502,2004,719,2169,2888
502,2005,719,2169,2888
502,2006,719,2169,2888
502,2007,719,2169,2888
503,2002,2883,0,2883
503,2003,2883,0,2883
504,1998,2878,0,2878
505,2009,1570,1298,2868
505,2010,1570,1298,2868
505,2011,1570,1298,2868
505,2012,1570,1298,2868
506,2010,0,2531,2531
506,2011,0,2489,2489
506,2012,0,2489,2489
506,2013,0,2866,2866
507,2009,1322,470,1792
507,2010,1322,470,1792
507,2011,1322,470,1792
507,2012,2174,617,2791
507,2013,2235,617,2852
508,2005,0,2842,2842
508,2006,0,2842,2842
508,2007,0,2842,2842
508,2008,0,2842,2842
508,2009,0,2842,2842
508,2010,0,2842,2842
508,2011,0,2842,2842
508,2012,0,2842,2842
508,2013,0,2842,2842
508,2014,0,2842,2842
508,2015,0,2842,2842
508,2016,0,2842,2842
508,2017,0,2842,2842
508,2018,0,2842,2842
508,2019,0,2842,2842
509,1998,0,2799,2799
509,1999,0,2799,2799
509,2000,0,2799,2799
509,2001,0,2799,2799
509,2002,0,2831,2831
509,2003,0,2831,2831
509,2004,0,2831,2831
509,2005,0,2831,2831
509,2006,0,2831,2831
509,2007,0,2831,2831
509,2008,0,2831,2831
509,2009,0,2831,2831
509,2010,0,2831,2831
509,2011,0,2831,2831
509,2012,0,2831,2831
509,2013,0,2831,2831
509,2014,0,2831,2831
509,2015,0,2833,2833
509,2016,0,2833,2833
509,2017,0,2833,2833
509,2018,0,2833,2833
509,2019,0,2833,2833
510,2005,0,2833,2833
510,2006,0,2833,2833
510,2007,0,2833,2833
510,2008,0,2833,2833
511,1998,1788,1045,2833
511,1999,1788,1045,2833
511,2000,1788,1045,2833
511,2001,1788,1045,2833
511,2002,1788,1045,2833
511,2003,1788,1045,2833
511,2004,1788,1045,2833
511,2005,1788,1045,2833
511,2006,1788,1045,2833
511,2007,1788,1045,2833
511,2008,1788,1045,2833
512,2007,0,2809,2809
513,2002,1375,1429,2804
513,2003,1375,1429,2804
513,2004,1375,1429,2804
514,2016,0,2802,2802
514,2017,0,2802,2802
514,2018,0,2802,2802
514,2019,0,2802,2802
515,2005,0,2798,2798
515,2006,0,2798,2798
515,2007,0,2798,2798
515,2008,0,2798,2798
515,2009,0,2798,2798
515,2010,0,2798,2798
515,2011,0,2798,2798
515,2012,0,2798,2798
515,2013,0,2798,2798
515,2014,0,2798,2798
515,2015,0,2798,2798
515,2016,0,2798,2798
515,2017,0,2798,2798
515,2018,0,2798,2798
515,2019,0,2798,2798
516,2005,0,2792,2792
516,2006,0,2792,2792
516,2007,0,2792,2792
516,2008,0,2792,2792
517,2004,2777,0,2777
518,1998,0,2772,2772
518,1999,0,2772,2772
518,2000,0,2772,2772
518,2001,0,2772,2772
518,2002,0,2772,2772
518,2003,0,2772,2772
518,2004,0,2772,2772
518,2005,0,2772,2772
518,2006,0,2772,2772
518,2007,0,2772,2772
518,2008,0,2772,2772
518,2009,0,2772,2772
518,2010,0,2772,2772
518,2011,0,2772,2772
518,2012,0,2772,2772
518,2013,0,2772,2772
518,2014,0,2772,2772
518,2015,0,2772,2772
518,2016,0,2772,2772
518,2017,0,2772,2772
518,2018,0,2772,2772
518,2019,0,2772,2772
519,2001,0,2765,2765
520,2005,0,2743,2743
520,2006,0,2743,2743
520,2007,0,2743,2743
520,2008,0,2743,2743
520,2009,0,2743,2743
521,1998,2142,593,2735
521,1999,2142,593,2735
521,2000,2142,593,2735
521,2001,2142,593,2735
521,2002,2149,593,2742
521,2003,2149,593,2742
522,1999,2522,0,2522
522,2000,2603,0,2603
522,2001,2635,0,2635
522,2002,2742,0,2742
523,2009,0,2732,2732
523,2010,0,2732,2732
523,2011,0,2732,2732
523,2012,0,2732,2732
523,2013,0,2732,2732
523,2014,0,2732,2732
523,2015,0,2732,2732
524,2005,0,2726,2726
524,2006,0,2726,2726
525,1998,0,1983,1983
525,1999,0,1983,1983
525,2000,0,2604,2604
525,2001,0,2604,2604
525,2002,0,2604,2604
525,2003,0,2708,2708
525,2004,0,2638,2638
525,2005,0,2638,2638
525,2006,0,2638,2638
525,2007,0,2638,2638
526,2005,0,2701,2701
526,2006,0,2701,2701
527,2019,0,2698,2698
528,2005,0,2694,2694
528,2006,0,2694,2694
528,2007,0,2694,2694
529,2005,0,2684,2684
529,2006,0,2684,2684
529,2007,0,2684,2684
529,2008,0,2684,2684
530,2013,0,2670,2670
530,2014,0,2670,2670
530,2015,0,2670,2670
530,2016,0,2670,2670
531,2016,0,2664,2664
531,2017,0,1364,1364
531,2018,0,1364,1364
531,2019,0,1364,1364
532,2012,2657,0,2657
532,2013,2657,0,2657
532,2014,2657,0,2657
532,2015,2657,0,2657
532,2016,2663,0,2663
533,1998,2625,0,2625
533,1999,2625,0,2625
533,2000,2625,0,2625
533,2001,2625,0,2625
533,2002,2631,0,2631
533,2003,2631,0,2631
533,2004,2631,0,2631
533,2005,2609,0,2609
533,2006,2609,0,2609
533,2007,2609,0,2609
533,2008,2609,0,2609
533,2009,2609,0,2609
533,2010,2657,0,2657
534,2008,234,2417,2651
534,2009,234,2417,2651
534,2010,234,2417,2651
534,2011,234,2417,2651
534,2012,234,2417,2651
534,2013,234,2417,2651
534,2014,234,2417,2651
534,2015,234,2417,2651
534,2016,234,2417,2651
534,2017,234,2417,2651
534,2018,234,2417,2651
534,2019,234,2417,2651
535,2017,690,1959,2649
535,2018,690,1959,2649
535,2019,690,1857,2547
536,1998,357,2285,2642
537,2005,0,2626,2626
537,2006,0,2626,2626
538,2015,2618,0,2618
539,2002,0,2611,2611
539,2003,0,2611,2611
539,2004,0,2611,2611
539,2005,0,2611,2611
539,2006,0,2611,2611
539,2007,0,2611,2611
539,2008,0,2611,2611
539,2009,0,2611,2611
539,2010,0,2611,2611
539,2011,0,2611,2611
539,2012,0,2611,2611
539,2013,0,2611,2611
539,2014,0,2611,2611
539,2015,0,2611,2611
539,2016,0,2611,2611
539,2017,0,2611,2611
539,2018,0,2611,2611
539,2019,0,2611,2611
540,2017,2607,0,2607
540,2018,2607,0,2607
540,2019,2607,0,2607
541,2004,1570,0,1570
541,2005,1570,1036,2606
542,2005,0,2598,2598
543,2005,0,2592,2592
543,2006,0,2592,2592
543,2007,0,2592,2592
543,2008,0,2592,2592
544,2003,2578,0,2578
544,2004,2578,0,2578
544,2005,2578,0,2578
545,1998,2578,0,2578
545,1999,2578,0,2578
545,2000,2578,0,2578
545,2001,2578,0,2578
546,2018,2572,0,2572
546,2019,2572,0,2572
547,1998,1867,447,2314
547,1999,1867,447,2314
547,2000,1867,447,2314
547,2001,1916,447,2363
547,2002,1915,625,2540
547,2003,1927,625,2552
547,2004,1927,625,2552
547,2005,1927,625,2552
547,2006,1915,625,2540
547,2007,1915,625,2540
548,2018,247,2303,2550
549,2013,0,2548,2548
549,2014,0,2548,2548
550,1998,1970,576,2546
551,2009,2544,0,2544
551,2010,2544,0,2544
551,2011,2544,0,2544
551,2012,2544,0,2544
551,2013,2544,0,2544
551,2014,2544,0,2544
551,2015,2544,0,2544
551,2016,2544,0,2544
551,2017,2544,0,2544
551,2018,2544,0,2544
551,2019,2544,0,2544
552,2013,588,1788,2376
552,2014,637,1788,2425
552,2015,752,1788,2540
553,1998,0,2535,2535
553,1999,0,2535,2535
553,2000,0,2535,2535
553,2001,0,2535,2535
553,2002,0,2535,2535
553,2003,0,2535,2535
553,2004,0,2535,2535
553,2005,0,2535,2535
553,2006,0,2535,2535
553,2007,0,2535,2535
553,2008,0,2535,2535
553,2009,0,2535,2535
553,2010,0,2535,2535
553,2011,0,2535,2535
553,2012,0,2535,2535
553,2013,0,2535,2535
553,2014,0,2535,2535
554,2005,0,2535,2535
554,2006,0,2535,2535
554,2007,0,2535,2535
554,2008,0,2535,2535
555,2008,0,2532,2532
556,1998,1436,1018,2454
556,1999,1436,1018,2454
556,2000,1436,1018,2454
556,2001,1512,1018,2530
556,2002,1512,1018,2530
556,2003,1512,1018,2530
556,2004,1512,1018,2530
556,2005,1512,1018,2530
556,2006,0,1018,1018
556,2007,0,1018,1018
557,1998,1069,1454,2523
557,1999,1069,1454,2523
557,2000,1069,1454,2523
557,2001,1069,1454,2523
557,2002,1069,1454,2523
557,2003,1069,1454,2523
557,2004,1069,1454,2523
557,2005,1069,1454,2523
557,2006,1069,1454,2523
558,1998,0,2487,2487
558,1999,0,2487,2487
558,2000,0,2341,2341
558,2001,0,2341,2341
558,2002,0,2340,2340
558,2003,0,2340,2340
559,1999,0,2478,2478
559,2000,0,2478,2478
559,2001,0,2478,2478
559,2002,0,2478,2478
560,2017,0,2473,2473
561,1998,0,2068,2068
561,1999,0,2068,2068
561,2000,0,2068,2068
561,2001,0,2068,2068
561,2002,0,2068,2068
561,2003,0,2068,2068
561,2004,0,2068,2068
561,2005,0,2068,2068
561,2006,0,2075,2075
561,2007,0,2075,2075
561,2008,0,2075,2075
561,2009,0,2075,2075
561,2010,0,2434,2434
561,2011,0,2434,2434
561,2012,0,2434,2434
561,2013,0,2434,2434
561,2014,0,2434,2434
562,2007,2056,372,2428
563,2007,2415,0,2415
563,2008,2415,0,2415
563,2009,2415,0,2415
563,2010,2415,0,2415
563,2011,2415,0,2415
563,2012,2415,0,2415
563,2013,2415,0,2415
563,2014,2415,0,2415
563,2015,2415,0,2415
563,2016,2415,0,2415
563,2017,2415,0,2415
563,2018,2415,0,2415
563,2019,2415,0,2415
564,2002,1415,985,2400
564,2003,1415,985,2400
564,2004,1415,985,2400
564,2005,1415,985,2400
564,2006,1415,985,2400
564,2007,1415,985,2400
564,2008,1415,993,2408
564,2009,1415,993,2408
564,2010,1415,993,2408
564,2011,1415,993,2408
564,2012,1415,993,2408
564,2013,1415,993,2408
564,2014,1415,993,2408
564,2015,1478,932,2410
564,2016,1478,932,2410
565,2003,533,1332,1865
565,2004,533,1332,1865
565,2005,533,1332,1865
565,2006,1047,1332,2379
565,2007,1047,1332,2379
565,2008,1047,1332,2379
565,2009,1047,1332,2379
565,2010,1047,1332,2379
565,2011,1076,1332,2408
565,2012,1076,1332,2408
565,2013,1076,1332,2408
565,2014,1076,1332,2408
565,2015,1076,1332,2408
565,2016,1076,1332,2408
565,2017,1076,1332,2408
565,2018,1076,1332,2408
565,2019,1076,1332,2408
566,2013,0,2393,2393
567,2005,0,2391,2391
567,2006,0,2391,2391
567,2007,0,2391,2391
567,2008,0,2391,2391
568,2005,0,2389,2389
568,2006,0,2389,2389
568,2007,0,2389,2389
568,2008,0,2389,2389
569,2013,2386,0,2386
569,2014,2386,0,2386
570,2013,0,1876,1876
570,2014,0,1876,1876
570,2015,0,1876,1876
570,2016,0,2377,2377
570,2017,0,2379,2379
570,2018,0,2379,2379
570,2019,0,2297,2297
571,2006,2377,0,2377
571,2007,2377,0,2377
572,2002,0,2374,2374
572,2003,0,2374,2374
572,2004,0,2374,2374
572,2005,0,2374,2374
572,2006,0,2374,2374
572,2007,0,2374,2374
572,2008,0,2374,2374
572,2009,0,2374,2374
572,2010,0,2374,2374
572,2011,0,2374,2374
572,2012,0,2374,2374
572,2013,0,2374,2374
572,2014,0,2374,2374
572,2015,0,2374,2374
572,2016,0,2374,2374
572,2017,0,2374,2374
572,2018,0,2374,2374
572,2019,0,2374,2374
573,2001,2353,0,2353
573,2002,2353,0,2353
573,2003,2353,0,2353
573,2004,2353,0,2353
573,2005,2353,0,2353
573,2006,2353,0,2353
574,2005,0,2348,2348
574,2006,0,2348,2348
574,2007,0,2348,2348
574,2008,0,2348,2348
575,2009,0,2340,2340
575,2010,0,2340,2340
575,2011,0,2340,2340
575,2012,0,2340,2340
575,2013,0,2340,2340
575,2014,0,2340,2340
575,2015,0,2340,2340
575,2016,0,2340,2340
575,2017,0,2340,2340
575,2018,0,2340,2340
575,2019,0,2340,2340
576,1998,0,2327,2327
576,1999,0,2327,2327
576,2000,0,2327,2327
576,2001,0,2327,2327
577,2006,0,2324,2324
577,2007,0,2324,2324
577,2008,0,2324,2324
578,1998,2320,0,2320
578,1999,2320,0,2320
579,1998,2316,0,2316
580,1998,1500,0,1500
580,1999,1500,0,1500
580,2000,1500,0,1500
580,2001,1507,0,1507
580,2002,1507,0,1507
580,2003,1507,0,1507
580,2004,1507,0,1507
580,2005,1507,0,1507
580,2006,1507,0,1507
580,2007,2315,0,2315
580,2008,808,0,808
580,2009,808,0,808
580,2010,808,0,808
580,2011,808,0,808
580,2012,808,0,808
580,2013,808,0,808
580,2014,808,0,808
580,2015,808,0,808
581,2000,2312,0,2312
581,2001,2312,0,2312
581,2002,2312,0,2312
581,2003,2312,0,2312
581,2004,2312,0,2312
582,2010,2309,0,2309
582,2011,2309,0,2309
582,2012,2309,0,2309
582,2013,2309,0,2309
582,2014,2309,0,2309
582,2015,2309,0,2309
582,2016,2309,0,2309
582,2017,2309,0,2309
582,2018,2309,0,2309
582,2019,2309,0,2309
583,1999,1280,809,2089
583,2000,1280,809,2089
583,2001,1284,809,2093
583,2002,1284,804,2088
583,2003,1286,804,2090
583,2004,1286,804,2090
583,2005,1286,804,2090
583,2006,1286,804,2090
583,2007,1505,804,2309
583,2008,1505,804,2309
583,2009,1505,804,2309
583,2010,1505,804,2309
584,2007,2309,0,2309
584,2008,2309,0,2309
585,2016,1619,687,2306
585,2017,1621,687,2308
585,2018,1621,687,2308
585,2019,1621,687,2308
586,1999,2304,0,2304
586,2000,2304,0,2304
586,2001,2304,0,2304
587,2017,2301,0,2301
587,2018,2301,0,2301
587,2019,2301,0,2301
588,1999,1390,908,2298
588,2000,1390,908,2298
588,2001,1390,908,2298
588,2002,1390,908,2298
588,2003,1390,908,2298
588,2004,1390,908,2298
588,2005,1390,908,2298
588,2006,1390,909,2299
588,2007,1390,909,2299
588,2008,1390,909,2299
589,2006,0,2296,2296
589,2007,0,2296,2296
589,2008,0,2296,2296
589,2009,0,2296,2296
589,2010,0,2296,2296
590,1998,0,2275,2275
590,1999,0,2275,2275
591,2002,2260,0,2260
592,2006,2074,0,2074
592,2007,2074,0,2074
592,2008,2074,0,2074
592,2009,2074,0,2074
592,2010,2074,0,2074
592,2011,2256,0,2256
592,2012,2256,0,2256
592,2013,2259,0,2259
592,2014,2259,0,2259
592,2015,2259,0,2259
593,2005,0,2255,2255
593,2006,0,2255,2255
593,2007,0,2255,2255
593,2008,0,2255,2255
593,2009,0,2255,2255
593,2010,0,2255,2255
593,2011,0,2255,2255
593,2012,0,2255,2255
593,2013,0,2255,2255
593,2014,0,2255,2255
593,2015,0,2255,2255
593,2016,0,2255,2255
593,2017,0,2255,2255
593,2018,0,2255,2255
593,2019,0,2255,2255
594,2004,0,2249,2249
594,2005,0,2249,2249
594,2006,0,2249,2249
594,2007,0,2249,2249
594,2008,0,2249,2249
594,2009,0,2249,2249
595,2013,0,2247,2247
595,2014,0,2247,2247
595,2015,0,2247,2247
595,2016,0,2247,2247
595,2017,0,672,672
596,2005,0,2245,2245
596,2006,0,2245,2245
596,2007,0,2245,2245
596,2008,0,2245,2245
597,2017,2242,0,2242
597,2018,2242,0,2242
597,2019,2242,0,2242
598,2013,2242,0,2242
598,2014,2242,0,2242
599,1998,0,2222,2222
600,2005,0,2212,2212
600,2006,0,2212,2212
600,2007,0,2212,2212
600,2008,0,2212,2212
600,2009,0,2212,2212
600,2010,0,2212,2212
600,2011,0,2212,2212
600,2012,0,2212,2212
601,2008,2187,0,2187
601,2009,2203,0,2203
601,2010,2203,0,2203
601,2011,2203,0,2203
601,2012,2203,0,2203
602,2012,0,2183,2183
603,2019,2181,0,2181
604,1998,0,2178,2178
604,1999,0,2178,2178
604,2000,0,2178,2178
605,2005,0,2177,2177
605,2006,0,2177,2177
605,2007,0,2177,2177
605,2008,0,2177,2177
605,2009,0,2177,2177
605,2010,0,2177,2177
605,2011,0,2177,2177
605,2012,0,2177,2177
606,2013,2173,0,2173
606,2014,2173,0,2173
606,2015,2173,0,2173
606,2016,2173,0,2173
606,2017,2173,0,2173
606,2018,2173,0,2173
606,2019,2173,0,2173
607,1998,1360,812,2172
607,1999,1360,812,2172
607,2000,1360,812,2172
607,2001,1360,812,2172
608,2005,989,1172,2161
608,2006,989,1172,2161
608,2007,993,576,1569
608,2008,1238,576,1814
608,2009,1238,576,1814
608,2010,1238,576,1814
608,2011,1156,576,1732
608,2012,1156,576,1732
608,2013,1156,576,1732
608,2014,1156,576,1732
608,2015,1156,576,1732
608,2016,1156,576,1732
608,2017,1156,576,1732
608,2018,1156,576,1732
608,2019,1156,576,1732
609,2011,2160,0,2160
609,2012,2160,0,2160
609,2013,2160,0,2160
610,2005,0,2160,2160
610,2006,0,2160,2160
610,2007,0,2160,2160
610,2008,0,2160,2160
611,2001,1660,498,2158
611,2002,1658,498,2156
611,2003,1660,498,2158
611,2004,1660,498,2158
611,2005,1660,498,2158
611,2006,1658,498,2156
612,1998,1654,498,2152
613,1998,2142,0,2142
613,1999,2142,0,2142
613,2000,2142,0,2142
613,2001,2142,0,2142
613,2002,2142,0,2142
613,2003,2142,0,2142
613,2004,2142,0,2142
613,2005,2142,0,2142
613,2006,2142,0,2142
613,2007,2142,0,2142
613,2008,2142,0,2142
613,2009,2142,0,2142
613,2010,2142,0,2142
613,2011,2142,0,2142
613,2012,2142,0,2142
613,2013,2142,0,2142
613,2014,2142,0,2142
613,2015,2142,0,2142
613,2016,2142,0,2142
613,2017,2142,0,2142
613,2018,2142,0,2142
613,2019,2142,0,2142
614,2003,2135,0,2135
614,2004,2135,0,2135
614,2005,2135,0,2135
614,2006,2131,0,2131
614,2007,2131,0,2131
614,2008,2131,0,2131
614,2009,2131,0,2131
614,2010,2131,0,2131
615,2002,0,2134,2134
615,2003,0,2134,2134
615,2004,0,2134,2134
615,2005,0,2134,2134
615,2006,0,2134,2134
615,2007,0,2134,2134
615,2008,0,2134,2134
615,2009,0,2134,2134
615,2010,0,2134,2134
615,2011,0,2134,2134
615,2012,0,2134,2134
615,2013,0,2134,2134
615,2014,0,2134,2134
615,2015,0,2134,2134
615,2016,0,2134,2134
615,2017,0,2134,2134
615,2018,0,2134,2134
615,2019,0,2134,2134
616,1998,2131,0,2131
616,1999,2131,0,2131
616,2000,2131,0,2131
616,2001,2131,0,2131
616,2002,2131,0,2131
617,2015,2044,0,2044
617,2016,2120,0,2120
618,2002,1742,348,2090
618,2003,1742,348,2090
618,2004,1742,348,2090
618,2005,1742,348,2090
618,2006,1769,348,2117
618,2007,1769,348,2117
618,2008,1769,348,2117
618,2009,1769,348,2117
618,2010,1769,348,2117
618,2011,1769,348,2117
618,2012,1769,348,2117
619,2004,0,2116,2116
619,2005,0,2116,2116
620,1998,0,2109,2109
620,1999,0,2109,2109
620,2000,0,2109,2109
620,2001,0,2109,2109
620,2002,0,2109,2109
620,2003,0,2109,2109
620,2004,0,2109,2109
620,2005,0,2109,2109
620,2006,0,2109,2109
620,2007,0,2109,2109
620,2008,0,2109,2109
620,2009,0,2109,2109
620,2010,0,2109,2109
620,2011,0,2109,2109
620,2012,0,2109,2109
620,2013,0,2109,2109
620,2014,0,2109,2109
620,2015,0,2109,2109
620,2016,0,2109,2109
620,2017,0,2109,2109
620,2018,0,2109,2109
620,2019,0,2109,2109
621,2001,0,2107,2107
621,2002,0,2107,2107
621,2003,0,2107,2107
621,2004,0,2107,2107
621,2005,0,2107,2107
622,1998,0,2107,2107
623,1998,1912,193,2105
624,2002,0,2104,2104
624,2003,0,2104,2104
624,2004,0,2104,2104
624,2005,0,2104,2104
624,2006,0,2104,2104
624,2007,0,2104,2104
624,2008,0,2104,2104
624,2009,0,2104,2104
624,2010,0,2104,2104
624,2011,0,2104,2104
624,2012,0,2104,2104
624,2013,0,2104,2104
624,2014,0,2104,2104
624,2015,0,2104,2104
624,2016,0,2104,2104
624,2017,0,2104,2104
624,2018,0,2104,2104
624,2019,0,2104,2104
625,1998,2085,0,2085
625,1999,2085,0,2085
625,2000,2085,0,2085
625,2001,2085,0,2085
625,2002,2098,0,2098
625,2003,2098,0,2098
625,2004,2098,0,2098
625,2005,2098,0,2098
625,2006,2103,0,2103
625,2007,2103,0,2103
626,1999,0,2082,2082
626,2000,0,2082,2082
626,2001,0,2082,2082
627,1998,0,2077,2077
627,1999,0,2077,2077
627,2000,0,2077,2077
627,2001,0,2077,2077
627,2002,0,2077,2077
627,2003,0,2077,2077
627,2004,0,2077,2077
627,2005,0,2077,2077
628,1998,2062,0,2062
628,1999,2062,0,2062
628,2000,2052,0,2052
628,2001,2052,0,2052
628,2002,2048,0,2048
628,2003,2072,0,2072
628,2004,2072,0,2072
628,2005,2072,0,2072
628,2006,2048,0,2048
628,2007,2048,0,2048
628,2008,2048,0,2048
628,2009,2048,0,2048
628,2010,2048,0,2048
628,2011,2048,0,2048
628,2012,2048,0,2048
628,2013,2048,0,2048
628,2014,2048,0,2048
628,2015,2054,0,2054
628,2016,2054,0,2054
628,2017,2054,0,2054
628,2018,2054,0,2054
628,2019,1790,0,1790
629,2018,0,2071,2071
630,2019,2064,0,2064
631,1998,2052,0,2052
631,1999,2052,0,2052
632,1998,1695,348,2043
632,1999,1695,348,2043
632,2000,1695,348,2043
633,2002,0,2033,2033
633,2003,0,2037,2037
633,2004,0,2037,2037
633,2005,0,2037,2037
634,2008,0,2036,2036
635,2012,1205,825,2030
635,2013,1207,828,2035
635,2014,1207,828,2035
635,2015,1207,828,2035
636,2012,0,2028,2028
636,2013,0,2028,2028
637,1998,0,401,401
637,1999,0,412,412
637,2000,0,764,764
637,2001,0,1500,1500
637,2002,0,1500,1500
637,2003,0,1500,1500
637,2004,0,1430,1430
637,2005,0,2024,2024
638,2005,0,2024,2024
639,2007,0,1919,1919
639,2008,0,1919,1919
639,2009,0,1919,1919
639,2010,0,1919,1919
639,2011,0,1919,1919
639,2012,0,1882,1882
639,2013,0,1882,1882
639,2014,0,1882,1882
639,2015,0,1882,1882
639,2016,0,1882,1882
639,2017,0,1939,1939
639,2018,0,1939,1939
639,2019,0,2018,2018
640,1998,0,2013,2013
640,1999,0,1741,1741
640,2000,0,1884,1884
640,2001,0,1884,1884
640,2002,0,1878,1878
640,2003,0,1947,1947
640,2004,0,1892,1892
641,2002,0,2011,2011
641,2003,0,2011,2011
641,2004,0,2011,2011
641,2005,0,2011,2011
641,2006,0,2011,2011
641,2007,0,2011,2011
641,2008,0,2011,2011
641,2009,0,2011,2011
641,2010,0,2011,2011
641,2011,0,2011,2011
641,2012,0,2011,2011
641,2013,0,2011,2011
641,2014,0,2011,2011
641,2015,0,2011,2011
641,2016,0,2011,2011
641,2017,0,2011,2011
641,2018,0,2011,2011
641,2019,0,2011,2011
642,2003,1609,0,1609
642,2004,1609,0,1609
642,2005,1609,0,1609
642,2006,1609,0,1609
642,2007,1609,0,1609
642,2008,1687,0,1687
642,2009,1762,0,1762
642,2010,1762,0,1762
642,2011,1902,0,1902
642,2012,2004,0,2004
642,2013,2004,0,2004
642,2014,2004,0,2004
642,2015,2004,0,2004
642,2016,2004,0,2004
643,2001,2004,0,2004
644,1998,986,0,986
644,1999,1320,671,1991
644,2000,1313,671,1984
644,2001,988,529,1517
645,2012,1075,0,1075
645,2013,1075,0,1075
645,2014,1075,0,1075
645,2015,1078,0,1078
645,2016,1078,0,1078
645,2017,1078,912,1990
645,2018,1078,912,1990
645,2019,1078,912,1990
646,2015,1433,416,1849
646,2016,1433,416,1849
646,2017,1573,416,1989
646,2018,1573,416,1989
646,2019,1573,416,1989
647,2002,0,1974,1974
647,2003,0,1974,1974
648,2010,0,1971,1971
648,2011,0,1971,1971
648,2012,0,1971,1971
649,1998,0,1963,1963
649,1999,0,1963,1963
649,2000,0,1963,1963
649,2001,0,1963,1963
650,1998,0,1958,1958
650,1999,0,1958,1958
650,2000,0,1958,1958
650,2001,0,1958,1958
650,2002,0,1958,1958
650,2003,0,1958,1958
650,2004,0,1958,1958
650,2005,0,1958,1958
650,2006,0,1958,1958
650,2007,0,1958,1958
650,2008,0,1958,1958
650,2009,0,1958,1958
650,2010,0,1958,1958
650,2011,0,1958,1958
650,2012,0,1958,1958
651,2009,1953,0,1953
651,2010,1953,0,1953
651,2011,1953,0,1953
651,2012,1953,0,1953
651,2013,1953,0,1953
651,2014,1953,0,1953
651,2015,1953,0,1953
651,2016,1953,0,1953
651,2017,1953,0,1953
651,2018,1953,0,1953
651,2019,1953,0,1953
652,2004,0,1788,1788
652,2005,0,1788,1788
652,2006,0,1788,1788
652,2007,0,1948,1948
652,2008,0,1948,1948
653,2002,0,1941,1941
653,2003,0,1941,1941
653,2004,0,1941,1941
654,2005,0,1937,1937
654,2006,0,1937,1937
654,2007,0,1937,1937
654,2008,0,1937,1937
654,2009,0,1937,1937
654,2010,0,1937,1937
654,2011,0,1937,1937
654,2012,0,1937,1937
655,2006,1937,0,1937
656,2005,0,1935,1935
657,2013,0,1932,1932
657,2014,0,1932,1932
657,2015,0,1932,1932
658,1998,1926,0,1926
658,1999,1926,0,1926
658,2000,1926,0,1926
658,2001,1926,0,1926
659,2013,1922,0,1922
660,2012,1918,0,1918
661,2006,0,1911,1911
662,1998,1629,280,1909
663,2005,0,1908,1908
663,2006,0,1908,1908
663,2007,0,1908,1908
663,2008,0,1908,1908
663,2009,0,1908,1908
664,2002,0,1908,1908
665,1998,0,1903,1903
665,1999,0,1903,1903
665,2000,0,1903,1903
665,2001,0,1903,1903
665,2002,0,1903,1903
666,2006,0,1890,1890
667,2000,1677,212,1889
667,2001,1677,212,1889
667,2002,1677,212,1889
668,2016,1882,0,1882
669,1998,1878,0,1878
669,1999,1878,0,1878
669,2000,1878,0,1878
669,2001,1878,0,1878
669,2002,1878,0,1878
669,2003,1878,0,1878
669,2004,1878,0,1878
669,2005,1878,0,1878
669,2006,1878,0,1878
669,2007,1878,0,1878
669,2008,1878,0,1878
669,2009,1878,0,1878
669,2010,1878,0,1878
669,2011,1878,0,1878
669,2012,1878,0,1878
670,2009,0,1876,1876
670,2010,0,1876,1876
670,2011,0,1876,1876
671,2001,1257,0,1257
671,2002,1257,0,1257
671,2003,1873,0,1873
671,2004,1873,0,1873
672,2008,730,599,1329
672,2009,730,578,1308
672,2010,738,578,1316
672,2011,738,578,1316
672,2012,711,578,1289
672,2013,711,578,1289
672,2014,711,578,1289
672,2015,1040,821,1861
672,2016,1040,821,1861
672,2017,1040,821,1861
672,2018,1040,821,1861
672,2019,1025,821,1846
673,1998,0,1861,1861
673,1999,0,1861,1861
673,2000,0,1861,1861
673,2001,0,1861,1861
674,2006,0,1881,1881
674,2007,0,1860,1860
675,2010,0,1859,1859
675,2011,0,1859,1859
675,2012,0,1859,1859
675,2013,0,1859,1859
675,2014,0,1859,1859
675,2015,0,1859,1859
675,2016,0,1859,1859
675,2017,0,1859,1859
675,2018,0,1859,1859
675,2019,0,1859,1859
676,2003,0,1850,1850
676,2004,0,1850,1850
676,2005,0,1850,1850
676,2006,0,1801,1801
676,2007,0,1801,1801
676,2008,0,1801,1801
676,2009,0,1781,1781
676,2010,0,1781,1781
676,2011,0,1781,1781
676,2012,0,1747,1747
676,2013,0,1747,1747
676,2014,0,1747,1747
676,2015,0,1747,1747
676,2016,0,1748,1748
676,2017,0,1748,1748
676,2018,0,1748,1748
676,2019,0,1748,1748
677,2007,0,1850,1850
677,2008,0,1850,1850
678,2005,0,1847,1847
678,2006,0,1847,1847
679,2007,1825,0,1825
680,2005,0,1820,1820
680,2006,0,1820,1820
680,2007,0,1820,1820
680,2008,0,1820,1820
680,2009,0,1820,1820
680,2010,0,1820,1820
680,2011,0,1820,1820
680,2012,0,1820,1820
681,2005,0,1814,1814
681,2006,0,1766,1766
682,1998,1265,471,1736
682,1999,1265,471,1736
682,2000,1343,471,1814
682,2001,1343,471,1814
682,2002,1322,470,1792
682,2003,1322,470,1792
682,2004,1322,470,1792
682,2005,1322,470,1792
683,1998,0,1810,1810
683,1999,0,1810,1810
683,2000,0,1810,1810
683,2001,0,1810,1810
684,1998,1801,0,1801
684,1999,1801,0,1801
685,2013,1258,541,1799
685,2014,1258,541,1799
685,2015,1258,541,1799
686,2007,1322,470,1792
687,2011,0,1786,1786
687,2012,0,1786,1786
687,2013,0,1786,1786
687,2014,0,1786,1786
687,2015,0,1786,1786
687,2016,0,1786,1786
687,2017,0,1786,1786
687,2018,0,1786,1786
687,2019,0,1786,1786
688,1999,0,1778,1778
688,2000,0,1778,1778
689,2005,0,1768,1768
689,2006,0,1768,1768
689,2007,0,1768,1768
689,2008,0,1768,1768
689,2009,0,1768,1768
689,2010,0,1768,1768
689,2011,0,1768,1768
689,2012,0,1768,1768
689,2013,0,1768,1768
689,2014,0,1768,1768
689,2015,0,1768,1768
689,2016,0,1768,1768
689,2017,0,1768,1768
689,2018,0,1768,1768
689,2019,0,1768,1768
690,2005,0,1767,1767
690,2006,0,1767,1767
690,2007,0,1767,1767
690,2008,0,1767,1767
690,2009,0,1767,1767
690,2010,0,1767,1767
690,2011,0,1767,1767
690,2012,0,1767,1767
690,2013,0,1767,1767
690,2014,0,1767,1767
690,2015,0,1767,1767
691,2015,0,1764,1764
692,1999,1761,0,1761
693,2001,1759,0,1759
694,2017,1742,0,1742
694,2018,1742,0,1742
694,2019,1742,0,1742
695,2005,0,1739,1739
695,2006,0,1739,1739
695,2007,0,1739,1739
695,2008,0,1739,1739
695,2009,0,1739,1739
695,2010,0,1739,1739
695,2011,0,1739,1739
695,2012,0,1739,1739
695,2013,0,1739,1739
695,2014,0,1739,1739
695,2015,0,1739,1739
695,2016,0,1739,1739
695,2017,0,1739,1739
695,2018,0,1739,1739
695,2019,0,1739,1739
696,2003,772,955,1727
696,2004,772,955,1727
696,2005,772,967,1739
696,2006,772,967,1739
696,2007,772,967,1739
696,2008,772,967,1739
696,2009,0,609,609
696,2010,0,609,609
696,2011,0,609,609
696,2012,0,609,609
696,2013,0,609,609
697,2017,1621,113,1734
697,2018,1621,113,1734
697,2019,1621,113,1734
698,2007,1733,0,1733
699,1998,768,956,1724
699,1999,768,956,1724
699,2000,768,956,1724
699,2001,772,956,1728
700,2009,1721,0,1721
701,2015,0,1716,1716
701,2016,0,1716,1716
701,2017,0,1716,1716
701,2018,0,1716,1716
701,2019,0,1716,1716
702,2005,0,1710,1710
702,2006,0,1710,1710
703,1998,1698,0,1698
703,1999,1698,0,1698
703,2000,1698,0,1698
703,2001,1698,0,1698
703,2002,1698,0,1698
703,2003,1698,0,1698
703,2004,1698,0,1698
703,2005,1698,0,1698
703,2006,1698,0,1698
703,2007,1698,0,1698
703,2008,1698,0,1698
703,2009,1698,0,1698
703,2010,1698,0,1698
703,2011,1698,0,1698
703,2012,1698,0,1698
703,2013,1698,0,1698
703,2014,1698,0,1698
703,2015,1698,0,1698
703,2016,1698,0,1698
703,2017,1698,0,1698
703,2018,1698,0,1698
703,2019,1698,0,1698
704,2007,1698,0,1698
705,2015,1684,0,1684
705,2016,1684,0,1684
705,2017,1684,0,1684
705,2018,1684,0,1684
705,2019,1684,0,1684
706,1998,1684,0,1684
706,1999,1684,0,1684
706,2000,1684,0,1684
707,2016,462,0,462
707,2017,1594,0,1594
707,2018,1682,0,1682
707,2019,1175,0,1175
708,2005,0,1681,1681
708,2006,0,1681,1681
708,2007,0,1681,1681
708,2008,0,1681,1681
708,2009,0,1681,1681
708,2010,0,1681,1681
708,2011,0,1681,1681
708,2012,0,1681,1681
708,2013,0,1681,1681
708,2014,0,1681,1681
708,2015,0,1681,1681
708,2016,0,1681,1681
708,2017,0,1681,1681
708,2018,0,1681,1681
708,2019,0,1681,1681
709,2010,1681,0,1681
709,2011,1681,0,1681
710,2019,610,1064,1674
711,2005,0,1667,1667
711,2006,0,1667,1667
711,2007,0,1667,1667
711,2008,0,1667,1667
711,2009,0,1667,1667
711,2010,0,1667,1667
711,2011,0,1667,1667
711,2012,0,1667,1667
711,2013,0,1667,1667
711,2014,0,1667,1667
711,2015,0,1667,1667
711,2016,0,1667,1667
712,2005,0,1667,1667
712,2006,0,1667,1667
712,2007,0,1667,1667
712,2008,0,1667,1667
712,2009,0,1667,1667
712,2010,0,1667,1667
712,2011,0,1667,1667
712,2012,0,1667,1667
712,2013,0,1667,1667
713,2016,1666,0,1666
713,2017,1666,0,1666
713,2018,1666,0,1666
713,2019,1666,0,1666
714,2010,0,1655,1655
714,2011,0,1655,1655
714,2012,0,1655,1655
714,2013,0,1664,1664
714,2014,0,1621,1621
714,2015,0,1621,1621
714,2016,0,1621,1621
714,2017,0,1654,1654
714,2018,0,1654,1654
714,2019,0,1654,1654
715,2014,1660,0,1660
716,2016,1656,0,1656
716,2017,1656,0,1656
717,2003,1615,0,1615
717,2004,1615,0,1615
717,2005,1615,0,1615
717,2006,1615,0,1615
717,2007,1655,0,1655
718,2007,1647,0,1647
718,2008,1647,0,1647
719,2007,1642,0,1642
719,2008,1642,0,1642
719,2009,1642,0,1642
719,2010,1642,0,1642
719,2011,1642,0,1642
719,2012,1642,0,1642
720,2005,0,1639,1639
720,2006,0,1639,1639
720,2007,0,1639,1639
720,2008,0,1639,1639
720,2009,0,1639,1639
720,2010,0,1639,1639
720,2011,0,1639,1639
720,2012,0,1639,1639
720,2013,0,1639,1639
720,2014,0,1639,1639
720,2015,0,1639,1639
720,2016,0,1639,1639
720,2017,0,1639,1639
720,2018,0,1639,1639
720,2019,0,1639,1639
721,1998,1527,0,1527
721,1999,1527,0,1527
721,2000,1553,0,1553
721,2001,1553,0,1553
721,2002,1508,0,1508
721,2003,1631,0,1631
721,2004,1631,0,1631
722,2005,0,1618,1618
722,2006,0,1618,1618
722,2007,0,1618,1618
722,2008,0,1618,1618
722,2009,0,1618,1618
722,2010,0,1618,1618
722,2011,0,1618,1618
722,2012,0,1618,1618
722,2013,0,1618,1618
722,2014,0,1618,1618
722,2015,0,1618,1618
722,2016,0,1618,1618
722,2017,0,1618,1618
722,2018,0,1618,1618
722,2019,0,1618,1618
723,2005,0,1617,1617
723,2006,0,1617,1617
723,2007,0,1617,1617
723,2008,0,1617,1617
723,2009,0,1617,1617
723,2010,0,1617,1617
724,1998,0,1616,1616
724,1999,0,1616,1616
724,2000,0,1616,1616
724,2001,0,1616,1616
724,2002,0,1616,1616
724,2003,0,1616,1616
724,2004,0,1616,1616
724,2005,0,1616,1616
724,2006,0,1616,1616
724,2007,0,1616,1616
724,2008,0,1616,1616
724,2009,0,1616,1616
724,2010,0,1616,1616
724,2011,0,1616,1616
724,2012,0,1616,1616
724,2013,0,1616,1616
724,2014,0,1616,1616
724,2015,0,1616,1616
724,2016,0,1616,1616
724,2017,0,1616,1616
724,2018,0,1616,1616
724,2019,0,1616,1616
725,2013,962,654,1616
725,2014,962,654,1616
725,2015,962,654,1616
725,2016,962,473,1435
725,2017,962,473,1435
725,2018,962,473,1435
725,2019,962,473,1435
726,2000,1615,0,1615
727,2002,964,181,1145
727,2003,964,181,1145
727,2004,964,181,1145
727,2005,1425,181,1606
727,2006,1425,181,1606
727,2007,964,181,1145
727,2008,964,181,1145
727,2009,964,181,1145
728,1998,0,1601,1601
728,1999,0,1601,1601
728,2000,0,1601,1601
728,2001,0,1601,1601
729,2012,943,654,1597
729,2013,943,654,1597
729,2014,943,654,1597
730,2003,1596,0,1596
731,1998,1595,0,1595
731,1999,1595,0,1595
731,2000,1595,0,1595
731,2001,1595,0,1595
731,2002,1595,0,1595
731,2003,1595,0,1595
731,2004,1595,0,1595
731,2005,1595,0,1595
732,1998,943,648,1591
732,1999,943,648,1591
732,2000,943,648,1591
732,2001,943,648,1591
733,2005,0,1588,1588
733,2006,0,1588,1588
733,2007,0,1588,1588
733,2008,0,1588,1588
733,2009,0,1588,1588
733,2010,0,1588,1588
733,2011,0,1588,1588
733,2012,0,1588,1588
733,2013,0,1588,1588
733,2014,0,1588,1588
733,2015,0,1588,1588
733,2016,0,1588,1588
733,2017,0,1588,1588
733,2018,0,1588,1588
733,2019,0,1588,1588
734,2017,1579,0,1579
734,2018,1583,0,1583
734,2019,1583,0,1583
735,1998,0,1576,1576
735,1999,0,1576,1576
735,2000,0,1576,1576
735,2001,0,1576,1576
735,2002,0,1576,1576
735,2003,0,1576,1576
735,2004,0,1576,1576
735,2005,0,1576,1576
735,2006,0,1576,1576
736,2009,943,619,1562
737,1998,0,318,318
737,1999,0,318,318
737,2000,0,318,318
737,2001,0,318,318
737,2002,0,318,318
737,2003,0,318,318
737,2004,0,318,318
737,2005,0,318,318
737,2006,0,318,318
737,2007,0,318,318
737,2008,1022,532,1554
737,2009,1022,536,1558
737,2010,1022,536,1558
737,2011,1022,536,1558
737,2012,1022,536,1558
737,2013,1015,536,1551
737,2014,1015,536,1551
737,2015,1015,536,1551
737,2016,1015,536,1551
737,2017,1015,536,1551
737,2018,1015,536,1551
737,2019,1015,536,1551
738,1998,237,1317,1554
738,1999,237,1317,1554
738,2000,237,1317,1554
738,2001,237,1317,1554
738,2002,237,1317,1554
738,2003,237,1317,1554
738,2004,237,1317,1554
738,2005,237,1317,1554
739,2005,0,1552,1552
739,2006,0,1552,1552
739,2007,0,1552,1552
739,2008,0,1552,1552
739,2009,0,1552,1552
739,2010,0,1552,1552
739,2011,0,1552,1552
739,2012,0,1552,1552
739,2013,0,1552,1552
739,2014,0,1552,1552
739,2015,0,1552,1552
739,2016,0,1552,1552
739,2017,0,1552,1552
739,2018,0,1552,1552
739,2019,0,1552,1552
740,2010,1440,104,1544
740,2011,1448,104,1552
740,2012,1448,104,1552
741,2015,1447,104,1551
741,2016,1447,104,1551
742,2009,0,1546,1546
743,2005,0,1543,1543
744,2004,943,594,1537
744,2005,943,594,1537
744,2006,943,594,1537
744,2007,943,580,1523
745,2007,1536,0,1536
745,2008,1536,0,1536
745,2009,1536,0,1536
745,2010,1536,0,1536
746,1998,0,1529,1529
746,1999,0,1529,1529
746,2000,0,1473,1473
746,2001,0,1473,1473
746,2002,0,1473,1473
746,2003,0,1473,1473
746,2004,0,1473,1473
747,2005,0,1524,1524
747,2006,0,1524,1524
747,2007,0,1524,1524
747,2008,0,1524,1524
747,2009,0,1524,1524
747,2010,0,1524,1524
748,1998,0,1518,1518
749,2005,0,1515,1515
749,2006,0,1515,1515
749,2007,0,1515,1515
749,2008,0,1515,1515
749,2009,0,1515,1515
749,2010,0,1515,1515
749,2011,0,1515,1515
749,2012,0,1515,1515
749,2013,0,1515,1515
749,2014,0,1515,1515
749,2015,0,1515,1515
749,2016,0,1515,1515
749,2017,0,1515,1515
749,2018,0,1515,1515
749,2019,0,1515,1515
750,2019,1513,0,1513
751,2001,830,0,830
751,2002,829,678,1507
751,2003,829,678,1507
751,2004,829,678,1507
751,2005,829,678,1507
751,2006,829,678,1507
751,2007,829,678,1507
751,2008,829,678,1507
751,2009,829,678,1507
751,2010,829,678,1507
751,2011,829,678,1507
751,2012,829,678,1507
751,2013,829,678,1507
751,2014,829,678,1507
751,2015,829,678,1507
751,2016,829,678,1507
751,2017,829,678,1507
751,2018,829,678,1507
751,2019,829,678,1507
752,2005,0,1505,1505
752,2006,0,1505,1505
752,2007,0,1505,1505
752,2008,0,1505,1505
752,2009,0,1505,1505
752,2010,0,1505,1505
752,2011,0,1505,1505
752,2012,0,1505,1505
752,2013,0,1505,1505
752,2014,0,1505,1505
752,2015,0,1505,1505
752,2016,0,1505,1505
752,2017,0,1505,1505
752,2018,0,1505,1505
752,2019,0,1505,1505
753,2005,0,1504,1504
753,2006,0,1504,1504
753,2007,0,1504,1504
754,1998,1504,0,1504
754,1999,1504,0,1504
754,2000,1504,0,1504
755,1998,1501,0,1501
755,1999,1501,0,1501
755,2000,1501,0,1501
755,2001,1500,0,1500
755,2002,1500,0,1500
755,2003,1500,0,1500
756,2014,1500,0,1500
756,2015,1500,0,1500
756,2016,1500,0,1500
756,2017,1500,0,1500
756,2018,1500,0,1500
756,2019,1500,0,1500
757,2007,1294,0,1294
757,2008,1294,0,1294
757,2009,1294,0,1294
757,2010,1294,0,1294
757,2011,1294,0,1294
757,2012,1294,0,1294
757,2013,1294,0,1294
757,2014,1294,0,1294
757,2015,1294,0,1294
757,2016,1495,0,1495
757,2017,1497,0,1497
757,2018,1497,0,1497
757,2019,1497,0,1497
758,2008,1352,0,1352
758,2009,1364,0,1364
758,2010,1364,0,1364
758,2011,1364,0,1364
758,2012,1364,0,1364
758,2013,1492,0,1492
758,2014,1492,0,1492
758,2015,1495,0,1495
758,2016,1495,0,1495
758,2017,1436,0,1436
758,2018,1481,0,1481
758,2019,1481,0,1481
759,2016,0,1489,1489
759,2017,0,1489,1489
759,2018,0,1489,1489
759,2019,0,1489,1489
760,2005,0,1489,1489
760,2006,0,1489,1489
760,2007,0,1489,1489
760,2008,0,1489,1489
760,2009,0,1489,1489
760,2010,0,1489,1489
760,2011,0,1489,1489
760,2012,0,1489,1489
760,2013,0,1489,1489
761,2005,0,1489,1489
761,2006,0,1489,1489
761,2007,0,1489,1489
761,2008,0,1489,1489
762,1998,0,1485,1485
762,1999,0,1485,1485
762,2000,0,1485,1485
762,2001,0,1485,1485
762,2002,0,1485,1485
762,2003,0,1485,1485
762,2004,0,1485,1485
762,2005,0,1485,1485
762,2006,0,1485,1485
762,2007,0,1485,1485
763,1998,1483,0,1483
763,1999,1483,0,1483
763,2000,1483,0,1483
763,2001,1483,0,1483
763,2002,1483,0,1483
763,2003,1483,0,1483
763,2004,1483,0,1483
763,2005,1483,0,1483
763,2006,1483,0,1483
763,2007,1483,0,1483
763,2008,1483,0,1483
763,2009,1483,0,1483
763,2010,1483,0,1483
763,2011,1483,0,1483
763,2012,1483,0,1483
763,2013,1483,0,1483
763,2014,1483,0,1483
763,2015,1483,0,1483
763,2016,1483,0,1483
763,2017,1483,0,1483
763,2018,1483,0,1483
763,2019,1483,0,1483
764,2009,0,1481,1481
764,2010,0,1481,1481
764,2011,0,1481,1481
764,2012,0,1481,1481
764,2013,0,1481,1481
764,2014,0,1481,1481
764,2015,0,1481,1481
764,2016,0,1481,1481
764,2017,0,1481,1481
764,2018,0,1481,1481
764,2019,0,1481,1481
765,2005,0,1479,1479
765,2006,0,1479,1479
766,2005,0,1477,1477
766,2006,0,1477,1477
766,2007,0,1477,1477
766,2008,0,1477,1477
766,2009,0,1477,1477
766,2010,0,1477,1477
766,2011,0,1477,1477
766,2012,0,1477,1477
766,2013,0,1477,1477
766,2014,0,1477,1477
766,2015,0,1477,1477
766,2016,0,1477,1477
767,2005,0,1477,1477
767,2006,0,1477,1477
767,2007,0,1477,1477
767,2008,0,1477,1477
767,2009,0,1477,1477
767,2010,0,1477,1477
767,2011,0,1477,1477
767,2012,0,1477,1477
767,2013,0,1477,1477
767,2014,0,1477,1477
768,2005,0,1471,1471
768,2006,0,1471,1471
768,2007,0,1471,1471
768,2008,0,1471,1471
768,2009,0,1471,1471
768,2010,0,1471,1471
768,2011,0,1471,1471
768,2012,0,1471,1471
768,2013,0,1471,1471
769,2009,0,1284,1284
769,2010,0,1284,1284
769,2011,0,1462,1462
769,2012,0,1462,1462
769,2013,0,1462,1462
770,2014,0,1443,1443
770,2015,0,1443,1443
770,2016,0,1445,1445
770,2017,0,1445,1445
770,2018,0,1445,1445
770,2019,0,1445,1445
771,2013,1438,0,1438
771,2014,1438,0,1438
771,2015,1438,0,1438
771,2016,1444,0,1444
772,2005,0,1442,1442
773,2019,0,1441,1441
774,1998,727,670,1397
774,1999,727,670,1397
774,2000,727,670,1397
774,2001,727,670,1397
774,2002,727,689,1416
774,2003,727,689,1416
774,2004,727,714,1441
774,2005,727,714,1441
774,2006,727,714,1441
774,2007,727,714,1441
774,2008,727,714,1441
774,2009,727,714,1441
774,2010,727,714,1441
774,2011,727,714,1441
774,2012,727,714,1441
774,2013,727,714,1441
774,2014,727,714,1441
774,2015,727,714,1441
774,2016,727,714,1441
774,2017,727,714,1441
774,2018,727,714,1441
774,2019,727,714,1441
775,2015,1438,0,1438
775,2016,1440,0,1440
775,2017,1440,0,1440
775,2018,1440,0,1440
775,2019,1440,0,1440
776,2001,720,718,1438
776,2002,720,718,1438
776,2003,720,718,1438
776,2004,720,718,1438
776,2005,720,718,1438
777,2006,0,1427,1427
778,1998,1425,0,1425
778,1999,1425,0,1425
778,2000,1425,0,1425
778,2001,1425,0,1425
778,2002,1426,0,1426
778,2003,1426,0,1426
779,2013,0,1421,1421
779,2014,0,1421,1421
779,2015,0,1421,1421
779,2016,0,1421,1421
779,2017,0,1421,1421
779,2018,0,1421,1421
779,2019,0,1421,1421
780,1998,848,471,1319
780,1999,858,471,1329
780,2000,858,471,1329
780,2001,858,563,1421
781,1998,1420,0,1420
781,1999,1420,0,1420
781,2000,1420,0,1420
781,2001,1420,0,1420
782,1998,0,1417,1417
783,2011,951,0,951
783,2012,951,0,951
783,2013,951,0,951
783,2014,951,0,951
783,2015,951,0,951
783,2016,951,0,951
783,2017,951,0,951
783,2018,951,0,951
783,2019,1412,0,1412
784,2001,1405,0,1405
785,1999,1405,0,1405
786,2011,0,1404,1404
786,2012,0,1404,1404
786,2013,0,1404,1404
787,2009,0,1404,1404
788,2006,0,1404,1404
789,2005,0,1397,1397
790,2006,846,0,846
790,2007,846,0,846
790,2008,846,0,846
790,2009,844,0,844
790,2010,844,0,844
790,2011,844,0,844
790,2012,844,0,844
790,2013,844,0,844
790,2014,844,0,844
790,2015,844,0,844
790,2016,1391,0,1391
790,2017,844,0,844
790,2018,844,0,844
790,2019,844,0,844
791,2016,0,1391,1391
791,2017,0,1391,1391
791,2018,0,1391,1391
792,2005,0,1391,1391
792,2006,0,1391,1391
792,2007,0,1391,1391
792,2008,0,1391,1391
793,2005,0,1390,1390
793,2006,0,1390,1390
793,2007,0,1390,1390
793,2008,0,1390,1390
793,2009,0,1390,1390
793,2010,0,1390,1390
793,2011,0,1390,1390
793,2012,0,1390,1390
793,2013,0,1390,1390
793,2014,0,1390,1390
793,2015,0,1390,1390
793,2016,0,1390,1390
793,2017,0,1390,1390
793,2018,0,1390,1390
793,2019,0,1390,1390
794,2008,1375,0,1375
794,2009,1369,0,1369
794,2010,1369,0,1369
794,2011,1369,0,1369
794,2012,1369,0,1369
794,2013,1369,0,1369
794,2014,1369,0,1369
794,2015,1372,0,1372
794,2016,1372,0,1372
794,2017,1372,0,1372
794,2018,1372,0,1372
794,2019,1372,0,1372
795,2005,0,1374,1374
795,2006,0,1374,1374
796,2005,0,1372,1372
796,2006,0,1372,1372
796,2007,0,1372,1372
796,2008,0,1372,1372
796,2009,0,1372,1372
796,2010,0,1372,1372
796,2011,0,1372,1372
796,2012,0,1372,1372
796,2013,0,1372,1372
796,2014,0,1372,1372
796,2015,0,1372,1372
796,2016,0,1372,1372
796,2017,0,1372,1372
796,2018,0,1372,1372
796,2019,0,1372,1372
797,2004,1369,0,1369
798,2005,0,1361,1361
798,2006,0,1361,1361
798,2007,0,1361,1361
798,2008,0,1361,1361
798,2009,0,1361,1361
798,2010,0,1361,1361
798,2011,0,1361,1361
798,2012,0,1361,1361
798,2013,0,1361,1361
798,2014,0,1361,1361
798,2015,0,1361,1361
798,2016,0,1361,1361
798,2017,0,1361,1361
798,2018,0,1361,1361
798,2019,0,1361,1361
799,2002,0,1353,1353
800,2005,0,1349,1349
800,2006,0,1349,1349
800,2007,0,1349,1349
800,2008,0,1349,1349
800,2009,0,1349,1349
800,2010,0,1349,1349
800,2011,0,1349,1349
800,2012,0,1349,1349
800,2013,0,1349,1349
800,2014,0,1349,1349
800,2015,0,1349,1349
800,2016,0,1349,1349
800,2017,0,1349,1349
800,2018,0,1349,1349
800,2019,0,1349,1349
801,2005,0,1348,1348
801,2006,0,1348,1348
801,2007,0,1348,1348
801,2008,0,1348,1348
801,2009,0,1348,1348
801,2010,0,1348,1348
801,2011,0,1348,1348
801,2012,0,1348,1348
801,2013,0,1348,1348
801,2014,0,1348,1348
801,2015,0,1348,1348
802,1998,0,1018,1018
802,1999,0,1100,1100
802,2000,0,1100,1100
802,2001,0,1100,1100
802,2002,0,1098,1098
802,2003,0,1098,1098
802,2004,0,1098,1098
802,2005,0,1348,1348
802,2006,0,1329,1329
803,2005,0,1347,1347
803,2006,0,1347,1347
803,2007,0,1347,1347
803,2008,0,1347,1347
803,2009,0,1347,1347
803,2010,0,1347,1347
803,2011,0,1347,1347
804,2012,0,1345,1345
804,2013,0,1345,1345
804,2014,0,1345,1345
804,2015,0,1345,1345
804,2016,0,1345,1345
804,2017,0,1345,1345
804,2018,0,1345,1345
804,2019,0,1345,1345
805,2005,0,1345,1345
805,2006,0,1345,1345
805,2007,0,1345,1345
805,2008,0,1345,1345
805,2009,0,1345,1345
805,2010,0,1345,1345
805,2011,0,1345,1345
805,2012,0,1345,1345
805,2013,0,1345,1345
805,2014,0,1345,1345
805,2015,0,1345,1345
805,2016,0,1345,1345
805,2017,0,1345,1345
805,2018,0,1345,1345
805,2019,0,1345,1345
806,2003,0,1345,1345
806,2004,0,1345,1345
807,1998,1069,273,1342
807,1999,1069,273,1342
807,2000,1069,273,1342
807,2001,1050,273,1323
807,2002,1050,273,1323
807,2003,1050,273,1323
808,1998,0,1341,1341
808,1999,0,1341,1341
808,2000,0,1341,1341
808,2001,0,1341,1341
808,2002,0,1341,1341
808,2003,0,1341,1341
808,2004,0,1341,1341
809,2005,0,1338,1338
809,2006,0,1338,1338
809,2007,0,1338,1338
809,2008,0,1338,1338
810,2005,0,1327,1327
810,2006,0,1327,1327
810,2007,0,1327,1327
810,2008,0,1327,1327
810,2009,0,1327,1327
810,2010,0,1327,1327
810,2011,0,1327,1327
810,2012,0,1327,1327
810,2013,0,1327,1327
810,2014,0,1327,1327
811,2005,0,1326,1326
811,2006,0,1326,1326
811,2007,0,1326,1326
811,2008,0,1326,1326
811,2009,0,1326,1326
811,2010,0,1326,1326
811,2011,0,1326,1326
811,2012,0,1326,1326
811,2013,0,1326,1326
811,2014,0,1326,1326
811,2015,0,1326,1326
811,2016,0,1326,1326
811,2017,0,1326,1326
811,2018,0,1326,1326
811,2019,0,1326,1326
812,2009,0,1325,1325
812,2010,0,1325,1325
812,2011,0,1325,1325
812,2012,0,1325,1325
812,2013,0,1325,1325
812,2014,0,1325,1325
812,2015,0,1325,1325
812,2016,0,1325,1325
812,2017,0,1325,1325
812,2018,0,1325,1325
812,2019,0,1325,1325
813,2010,0,1324,1324
813,2011,0,1324,1324
813,2012,0,1324,1324
813,2013,0,1324,1324
813,2014,0,1324,1324
813,2015,0,1324,1324
814,2007,488,835,1323
814,2008,488,835,1323
814,2009,488,835,1323
814,2010,488,835,1323
814,2011,488,835,1323
814,2012,488,835,1323
814,2013,488,835,1323
814,2014,488,835,1323
814,2015,488,835,1323
814,2016,488,835,1323
814,2017,488,835,1323
814,2018,488,835,1323
814,2019,488,835,1323
815,1998,488,835,1323
815,1999,488,835,1323
815,2000,488,835,1323
815,2001,488,835,1323
816,2019,1322,0,1322
817,2012,1322,0,1322
817,2013,1322,0,1322
818,2007,1322,0,1322
818,2008,1322,0,1322
818,2009,1322,0,1322
819,2016,1319,0,1319
819,2017,1319,0,1319
819,2018,1319,0,1319
819,2019,1319,0,1319
820,1998,1311,0,1311
820,1999,1311,0,1311
820,2000,1311,0,1311
820,2001,1311,0,1311
820,2002,1311,0,1311
820,2003,1311,0,1311
820,2004,1311,0,1311
820,2005,1311,0,1311
820,2006,1315,0,1315
820,2007,1315,0,1315
820,2008,233,0,233
820,2009,233,0,233
820,2010,233,0,233
820,2011,233,0,233
820,2012,233,0,233
820,2013,233,0,233
820,2014,233,0,233
820,2015,233,0,233
820,2016,233,0,233
820,2017,233,0,233
820,2018,233,0,233
820,2019,233,0,233
821,1998,0,1118,1118
821,1999,0,1118,1118
821,2000,0,1159,1159
821,2001,0,1191,1191
821,2002,0,1191,1191
821,2003,0,1222,1222
821,2004,0,1313,1313
821,2005,0,1313,1313
822,2005,0,1306,1306
822,2006,0,1306,1306
822,2007,0,1306,1306
822,2008,0,1306,1306
822,2009,0,1306,1306
822,2010,0,1306,1306
822,2011,0,1306,1306
822,2012,0,1306,1306
822,2013,0,1306,1306
822,2014,0,1306,1306
822,2015,0,1306,1306
822,2016,0,1306,1306
823,2005,0,1302,1302
823,2006,0,1302,1302
823,2007,0,1302,1302
823,2008,0,1302,1302
823,2009,0,1302,1302
823,2010,0,1302,1302
823,2011,0,1302,1302
823,2012,0,1302,1302
823,2013,0,1302,1302
823,2014,0,1302,1302
823,2015,0,1302,1302
824,2015,1285,0,1285
824,2016,1285,0,1285
824,2017,1285,0,1285
824,2018,1285,0,1285
824,2019,1301,0,1301
825,2005,0,1294,1294
825,2006,0,1294,1294
825,2007,0,1294,1294
825,2008,0,1294,1294
825,2009,0,1294,1294
825,2010,0,1294,1294
825,2011,0,1294,1294
825,2012,0,1294,1294
825,2013,0,1294,1294
825,2014,0,1294,1294
825,2015,0,1294,1294
825,2016,0,1294,1294
825,2017,0,1294,1294
825,2018,0,1294,1294
825,2019,0,1294,1294
826,2005,0,1294,1294
826,2006,0,1294,1294
826,2007,0,1294,1294
826,2008,0,1294,1294
826,2009,0,1294,1294
826,2010,0,1294,1294
826,2011,0,1294,1294
826,2012,0,1294,1294
826,2013,0,1294,1294
826,2014,0,1294,1294
826,2015,0,1294,1294
826,2016,0,1294,1294
826,2017,0,1294,1294
826,2018,0,1294,1294
826,2019,0,1294,1294
827,2005,1294,0,1294
828,2003,1294,0,1294
829,1999,1294,0,1294
830,2019,0,1287,1287
831,2012,0,1287,1287
832,1998,1286,0,1286
832,1999,1286,0,1286
832,2000,1286,0,1286
832,2001,1286,0,1286
832,2002,1286,0,1286
832,2003,1286,0,1286
832,2004,1286,0,1286
832,2005,1286,0,1286
832,2006,1286,0,1286
832,2007,1286,0,1286
833,1998,1035,0,1035
833,1999,1035,0,1035
833,2000,1035,0,1035
833,2001,1035,0,1035
833,2002,1035,0,1035
833,2003,1035,0,1035
833,2004,1035,0,1035
833,2005,1035,0,1035
833,2006,1214,0,1214
833,2007,1214,0,1214
833,2008,1214,0,1214
833,2009,1284,0,1284
833,2010,1284,0,1284
833,2011,1284,0,1284
833,2012,1284,0,1284
833,2013,1284,0,1284
833,2014,1284,0,1284
833,2015,1284,0,1284
833,2016,1284,0,1284
833,2017,1284,0,1284
833,2018,1284,0,1284
833,2019,1284,0,1284
834,2005,0,1284,1284
834,2006,0,1284,1284
834,2007,0,1284,1284
834,2008,0,1284,1284
834,2009,0,1284,1284
834,2010,0,1284,1284
834,2011,0,1284,1284
834,2012,0,1284,1284
834,2013,0,1284,1284
835,1998,1283,0,1283
835,1999,1283,0,1283
835,2000,1283,0,1283
835,2001,1283,0,1283
835,2002,1283,0,1283
835,2003,1283,0,1283
835,2004,1283,0,1283
835,2005,1283,0,1283
835,2006,1283,0,1283
835,2007,1283,0,1283
835,2008,1283,0,1283
835,2009,1283,0,1283
835,2010,1283,0,1283
835,2011,1283,0,1283
835,2012,1283,0,1283
835,2013,1283,0,1283
835,2014,1283,0,1283
835,2015,1283,0,1283
835,2016,1283,0,1283
835,2017,1283,0,1283
835,2018,1283,0,1283
835,2019,1283,0,1283
836,2005,0,1280,1280
836,2006,0,1280,1280
836,2007,0,1280,1280
837,1998,0,1279,1279
838,2010,0,1277,1277
838,2011,0,1277,1277
838,2012,0,1277,1277
838,2013,0,1277,1277
838,2014,0,1277,1277
838,2015,0,1277,1277
839,2006,0,1276,1276
839,2007,0,1276,1276
839,2008,0,1276,1276
839,2009,0,1276,1276
839,2010,0,1276,1276
840,2019,0,1273,1273
841,2008,0,1273,1273
841,2009,0,1273,1273
841,2010,0,1273,1273
841,2011,0,1273,1273
841,2012,0,1273,1273
841,2013,0,1273,1273
842,2005,0,1273,1273
842,2006,0,1273,1273
842,2007,0,1273,1273
842,2008,0,1273,1273
843,2016,1180,0,1180
843,2017,1180,0,1180
843,2018,1180,0,1180
843,2019,1180,92,1272
844,1998,0,1268,1268
844,1999,0,1240,1240
844,2000,0,1216,1216
844,2001,0,1240,1240
844,2002,0,1193,1193
844,2003,0,1193,1193
844,2004,0,1193,1193
844,2005,0,1269,1269
844,2006,0,1269,1269
844,2007,0,1269,1269
844,2008,0,1269,1269
844,2009,0,1269,1269
844,2010,0,1269,1269
844,2011,0,1269,1269
844,2012,0,1269,1269
845,2005,0,1267,1267
845,2006,0,1267,1267
845,2007,0,1267,1267
845,2008,0,1267,1267
845,2009,0,1267,1267
845,2010,0,1267,1267
845,2011,0,1267,1267
845,2012,0,1267,1267
845,2013,0,1267,1267
845,2014,0,1267,1267
845,2015,0,1267,1267
845,2016,0,1267,1267
846,2005,0,1266,1266
846,2006,0,1266,1266
846,2007,0,1266,1266
846,2008,0,1266,1266
846,2009,0,1266,1266
846,2010,0,1266,1266
846,2011,0,1266,1266
846,2012,0,1266,1266
846,2013,0,1266,1266
846,2014,0,1266,1266
846,2015,0,1266,1266
846,2016,0,1266,1266
846,2017,0,1266,1266
846,2018,0,1266,1266
846,2019,0,1266,1266
847,2005,0,1266,1266
847,2006,0,1266,1266
847,2007,0,1266,1266
847,2008,0,1266,1266
848,2017,1262,0,1262
848,2018,1262,0,1262
848,2019,1262,0,1262
849,2005,0,1256,1256
849,2006,0,1256,1256
849,2007,0,1256,1256
849,2008,0,1256,1256
849,2009,0,1256,1256
849,2010,0,1256,1256
849,2011,0,1256,1256
849,2012,0,1256,1256
849,2013,0,1256,1256
849,2014,0,1256,1256
849,2015,0,1256,1256
849,2016,0,1256,1256
849,2017,0,1256,1256
849,2018,0,1256,1256
849,2019,0,1256,1256
850,2002,0,862,862
850,2003,0,996,996
850,2004,0,1171,1171
850,2005,0,1256,1256
851,2007,0,1249,1249
851,2008,0,1249,1249
852,2016,0,1247,1247
852,2017,0,1247,1247
852,2018,0,1247,1247
852,2019,0,1247,1247
853,2013,0,1177,1177
853,2014,0,1229,1229
853,2015,0,1229,1229
853,2016,0,1229,1229
853,2017,0,1247,1247
854,2005,0,1245,1245
855,2005,0,1241,1241
855,2006,0,1241,1241
855,2007,0,1241,1241
855,2008,0,1241,1241
855,2009,0,1241,1241
855,2010,0,1241,1241
855,2011,0,1241,1241
855,2012,0,1241,1241
855,2013,0,1241,1241
855,2014,0,1241,1241
855,2015,0,1241,1241
855,2016,0,1241,1241
855,2017,0,1241,1241
855,2018,0,1241,1241
855,2019,0,1241,1241
856,1998,1241,0,1241
856,1999,1241,0,1241
856,2000,1241,0,1241
857,2005,0,1238,1238
857,2006,0,1238,1238
857,2007,0,1238,1238
857,2008,0,1238,1238
857,2009,0,1238,1238
857,2010,0,1238,1238
857,2011,0,1238,1238
857,2012,0,1238,1238
857,2013,0,1238,1238
857,2014,0,1238,1238
857,2015,0,1238,1238
857,2016,0,1238,1238
857,2017,0,1238,1238
857,2018,0,1238,1238
857,2019,0,1238,1238
858,1998,0,1234,1234
858,1999,0,1234,1234
858,2000,0,1234,1234
858,2001,0,1234,1234
858,2002,0,1234,1234
858,2003,0,1234,1234
858,2004,0,1234,1234
858,2005,0,1234,1234
858,2006,0,1234,1234
859,2003,0,1234,1234
860,2014,0,1232,1232
860,2015,0,1232,1232
861,2011,0,1232,1232
861,2012,0,1232,1232
862,2005,0,1231,1231
862,2006,0,1231,1231
863,2005,0,1230,1230
863,2006,0,1230,1230
863,2007,0,1230,1230
863,2008,0,1230,1230
863,2009,0,1230,1230
863,2010,0,1230,1230
863,2011,0,1230,1230
863,2012,0,1230,1230
863,2013,0,1230,1230
863,2014,0,1230,1230
863,2015,0,1230,1230
863,2016,0,1230,1230
863,2017,0,1230,1230
863,2018,0,1230,1230
863,2019,0,1230,1230
864,2005,0,1227,1227
865,2006,997,0,997
865,2007,997,0,997
865,2008,997,0,997
865,2009,997,0,997
865,2010,997,0,997
865,2011,1225,0,1225
866,2016,1219,0,1219
867,2013,1219,0,1219
867,2014,1219,0,1219
868,2005,0,1215,1215
868,2006,0,1215,1215
868,2007,0,1215,1215
868,2008,0,1215,1215
868,2009,0,1215,1215
868,2010,0,1215,1215
868,2011,0,1215,1215
868,2012,0,1215,1215
868,2013,0,1215,1215
868,2014,0,1215,1215
868,2015,0,1215,1215
868,2016,0,1215,1215
868,2017,0,1215,1215
869,2013,0,1215,1215
869,2014,0,1215,1215
869,2015,0,1215,1215
870,1998,0,1211,1211
870,1999,0,1211,1211
870,2000,0,1211,1211
870,2001,0,1213,1213
870,2002,0,1213,1213
870,2003,0,1213,1213
870,2004,0,1213,1213
870,2005,0,1213,1213
870,2006,0,1213,1213
870,2007,0,1213,1213
870,2008,0,1213,1213
870,2009,0,1213,1213
870,2010,0,1213,1213
870,2011,0,1213,1213
870,2012,0,1213,1213
870,2013,0,1213,1213
870,2014,0,1213,1213
870,2015,0,1212,1212
870,2016,0,1212,1212
870,2017,0,1212,1212
870,2018,0,1212,1212
870,2019,0,1212,1212
871,2005,0,1197,1197
871,2006,0,1197,1197
871,2007,0,1197,1197
871,2008,0,1197,1197
871,2009,0,1197,1197
871,2010,0,1197,1197
871,2011,0,1197,1197
871,2012,0,1197,1197
871,2013,0,1197,1197
871,2014,0,1197,1197
871,2015,0,1197,1197
871,2016,0,1197,1197
871,2017,0,1197,1197
871,2018,0,1197,1197
871,2019,0,1197,1197
872,2016,1197,0,1197
872,2017,1197,0,1197
872,2018,1197,0,1197
872,2019,1197,0,1197
873,2009,0,1192,1192
874,1998,1185,0,1185
875,1998,1184,0,1184
875,1999,1184,0,1184
875,2000,1184,0,1184
875,2001,508,0,508
875,2002,508,0,508
875,2003,508,0,508
875,2004,508,0,508
875,2005,508,0,508
876,2005,0,1180,1180
876,2006,0,1180,1180
876,2007,0,1180,1180
876,2008,0,1180,1180
876,2009,0,1180,1180
876,2010,0,1180,1180
876,2011,0,1180,1180
876,2012,0,1180,1180
876,2013,0,1180,1180
876,2014,0,1180,1180
876,2015,0,1180,1180
876,2016,0,1180,1180
876,2017,0,1180,1180
876,2018,0,1180,1180
876,2019,0,1180,1180
877,2003,0,1149,1149
877,2004,0,1149,1149
877,2005,0,1142,1142
877,2006,0,1142,1142
877,2007,0,1180,1180
877,2008,0,1180,1180
877,2009,0,1175,1175
877,2010,0,1177,1177
877,2011,0,1177,1177
877,2012,0,1162,1162
877,2013,0,1162,1162
877,2014,0,1162,1162
877,2015,0,1148,1148
877,2016,0,1148,1148
877,2017,0,1148,1148
877,2018,0,1148,1148
877,2019,0,1148,1148
878,2006,1171,0,1171
878,2007,1171,0,1171
878,2008,1171,0,1171
878,2009,1171,0,1171
878,2010,1171,0,1171
878,2011,1171,0,1171
878,2012,1171,0,1171
878,2013,1171,0,1171
878,2014,1171,0,1171
878,2015,1171,0,1171
878,2016,1171,0,1171
878,2017,1173,0,1173
878,2018,1173,0,1173
878,2019,1173,0,1173
879,1998,1167,0,1167
879,1999,1167,0,1167
879,2000,1167,0,1167
879,2001,1167,0,1167
879,2002,1167,0,1167
879,2003,1167,0,1167
879,2004,1167,0,1167
879,2005,1167,0,1167
879,2006,1167,0,1167
879,2007,1167,0,1167
879,2008,1167,0,1167
879,2009,1167,0,1167
880,2005,0,1166,1166
880,2006,0,1166,1166
880,2007,0,1166,1166
880,2008,0,1166,1166
880,2009,0,1166,1166
880,2010,0,1166,1166
880,2011,0,1166,1166
880,2012,0,1166,1166
880,2013,0,1166,1166
881,2009,0,1165,1165
881,2010,0,1165,1165
881,2011,0,1165,1165
881,2012,0,1165,1165
882,2002,1160,0,1160
882,2003,1160,0,1160
882,2004,1160,0,1160
882,2005,1160,0,1160
882,2006,1160,0,1160
882,2007,1160,0,1160
883,2005,0,1156,1156
883,2006,0,1156,1156
883,2007,0,1156,1156
883,2008,0,1156,1156
883,2009,0,1156,1156
883,2010,0,1156,1156
883,2011,0,1156,1156
883,2012,0,1156,1156
883,2013,0,1156,1156
883,2014,0,1156,1156
883,2015,0,1156,1156
883,2016,0,1156,1156
883,2017,0,1156,1156
883,2018,0,1156,1156
883,2019,0,1156,1156
884,2005,0,1150,1150
884,2006,0,1150,1150
884,2007,0,1150,1150
884,2008,0,1150,1150
884,2009,0,1150,1150
884,2010,0,1150,1150
884,2011,0,1150,1150
884,2012,0,1150,1150
884,2013,0,1150,1150
884,2014,0,1150,1150
884,2015,0,1150,1150
884,2016,0,1150,1150
884,2017,0,1150,1150
884,2018,0,1150,1150
884,2019,0,1150,1150
885,1998,0,1149,1149
885,1999,0,1149,1149
885,2000,0,1149,1149
885,2001,0,1149,1149
885,2002,0,1149,1149
885,2003,0,1149,1149
885,2004,0,1149,1149
885,2005,0,1149,1149
885,2006,0,1149,1149
885,2007,0,1149,1149
885,2008,0,1149,1149
885,2009,0,1149,1149
885,2010,0,1149,1149
885,2011,0,1149,1149
885,2012,0,1149,1149
885,2013,0,1149,1149
885,2014,0,1149,1149
885,2015,0,1149,1149
885,2016,0,1149,1149
885,2017,0,1149,1149
885,2018,0,1149,1149
885,2019,0,1149,1149
886,2005,0,1144,1144
886,2006,0,1144,1144
886,2007,0,1144,1144
886,2008,0,1144,1144
886,2009,0,1144,1144
886,2010,0,1144,1144
886,2011,0,1144,1144
886,2012,0,1144,1144
886,2013,0,1144,1144
886,2014,0,1144,1144
886,2015,0,1144,1144
886,2016,0,1144,1144
886,2017,0,1144,1144
886,2018,0,1144,1144
886,2019,0,1144,1144
887,2005,0,1144,1144
887,2006,0,1144,1144
887,2007,0,1144,1144
887,2008,0,1144,1144
887,2009,0,1144,1144
887,2010,0,1144,1144
887,2011,0,1144,1144
887,2012,0,1144,1144
887,2013,0,1144,1144
887,2014,0,1144,1144
887,2015,0,1144,1144
887,2016,0,1144,1144
887,2017,0,1144,1144
888,2005,0,1134,1134
888,2006,0,1134,1134
888,2007,0,1134,1134
888,2008,0,1134,1134
888,2009,0,1134,1134
888,2010,0,1134,1134
888,2011,0,1134,1134
888,2012,0,1134,1134
888,2013,0,1134,1134
888,2014,0,1134,1134
888,2015,0,1134,1134
888,2016,0,1134,1134
888,2017,0,1134,1134
889,2016,1132,0,1132
889,2017,1132,0,1132
889,2018,1132,0,1132
889,2019,1132,0,1132
890,2013,1132,0,1132
891,1998,1132,0,1132
891,1999,1132,0,1132
891,2000,1132,0,1132
891,2001,1132,0,1132
891,2002,1132,0,1132
891,2003,1132,0,1132
891,2004,1132,0,1132
891,2005,1132,0,1132
891,2006,1132,0,1132
891,2007,1132,0,1132
891,2008,1132,0,1132
892,2005,0,1131,1131
893,1998,0,1130,1130
893,1999,0,1130,1130
893,2000,0,1130,1130
893,2001,0,1130,1130
893,2002,0,1130,1130
893,2003,0,1130,1130
893,2004,0,1130,1130
893,2005,0,1130,1130
894,1998,0,1123,1123
894,1999,0,1123,1123
895,1998,1120,0,1120
895,1999,1120,0,1120
895,2000,1120,0,1120
895,2001,1120,0,1120
895,2002,1120,0,1120
895,2003,1120,0,1120
895,2004,1120,0,1120
895,2005,1120,0,1120
895,2006,1108,0,1108
895,2007,1108,0,1108
895,2008,1108,0,1108
895,2009,1108,0,1108
895,2010,991,0,991
895,2011,991,0,991
895,2012,991,0,991
895,2013,991,0,991
895,2014,991,0,991
895,2015,991,0,991
895,2016,991,0,991
895,2017,991,0,991
895,2018,991,0,991
895,2019,991,0,991
896,2007,0,1117,1117
896,2008,0,1117,1117
896,2009,0,1117,1117
897,2007,1117,0,1117
898,2005,0,1114,1114
898,2006,0,1114,1114
898,2007,0,1114,1114
898,2008,0,1114,1114
898,2009,0,1114,1114
898,2010,0,1114,1114
898,2011,0,1114,1114
898,2012,0,1114,1114
898,2013,0,1114,1114
898,2014,0,1114,1114
898,2015,0,1114,1114
898,2016,0,1114,1114
898,2017,0,1114,1114
898,2018,0,1114,1114
899,2003,0,900,900
899,2004,0,1109,1109
899,2005,0,1109,1109
899,2006,0,1109,1109
900,2005,0,1107,1107
900,2006,0,1107,1107
900,2007,0,1107,1107
900,2008,0,1107,1107
900,2009,0,1107,1107
900,2010,0,1107,1107
900,2011,0,1107,1107
900,2012,0,1107,1107
900,2013,0,1107,1107
900,2014,0,1107,1107
900,2015,0,1107,1107
900,2016,0,1107,1107
900,2017,0,1107,1107
900,2018,0,1107,1107
901,2005,0,1106,1106
901,2006,0,1106,1106
901,2007,0,1106,1106
901,2008,0,1106,1106
901,2009,0,1106,1106
901,2010,0,1106,1106
902,2008,1105,0,1105
902,2009,1105,0,1105
902,2010,1105,0,1105
902,2011,1105,0,1105
902,2012,1105,0,1105
903,2006,1105,0,1105
904,2005,0,1104,1104
905,1998,0,1103,1103
905,1999,0,1103,1103
905,2000,0,1103,1103
905,2001,0,812,812
905,2002,0,811,811
905,2003,0,811,811
905,2004,0,811,811
905,2005,0,811,811
905,2006,0,811,811
905,2007,0,811,811
905,2008,0,811,811
905,2009,0,760,760
905,2010,0,760,760
905,2011,0,759,759
905,2012,0,759,759
905,2013,0,759,759
905,2014,0,759,759
906,2005,0,1101,1101
906,2006,0,1101,1101
906,2007,0,1101,1101
906,2008,0,1101,1101
906,2009,0,1101,1101
906,2010,0,1101,1101
906,2011,0,1101,1101
906,2012,0,1101,1101
906,2013,0,1101,1101
906,2014,0,1101,1101
906,2015,0,1101,1101
906,2016,0,1101,1101
906,2017,0,1101,1101
906,2018,0,1101,1101
906,2019,0,1101,1101
907,1998,1101,0,1101
907,1999,1101,0,1101
907,2000,1101,0,1101
907,2001,1101,0,1101
907,2002,1101,0,1101
907,2003,1101,0,1101
907,2004,1101,0,1101
907,2005,1101,0,1101
907,2006,1101,0,1101
907,2007,1101,0,1101
907,2008,1101,0,1101
907,2009,1101,0,1101
907,2010,1101,0,1101
907,2011,1101,0,1101
907,2012,1101,0,1101
907,2013,1101,0,1101
907,2014,1101,0,1101
907,2015,1101,0,1101
907,2016,1101,0,1101
907,2017,1101,0,1101
907,2018,1101,0,1101
907,2019,1101,0,1101
908,1998,0,306,306
908,1999,0,306,306
908,2000,0,1026,1026
908,2001,0,1026,1026
908,2002,0,1026,1026
908,2003,0,1026,1026
908,2004,0,1024,1024
908,2005,0,1024,1024
908,2006,0,1101,1101
908,2007,0,1101,1101
908,2008,0,1101,1101
908,2009,0,1101,1101
908,2010,0,1101,1101
908,2011,0,1101,1101
908,2012,0,1101,1101
908,2013,0,1101,1101
908,2014,0,1101,1101
908,2015,0,1101,1101
908,2016,0,1101,1101
908,2017,0,1101,1101
909,2013,1093,0,1093
909,2014,1093,0,1093
909,2015,1093,0,1093
909,2016,1093,0,1093
909,2017,1093,0,1093
909,2018,1093,0,1093
909,2019,1093,0,1093
910,2013,0,1092,1092
910,2014,0,1092,1092
911,2009,1091,0,1091
911,2010,1091,0,1091
911,2011,1000,0,1000
911,2012,1000,0,1000
912,2005,0,1090,1090
912,2006,0,1090,1090
912,2007,0,1090,1090
912,2008,0,1090,1090
912,2009,0,1090,1090
912,2010,0,1090,1090
912,2011,0,1090,1090
912,2012,0,1090,1090
912,2013,0,1090,1090
912,2014,0,1090,1090
912,2015,0,1090,1090
912,2016,0,1090,1090
912,2017,0,1090,1090
912,2018,0,1090,1090
912,2019,0,1090,1090
913,2018,0,1089,1089
914,1998,654,434,1088
914,1999,654,434,1088
914,2000,654,434,1088
914,2001,654,434,1088
914,2002,653,434,1087
914,2003,653,434,1087
914,2004,653,434,1087
914,2005,653,434,1087
914,2006,653,434,1087
914,2007,653,434,1087
914,2008,653,434,1087
914,2009,653,434,1087
914,2010,653,434,1087
914,2011,653,434,1087
915,2012,0,1037,1037
915,2013,0,1037,1037
915,2014,0,1037,1037
915,2015,0,1037,1037
915,2016,0,1037,1037
915,2017,0,1037,1037
915,2018,0,1087,1087
915,2019,0,1053,1053
916,2018,1086,0,1086
916,2019,1086,0,1086
917,2012,0,1086,1086
917,2013,0,1086,1086
917,2014,0,1086,1086
917,2015,0,1086,1086
918,2000,0,1086,1086
918,2001,0,866,866
918,2002,0,866,866
918,2003,0,826,826
918,2004,0,876,876
918,2005,0,876,876
918,2006,0,876,876
918,2007,0,876,876
918,2008,0,876,876
918,2009,0,876,876
918,2010,0,876,876
919,2005,0,1085,1085
919,2006,0,1085,1085
919,2007,0,1085,1085
919,2008,0,1085,1085
919,2009,0,1085,1085
919,2010,0,1085,1085
919,2011,0,1085,1085
919,2012,0,1085,1085
919,2013,0,1085,1085
919,2014,0,1085,1085
919,2015,0,1085,1085
919,2016,0,1085,1085
919,2017,0,1085,1085
919,2018,0,1085,1085
919,2019,0,1085,1085
920,2002,0,1083,1083
920,2003,0,1083,1083
920,2004,0,1083,1083
920,2005,0,1083,1083
920,2006,0,1083,1083
920,2007,0,1083,1083
920,2008,0,1083,1083
920,2009,0,1083,1083
920,2010,0,1083,1083
920,2011,0,1083,1083
920,2012,0,1083,1083
920,2013,0,1083,1083
920,2014,0,1083,1083
920,2015,0,1083,1083
920,2016,0,1083,1083
920,2017,0,1083,1083
920,2018,0,1083,1083
920,2019,0,1083,1083
921,2005,0,1077,1077
921,2006,0,1077,1077
921,2007,0,1077,1077
921,2008,0,1077,1077
921,2009,0,1077,1077
921,2010,0,1077,1077
921,2011,0,1077,1077
921,2012,0,1077,1077
921,2013,0,1077,1077
921,2014,0,1077,1077
921,2015,0,1077,1077
921,2016,0,1077,1077
921,2017,0,1077,1077
921,2018,0,1077,1077
921,2019,0,1077,1077
922,1998,507,563,1070
922,1999,507,563,1070
922,2000,507,563,1070
922,2001,511,563,1074
922,2002,466,563,1029
922,2003,466,563,1029
922,2004,466,563,1029
922,2005,466,563,1029
922,2006,466,563,1029
922,2007,466,563,1029
922,2008,466,563,1029
922,2009,466,0,466
923,2005,0,1074,1074
924,2005,0,1072,1072
924,2006,0,1072,1072
924,2007,0,1072,1072
924,2008,0,1072,1072
924,2009,0,1072,1072
924,2010,0,1072,1072
924,2011,0,1072,1072
924,2012,0,1072,1072
924,2013,0,1072,1072
924,2014,0,1072,1072
924,2015,0,1072,1072
924,2016,0,1072,1072
924,2017,0,1072,1072
924,2018,0,1072,1072
924,2019,0,1072,1072
925,2002,0,974,974
925,2003,0,974,974
925,2004,0,1071,1071
925,2005,0,1071,1071
926,2005,0,1069,1069
926,2006,0,1069,1069
926,2007,0,1069,1069
926,2008,0,1069,1069
927,2005,0,1068,1068
927,2006,0,1068,1068
927,2007,0,1068,1068
927,2008,0,1068,1068
927,2009,0,1068,1068
927,2010,0,1068,1068
927,2011,0,1068,1068
927,2012,0,1068,1068
928,2002,0,808,808
928,2003,0,1067,1067
928,2004,0,1067,1067
929,2005,0,1063,1063
929,2006,0,1063,1063
929,2007,0,1063,1063
929,2008,0,1063,1063
929,2009,0,1063,1063
929,2010,0,1063,1063
929,2011,0,1063,1063
929,2012,0,1063,1063
929,2013,0,1063,1063
929,2014,0,1063,1063
929,2015,0,1063,1063
929,2016,0,1063,1063
929,2017,0,1063,1063
929,2018,0,1063,1063
929,2019,0,1063,1063
930,2015,1054,0,1054
930,2016,1055,0,1055
930,2017,1055,0,1055
930,2018,1055,0,1055
930,2019,1055,0,1055
931,2001,1055,0,1055
932,2005,0,1051,1051
932,2006,0,1051,1051
932,2007,0,1051,1051
932,2008,0,1051,1051
932,2009,0,1051,1051
932,2010,0,1051,1051
932,2011,0,1051,1051
932,2012,0,1051,1051
932,2013,0,1051,1051
932,2014,0,1051,1051
932,2015,0,1051,1051
932,2016,0,1051,1051
932,2017,0,1051,1051
932,2018,0,1051,1051
932,2019,0,1051,1051
933,2005,0,1050,1050
933,2006,0,1050,1050
933,2007,0,1050,1050
933,2008,0,1050,1050
933,2009,0,1050,1050
933,2010,0,1050,1050
933,2011,0,1050,1050
933,2012,0,1050,1050
934,1998,0,1047,1047
934,1999,0,1047,1047
934,2000,0,1047,1047
934,2001,0,1047,1047
934,2002,0,1047,1047
934,2003,0,1047,1047
934,2004,0,1047,1047
934,2005,0,1047,1047
934,2006,0,1047,1047
934,2007,0,1047,1047
934,2008,0,1047,1047
934,2009,0,1047,1047
934,2010,0,1047,1047
934,2011,0,1047,1047
934,2012,0,1047,1047
934,2013,0,1047,1047
934,2014,0,1047,1047
935,2005,0,1047,1047
936,2005,0,1046,1046
936,2006,0,1046,1046
936,2007,0,1046,1046
936,2008,0,1046,1046
936,2009,0,1046,1046
936,2010,0,1046,1046
936,2011,0,1046,1046
936,2012,0,1046,1046
937,2007,1045,0,1045
938,2005,0,1044,1044
939,2005,0,1043,1043
940,2009,0,939,939
940,2010,0,939,939
940,2011,0,939,939
940,2012,0,939,939
940,2013,0,992,992
940,2014,0,992,992
940,2015,0,992,992
940,2016,0,992,992
940,2017,0,1041,1041
940,2018,0,605,605
940,2019,0,605,605
941,2009,1039,0,1039
941,2010,1039,0,1039
941,2011,1039,0,1039
941,2012,1039,0,1039
941,2013,1039,0,1039
941,2014,1039,0,1039
941,2015,1039,0,1039
942,2005,0,1038,1038
942,2006,0,1038,1038
942,2007,0,1038,1038
942,2008,0,1038,1038
942,2009,0,1038,1038
942,2010,0,1038,1038
942,2011,0,1038,1038
942,2012,0,1038,1038
942,2013,0,1038,1038
942,2014,0,1038,1038
942,2015,0,1038,1038
942,2016,0,1038,1038
943,1999,0,1038,1038
944,2011,1035,0,1035
944,2012,1035,0,1035
944,2013,1035,0,1035
944,2014,1035,0,1035
945,2005,0,1034,1034
945,2006,0,1034,1034
945,2007,0,1034,1034
945,2008,0,1034,1034
945,2009,0,1034,1034
945,2010,0,1034,1034
945,2011,0,1034,1034
946,2009,1014,0,1014
946,2010,1014,0,1014
946,2011,1033,0,1033
946,2012,1033,0,1033
946,2013,1033,0,1033
947,2016,1031,0,1031
947,2017,1031,0,1031
947,2018,1031,0,1031
948,2002,0,1029,1029
948,2003,0,1029,1029
949,2006,1024,0,1024
949,2007,1024,0,1024
949,2008,1024,0,1024
949,2009,1024,0,1024
949,2010,1024,0,1024
949,2011,1024,0,1024
949,2012,1024,0,1024
949,2013,1024,0,1024
949,2014,1024,0,1024
949,2015,1028,0,1028
949,2016,1028,0,1028
949,2017,1028,0,1028
949,2018,1028,0,1028
949,2019,1028,0,1028
950,2004,0,1025,1025
951,2006,1022,0,1022
951,2007,1022,0,1022
952,2009,0,1018,1018
952,2010,0,1018,1018
952,2011,0,1018,1018
952,2012,0,1018,1018
952,2013,0,1018,1018
952,2014,0,1018,1018
952,2015,0,1018,1018
952,2016,0,1018,1018
952,2017,0,1018,1018
952,2018,0,1018,1018
952,2019,0,1018,1018
953,1998,885,129,1014
953,1999,885,129,1014
953,2000,885,129,1014
953,2001,885,129,1014
953,2002,885,129,1014
953,2003,885,129,1014
953,2004,885,0,885
953,2005,885,0,885
954,2005,0,1007,1007
954,2006,0,1007,1007
954,2007,0,1007,1007
954,2008,0,1007,1007
954,2009,0,1007,1007
954,2010,0,1007,1007
954,2011,0,1007,1007
954,2012,0,1007,1007
954,2013,0,1007,1007
954,2014,0,1007,1007
954,2015,0,1007,1007
954,2016,0,1007,1007
954,2017,0,1007,1007
954,2018,0,1007,1007
954,2019,0,1007,1007
955,2003,0,1006,1006
955,2004,0,1006,1006
955,2005,0,1006,1006
955,2006,0,1006,1006
955,2007,0,1006,1006
955,2008,0,1006,1006
956,1998,0,1004,1004
956,1999,0,1004,1004
956,2000,0,1004,1004
957,1998,0,1001,1001
958,2015,0,999,999
959,1998,0,999,999
959,1999,0,999,999
959,2000,0,999,999
959,2001,0,999,999
959,2002,0,999,999
959,2003,0,999,999
959,2004,0,999,999
959,2005,0,999,999
959,2006,0,999,999
959,2007,0,999,999
959,2008,0,999,999
959,2009,0,999,999
959,2010,0,999,999
959,2011,0,999,999
959,2012,0,999,999
959,2013,0,999,999
959,2014,0,999,999
959,2015,0,999,999
960,2006,0,999,999
960,2007,0,999,999
961,2005,0,997,997
961,2006,0,997,997
961,2007,0,997,997
961,2008,0,997,997
961,2009,0,997,997
961,2010,0,997,997
962,1998,992,0,992
962,1999,992,0,992
962,2000,992,0,992
962,2001,992,0,992
962,2002,992,0,992
962,2003,992,0,992
962,2004,992,0,992
962,2005,992,0,992
963,2002,0,991,991
964,2011,0,986,986
964,2012,0,986,986
964,2013,0,986,986
965,1998,0,986,986
966,1998,985,0,985
966,1999,985,0,985
966,2000,985,0,985
966,2001,985,0,985
966,2002,985,0,985
966,2003,985,0,985
966,2004,985,0,985
966,2005,985,0,985
966,2006,985,0,985
966,2007,985,0,985
966,2008,985,0,985
966,2009,985,0,985
966,2010,985,0,985
966,2011,985,0,985
966,2012,985,0,985
966,2013,985,0,985
966,2014,985,0,985
966,2015,985,0,985
966,2016,985,0,985
966,2017,985,0,985
966,2018,985,0,985
966,2019,985,0,985
967,1998,0,985,985
967,1999,0,985,985
967,2000,0,985,985
967,2001,0,985,985
967,2002,0,985,985
967,2003,0,985,985
967,2004,0,985,985
967,2005,0,985,985
968,2005,0,982,982
968,2006,0,982,982
968,2007,0,982,982
968,2008,0,982,982
968,2009,0,982,982
968,2010,0,982,982
968,2011,0,982,982
968,2012,0,982,982
968,2013,0,982,982
968,2014,0,982,982
968,2015,0,982,982
968,2016,0,982,982
968,2017,0,982,982
968,2018,0,982,982
968,2019,0,982,982
969,2009,980,0,980
969,2010,980,0,980
969,2011,980,0,980
969,2012,952,0,952
969,2013,956,0,956
969,2014,956,0,956
969,2015,959,0,959
969,2016,959,0,959
970,2005,0,979,979
970,2006,0,979,979
970,2007,0,979,979
970,2008,0,979,979
970,2009,0,979,979
970,2010,0,979,979
970,2011,0,979,979
970,2012,0,979,979
970,2013,0,979,979
971,1998,0,978,978
971,1999,0,978,978
971,2000,0,978,978
971,2001,0,978,978
971,2002,0,978,978
971,2003,0,978,978
971,2004,0,978,978
971,2005,0,978,978
971,2006,0,978,978
971,2007,0,978,978
972,1998,976,0,976
972,1999,976,0,976
972,2000,976,0,976
972,2001,976,0,976
972,2002,976,0,976
972,2003,976,0,976
972,2004,976,0,976
972,2005,976,0,976
973,2004,0,976,976
974,2005,0,974,974
974,2006,0,974,974
974,2007,0,974,974
974,2008,0,974,974
974,2009,0,974,974
975,2005,0,973,973
976,1999,0,960,960
976,2000,0,973,973
977,2017,971,0,971
977,2018,971,0,971
977,2019,971,0,971
978,2005,0,968,968
978,2006,0,968,968
978,2007,0,968,968
978,2008,0,968,968
978,2009,0,968,968
978,2010,0,968,968
978,2011,0,968,968
978,2012,0,968,968
978,2013,0,968,968
979,1998,0,968,968
979,1999,0,968,968
979,2000,0,968,968
980,1998,819,147,966
980,1999,819,147,966
980,2000,819,147,966
980,2001,819,147,966
980,2002,819,147,966
980,2003,819,147,966
980,2004,819,147,966
980,2005,819,147,966
981,2005,0,965,965
981,2006,0,965,965
981,2007,0,965,965
981,2008,0,965,965
981,2009,0,965,965
981,2010,0,965,965
981,2011,0,965,965
981,2012,0,965,965
981,2013,0,965,965
981,2014,0,965,965
981,2015,0,965,965
981,2016,0,965,965
982,2013,0,964,964
982,2014,0,964,964
982,2015,0,964,964
982,2016,0,964,964
982,2017,0,964,964
982,2018,0,964,964
983,2005,0,964,964
983,2006,0,964,964
983,2007,0,964,964
983,2008,0,964,964
983,2009,0,964,964
983,2010,0,964,964
984,2003,0,964,964
984,2004,0,964,964
984,2005,0,964,964
985,1998,0,963,963
985,1999,0,963,963
986,2007,0,962,962
987,1999,961,0,961
987,2000,961,0,961
987,2001,961,0,961
988,1998,0,960,960
988,1999,0,960,960
988,2000,0,960,960
988,2001,0,936,936
988,2002,0,936,936
988,2003,0,936,936
988,2004,0,936,936
988,2005,0,936,936
988,2006,0,936,936
988,2007,0,936,936
988,2008,0,936,936
988,2009,0,936,936
988,2010,0,936,936
988,2011,0,936,936
988,2012,0,936,936
988,2013,0,936,936
988,2014,0,936,936
988,2015,0,936,936
989,2005,0,959,959
989,2006,0,959,959
989,2007,0,959,959
989,2008,0,959,959
989,2009,0,959,959
989,2010,0,959,959
989,2011,0,959,959
989,2012,0,959,959
989,2013,0,959,959
989,2014,0,959,959
989,2015,0,959,959
989,2016,0,959,959
989,2017,0,959,959
989,2018,0,959,959
989,2019,0,959,959
990,2005,0,959,959
990,2006,0,959,959
990,2007,0,959,959
990,2008,0,959,959
990,2009,0,959,959
990,2010,0,959,959
990,2011,0,959,959
990,2012,0,959,959
990,2013,0,959,959
990,2014,0,959,959
990,2015,0,959,959
990,2016,0,959,959
990,2017,0,959,959
990,2018,0,959,959
990,2019,0,959,959
991,2012,959,0,959
991,2013,959,0,959
991,2014,959,0,959
992,2006,959,0,959
992,2007,959,0,959
992,2008,959,0,959
993,2005,0,957,957
993,2006,0,957,957
993,2007,0,957,957
993,2008,0,957,957
993,2009,0,957,957
993,2010,0,957,957
993,2011,0,957,957
993,2012,0,957,957
993,2013,0,957,957
993,2014,0,957,957
993,2015,0,957,957
993,2016,0,957,957
993,2017,0,957,957
993,2018,0,957,957
993,2019,0,957,957
994,2005,0,957,957
994,2006,0,957,957
994,2007,0,957,957
994,2008,0,957,957
995,2007,795,161,956
995,2008,795,161,956
995,2009,795,161,956
995,2010,0,196,196
996,2005,0,956,956
996,2006,0,956,956
996,2007,0,956,956
997,2005,0,955,955
997,2006,0,955,955
997,2007,0,955,955
997,2008,0,955,955
997,2009,0,955,955
997,2010,0,955,955
997,2011,0,955,955
997,2012,0,955,955
997,2013,0,955,955
997,2014,0,955,955
997,2015,0,955,955
997,2016,0,955,955
997,2017,0,955,955
997,2018,0,955,955
997,2019,0,955,955
998,2006,0,953,953
998,2007,0,953,953
998,2008,0,953,953
998,2009,0,953,953
998,2010,0,953,953
998,2011,0,953,953
998,2012,0,953,953
998,2013,0,953,953
998,2014,0,953,953
998,2015,0,953,953
998,2016,0,953,953
998,2017,0,953,953
998,2018,0,953,953
998,2019,0,953,953
999,1998,0,950,950
999,1999,0,950,950
999,2000,0,950,950
1000,2005,0,948,948
1000,2006,0,948,948
1000,2007,0,948,948
1000,2008,0,948,948
1000,2009,0,948,948
1001,2005,0,948,948
1002,2005,0,943,943
1002,2006,0,943,943
1002,2007,0,943,943
1002,2008,0,943,943
1002,2009,0,943,943
1002,2010,0,943,943
1003,1998,0,936,936
1003,1999,0,936,936
1003,2000,0,936,936
1003,2001,0,936,936
1003,2002,0,936,936
1003,2003,0,936,936
1003,2004,0,936,936
1003,2005,0,942,942
1004,1998,0,941,941
1004,1999,0,941,941
1004,2000,0,941,941
1004,2001,0,941,941
1005,2007,642,298,940
1006,2005,0,937,937
1006,2006,0,937,937
1006,2007,0,937,937
1006,2008,0,937,937
1006,2009,0,937,937
1007,2008,0,937,937
1007,2009,0,937,937
1008,2002,0,935,935
1008,2003,0,935,935
1009,2007,0,931,931
1010,2005,0,930,930
1010,2006,0,930,930
1010,2007,0,930,930
1010,2008,0,930,930
1010,2009,0,930,930
1011,2005,0,929,929
1011,2006,0,929,929
1011,2007,0,929,929
1011,2008,0,929,929
1011,2009,0,929,929
1011,2010,0,929,929
1011,2011,0,929,929
1012,1998,0,915,915
1012,1999,0,915,915
1012,2000,0,921,921
1013,2005,0,920,920
1013,2006,0,920,920
1013,2007,0,920,920
1013,2008,0,920,920
1013,2009,0,920,920
1013,2010,0,920,920
1013,2011,0,920,920
1013,2012,0,920,920
1013,2013,0,920,920
1013,2014,0,920,920
1013,2015,0,920,920
1013,2016,0,920,920
1013,2017,0,920,920
1013,2018,0,920,920
1013,2019,0,920,920
1014,1998,0,813,813
1014,1999,0,920,920
1014,2000,0,920,920
1015,1998,0,920,920
1016,2017,917,0,917
1016,2018,917,0,917
1016,2019,884,0,884
1017,2015,917,0,917
1018,2005,0,916,916
1019,2001,149,766,915
1019,2002,149,766,915
1019,2003,149,766,915
1019,2004,149,766,915
1019,2005,149,766,915
1020,2005,0,845,845
1020,2006,0,842,842
1020,2007,0,914,914
1020,2008,0,914,914
1020,2009,0,914,914
1020,2010,0,914,914
1021,1998,0,914,914
1021,1999,0,914,914
1021,2000,0,914,914
1021,2001,0,914,914
1021,2002,0,914,914
1021,2003,0,914,914
1021,2004,0,914,914
1021,2005,0,914,914
1022,2005,0,913,913
1022,2006,0,913,913
1022,2007,0,913,913
1022,2008,0,913,913
1022,2009,0,913,913
1022,2010,0,913,913
1022,2011,0,913,913
1022,2012,0,913,913
1022,2013,0,913,913
1022,2014,0,913,913
1022,2015,0,913,913
1022,2016,0,913,913
1022,2017,0,913,913
1022,2018,0,913,913
1022,2019,0,913,913
1023,2013,911,0,911
1024,1998,910,0,910
1024,1999,910,0,910
1024,2000,910,0,910
1024,2001,910,0,910
1024,2002,910,0,910
1024,2003,910,0,910
1024,2004,910,0,910
1024,2005,910,0,910
1024,2006,910,0,910
1024,2007,910,0,910
1024,2008,910,0,910
1024,2009,910,0,910
1024,2010,910,0,910
1024,2011,910,0,910
1024,2012,910,0,910
1024,2013,910,0,910
1024,2014,910,0,910
1024,2015,910,0,910
1024,2016,910,0,910
1024,2017,910,0,910
1024,2018,910,0,910
1024,2019,910,0,910
1025,1998,0,910,910
1025,1999,0,910,910
1025,2000,0,910,910
1025,2001,0,910,910
1025,2002,0,910,910
1026,2005,0,907,907
1026,2006,0,907,907
1026,2007,0,907,907
1026,2008,0,907,907
1026,2009,0,907,907
1026,2010,0,907,907
1026,2011,0,907,907
1026,2012,0,907,907
1026,2013,0,907,907
1026,2014,0,907,907
1026,2015,0,907,907
1026,2016,0,907,907
1026,2017,0,907,907
1026,2018,0,907,907
1026,2019,0,907,907
1027,2005,0,906,906
1027,2006,0,906,906
1027,2007,0,906,906
1027,2008,0,906,906
1027,2009,0,906,906
1027,2010,0,906,906
1027,2011,0,906,906
1027,2012,0,906,906
1027,2013,0,906,906
1028,2003,608,298,906
1028,2004,608,298,906
1029,2005,0,905,905
1029,2006,0,905,905
1029,2007,0,905,905
1029,2008,0,905,905
1029,2009,0,905,905
1029,2010,0,905,905
1029,2011,0,905,905
1029,2012,0,905,905
1029,2013,0,905,905
1029,2014,0,905,905
1029,2015,0,905,905
1029,2016,0,905,905
1029,2017,0,905,905
1029,2018,0,905,905
1029,2019,0,905,905
1030,2012,903,0,903
1030,2013,903,0,903
1030,2014,903,0,903
1030,2015,903,0,903
1030,2016,903,0,903
1030,2017,903,0,903
1030,2018,903,0,903
1030,2019,903,0,903
1031,1999,0,902,902
1031,2000,0,903,903
1031,2001,0,903,903
1031,2002,0,903,903
1031,2003,0,903,903
1032,2003,0,900,900
1033,2005,0,898,898
1033,2006,0,898,898
1033,2007,0,898,898
1033,2008,0,898,898
1033,2009,0,898,898
1033,2010,0,898,898
1033,2011,0,898,898
1033,2012,0,898,898
1033,2013,0,898,898
1034,1998,309,523,832
1034,1999,309,523,832
1034,2000,309,523,832
1034,2001,309,523,832
1034,2002,308,511,819
1034,2003,308,511,819
1034,2004,308,511,819
1034,2005,308,511,819
1034,2006,308,511,819
1034,2007,308,511,819
1034,2008,308,511,819
1034,2009,308,511,819
1034,2010,308,511,819
1034,2011,308,511,819
1034,2012,308,511,819
1034,2013,308,511,819
1034,2014,308,511,819
1034,2015,308,511,819
1034,2016,308,511,819
1034,2017,335,540,875
1034,2018,335,562,897
1034,2019,335,562,897
1035,2002,896,0,896
1035,2003,896,0,896
1035,2004,896,0,896
1035,2005,896,0,896
1036,1998,893,0,893
1036,1999,893,0,893
1036,2000,893,0,893
1036,2001,893,0,893
1036,2002,893,0,893
1036,2003,893,0,893
1036,2004,893,0,893
1036,2005,893,0,893
1036,2006,893,0,893
1036,2007,893,0,893
1036,2008,893,0,893
1036,2009,893,0,893
1036,2010,893,0,893
1036,2011,893,0,893
1036,2012,893,0,893
1036,2013,893,0,893
1036,2014,893,0,893
1036,2015,893,0,893
1036,2016,893,0,893
1036,2017,893,0,893
1036,2018,893,0,893
1036,2019,893,0,893
1037,2005,0,891,891
1037,2006,0,891,891
1037,2007,0,891,891
1037,2008,0,891,891
1037,2009,0,891,891
1037,2010,0,891,891
1037,2011,0,891,891
1037,2012,0,891,891
1037,2013,0,891,891
1037,2014,0,891,891
1037,2015,0,891,891
1037,2016,0,891,891
1037,2017,0,891,891
1037,2018,0,891,891
1037,2019,0,891,891
1038,1998,891,0,891
1038,1999,891,0,891
1039,2005,0,886,886
1039,2006,0,886,886
1039,2007,0,886,886
1039,2008,0,886,886
1039,2009,0,886,886
1039,2010,0,886,886
1039,2011,0,886,886
1039,2012,0,886,886
1039,2013,0,886,886
1039,2014,0,886,886
1039,2015,0,886,886
1039,2016,0,886,886
1039,2017,0,886,886
1039,2018,0,886,886
1039,2019,0,886,886
1040,2005,0,881,881
1040,2006,0,881,881
1040,2007,0,881,881
1040,2008,0,881,881
1040,2009,0,881,881
1040,2010,0,881,881
1040,2011,0,881,881
1040,2012,0,881,881
1040,2013,0,881,881
1040,2014,0,881,881
1040,2015,0,881,881
1040,2016,0,881,881
1040,2017,0,881,881
1040,2018,0,881,881
1040,2019,0,881,881
1041,1998,0,880,880
1042,2011,879,0,879
1043,2009,877,0,877
1043,2010,877,0,877
1043,2011,877,0,877
1043,2012,877,0,877
1043,2013,877,0,877
1043,2014,877,0,877
1043,2015,877,0,877
1043,2016,877,0,877
1043,2017,877,0,877
1043,2018,877,0,877
1043,2019,877,0,877
1044,2005,0,876,876
1044,2006,0,876,876
1044,2007,0,876,876
1044,2008,0,876,876
1044,2009,0,876,876
1044,2010,0,876,876
1044,2011,0,876,876
1044,2012,0,876,876
1044,2013,0,876,876
1044,2014,0,876,876
1044,2015,0,876,876
1044,2016,0,876,876
1044,2017,0,876,876
1044,2018,0,876,876
1044,2019,0,876,876
1045,2000,876,0,876
1045,2001,876,0,876
1045,2002,876,0,876
1045,2003,876,0,876
1045,2004,876,0,876
1045,2005,876,0,876
1045,2006,876,0,876
1045,2007,876,0,876
1045,2008,876,0,876
1045,2009,876,0,876
1045,2010,876,0,876
1045,2011,876,0,876
1045,2012,876,0,876
1045,2013,876,0,876
1045,2014,876,0,876
1045,2015,876,0,876
1045,2016,876,0,876
1045,2017,876,0,876
1045,2018,876,0,876
1045,2019,876,0,876
1046,2013,382,0,382
1046,2014,382,0,382
1046,2015,382,0,382
1046,2016,382,0,382
1046,2017,876,0,876
1046,2018,876,0,876
1046,2019,876,0,876
1047,2005,0,876,876
1047,2006,0,876,876
1047,2007,0,876,876
1047,2008,0,876,876
1047,2009,0,876,876
1047,2010,0,876,876
1047,2011,0,876,876
1047,2012,0,876,876
1048,2005,0,875,875
1048,2006,0,875,875
1048,2007,0,875,875
1048,2008,0,875,875
1048,2009,0,875,875
1048,2010,0,875,875
1048,2011,0,875,875
1048,2012,0,875,875
1048,2013,0,875,875
1048,2014,0,875,875
1048,2015,0,875,875
1048,2016,0,875,875
1048,2017,0,875,875
1048,2018,0,875,875
1048,2019,0,875,875
1049,2005,0,872,872
1050,2019,0,869,869
1051,2005,0,869,869
1051,2006,0,869,869
1051,2007,0,869,869
1051,2008,0,869,869
1051,2009,0,869,869
1051,2010,0,869,869
1051,2011,0,869,869
1051,2012,0,869,869
1051,2013,0,869,869
1051,2014,0,869,869
1051,2015,0,869,869
1051,2016,0,869,869
1051,2017,0,869,869
1051,2018,0,869,869
1051,2019,0,869,869
1052,1998,868,0,868
1053,2005,0,866,866
1053,2006,0,866,866
1053,2007,0,866,866
1053,2008,0,866,866
1053,2009,0,866,866
1053,2010,0,866,866
1053,2011,0,866,866
1053,2012,0,866,866
1053,2013,0,866,866
1053,2014,0,866,866
1053,2015,0,866,866
1053,2016,0,866,866
1053,2017,0,866,866
1053,2018,0,866,866
1053,2019,0,866,866
1054,2009,862,0,862
1055,2014,861,0,861
1055,2015,858,0,858
1055,2016,858,0,858
1056,2005,0,861,861
1056,2006,0,861,861
1056,2007,0,861,861
1056,2008,0,861,861
1056,2009,0,861,861
1057,2005,0,860,860
1057,2006,0,860,860
1057,2007,0,860,860
1057,2008,0,860,860
1057,2009,0,860,860
1057,2010,0,860,860
1057,2011,0,860,860
1057,2012,0,860,860
1057,2013,0,860,860
1057,2014,0,860,860
1057,2015,0,860,860
1057,2016,0,860,860
1058,2005,0,860,860
1058,2006,0,860,860
1058,2007,0,860,860
1058,2008,0,860,860
1058,2009,0,860,860
1058,2010,0,860,860
1058,2011,0,860,860
1058,2012,0,860,860
1059,1998,0,857,857
1059,1999,0,857,857
1059,2000,0,857,857
1059,2001,0,857,857
1059,2002,0,857,857
1059,2003,0,857,857
1059,2004,0,857,857
1059,2005,0,857,857
1059,2006,0,857,857
1059,2007,0,857,857
1060,1998,854,0,854
1060,1999,854,0,854
1060,2000,854,0,854
1060,2001,854,0,854
1060,2002,854,0,854
1060,2003,854,0,854
1060,2004,854,0,854
1060,2005,854,0,854
1060,2006,854,0,854
1060,2007,854,0,854
1060,2008,854,0,854
1060,2009,854,0,854
1060,2010,854,0,854
1060,2011,854,0,854
1060,2012,854,0,854
1060,2013,854,0,854
1060,2014,854,0,854
1060,2015,855,0,855
1060,2016,855,0,855
1060,2017,855,0,855
1060,2018,855,0,855
1060,2019,855,0,855
1061,1998,0,853,853
1061,1999,0,853,853
1061,2000,0,853,853
1061,2001,0,853,853
1061,2002,0,853,853
1061,2003,0,853,853
1061,2004,0,853,853
1061,2005,0,853,853
1062,2015,0,852,852
1063,1998,464,385,849
1063,1999,464,385,849
1063,2000,464,385,849
1063,2001,464,385,849
1063,2002,463,385,848
1063,2003,463,385,848
1063,2004,463,385,848
1063,2005,463,385,848
1063,2006,410,385,795
1063,2007,410,385,795
1063,2008,444,385,829
1063,2009,444,292,736
1063,2010,448,292,740
1063,2011,448,292,740
1063,2012,448,292,740
1063,2013,448,292,740
1063,2014,448,292,740
1063,2015,446,292,738
1063,2016,446,292,738
1063,2017,446,292,738
1063,2018,446,292,738
1063,2019,446,292,738
1064,2012,0,843,843
1064,2013,0,843,843
1064,2014,0,843,843
1065,2013,840,0,840
1065,2014,840,0,840
1065,2015,840,0,840
1065,2016,840,0,840
1065,2017,840,0,840
1065,2018,840,0,840
1065,2019,840,0,840
1066,1998,838,0,838
1066,1999,838,0,838
1066,2000,838,0,838
1066,2001,838,0,838
1066,2002,838,0,838
1066,2003,838,0,838
1066,2004,838,0,838
1066,2005,838,0,838
1066,2006,838,0,838
1066,2007,838,0,838
1066,2008,838,0,838
1066,2009,838,0,838
1066,2010,838,0,838
1066,2011,838,0,838
1066,2012,838,0,838
1066,2013,838,0,838
1066,2014,838,0,838
1066,2015,838,0,838
1067,2004,0,838,838
1067,2005,0,838,838
1067,2006,0,838,838
1067,2007,0,838,838
1067,2008,0,838,838
1068,1998,836,0,836
1068,1999,836,0,836
1068,2000,836,0,836
1068,2001,836,0,836
1068,2002,836,0,836
1068,2003,836,0,836
1068,2004,836,0,836
1068,2005,836,0,836
1068,2006,836,0,836
1068,2007,836,0,836
1068,2008,836,0,836
1068,2009,836,0,836
1068,2010,836,0,836
1069,2008,0,836,836
1070,1998,0,834,834
1070,1999,0,834,834
1070,2000,0,834,834
1070,2001,0,834,834
1071,2005,0,830,830
1071,2006,0,830,830
1071,2007,0,830,830
1071,2008,0,830,830
1071,2009,0,830,830
1071,2010,0,830,830
1071,2011,0,830,830
1071,2012,0,830,830
1071,2013,0,830,830
1071,2014,0,830,830
1071,2015,0,830,830
1071,2016,0,830,830
1071,2017,0,830,830
1071,2018,0,830,830
1071,2019,0,830,830
1072,2002,825,0,825
1072,2003,825,0,825
1072,2004,825,0,825
1072,2005,825,0,825
1072,2006,825,0,825
1072,2007,825,0,825
1072,2008,825,0,825
1072,2009,825,0,825
1072,2010,825,0,825
1072,2011,825,0,825
1072,2012,825,0,825
1072,2013,825,0,825
1072,2014,825,0,825
1072,2015,825,0,825
1072,2016,825,0,825
1072,2017,825,0,825
1072,2018,825,0,825
1072,2019,825,0,825
1073,2015,0,824,824
1073,2016,0,824,824
1073,2017,0,824,824
1073,2018,0,824,824
1073,2019,0,824,824
1074,1998,0,824,824
1074,1999,0,824,824
1074,2000,0,824,824
1074,2001,0,824,824
1074,2002,0,824,824
1074,2003,0,824,824
1074,2004,0,824,824
1074,2005,0,824,824
1074,2006,0,824,824
1074,2007,0,824,824
1074,2008,0,824,824
1074,2009,0,824,824
1074,2010,0,824,824
1074,2011,0,824,824
1074,2012,0,824,824
1074,2013,0,824,824
1074,2014,0,824,824
1074,2015,0,824,824
1075,2016,0,821,821
1075,2017,0,823,823
1075,2018,0,823,823
1075,2019,0,823,823
1076,2009,821,0,821
1076,2010,821,0,821
1076,2011,821,0,821
1076,2012,821,0,821
1076,2013,821,0,821
1076,2014,821,0,821
1076,2015,821,0,821
1076,2016,821,0,821
1076,2017,821,0,821
1076,2018,821,0,821
1076,2019,821,0,821
1077,2005,0,821,821
1077,2006,0,821,821
1077,2007,0,821,821
1077,2008,0,821,821
1077,2009,0,821,821
1077,2010,0,821,821
1077,2011,0,821,821
1077,2012,0,821,821
1078,2013,0,818,818
1079,1998,0,817,817
1079,1999,0,817,817
1079,2000,0,817,817
1079,2001,0,817,817
1079,2002,0,817,817
1079,2003,0,817,817
1079,2004,0,817,817
1079,2005,0,817,817
1080,2004,815,0,815
1080,2005,815,0,815
1081,1998,813,0,813
1081,1999,813,0,813
1082,1998,0,812,812
1082,1999,0,812,812
1082,2000,0,812,812
1082,2001,0,812,812
1082,2002,0,812,812
1082,2003,0,812,812
1082,2004,0,812,812
1082,2005,0,812,812
1083,1998,808,0,808
1083,1999,808,0,808
1083,2000,808,0,808
1083,2001,808,0,808
1083,2002,808,0,808
1083,2003,808,0,808
1083,2004,808,0,808
1083,2005,808,0,808
1083,2006,808,0,808
1083,2007,808,0,808
1083,2008,808,0,808
1083,2009,808,0,808
1083,2010,808,0,808
1083,2011,808,0,808
1083,2012,808,0,808
1083,2013,808,0,808
1083,2014,808,0,808
1083,2015,808,0,808
1083,2016,808,0,808
1083,2017,808,0,808
1083,2018,808,0,808
1083,2019,808,0,808
1084,1998,0,802,802
1084,1999,0,802,802
1084,2000,0,802,802
1084,2001,0,802,802
1084,2002,0,802,802
1084,2003,0,802,802
1084,2004,0,802,802
1084,2005,0,802,802
1085,1998,0,797,797
1085,1999,0,797,797
1085,2000,0,797,797
1085,2001,0,797,797
1085,2002,0,797,797
1085,2003,0,797,797
1085,2004,0,797,797
1085,2005,0,797,797
1085,2006,0,797,797
1085,2007,0,797,797
1085,2008,0,797,797
1085,2009,0,801,801
1085,2010,0,801,801
1085,2011,0,801,801
1085,2012,0,801,801
1085,2013,0,801,801
1085,2014,0,801,801
1085,2015,0,801,801
1085,2016,0,801,801
1085,2017,0,801,801
1085,2018,0,801,801
1085,2019,0,801,801
1086,1998,769,0,769
1086,1999,769,0,769
1086,2000,769,0,769
1086,2001,797,0,797
1086,2002,797,0,797
1086,2003,797,0,797
1086,2004,797,0,797
1086,2005,797,0,797
1086,2006,797,0,797
1086,2007,797,0,797
1086,2008,797,0,797
1086,2009,797,0,797
1086,2010,797,0,797
1086,2011,797,0,797
1086,2012,797,0,797
1086,2013,797,0,797
1086,2014,797,0,797
1086,2015,797,0,797
1086,2016,797,0,797
1086,2017,797,0,797
1086,2018,797,0,797
1086,2019,797,0,797
1087,1998,0,797,797
1087,1999,0,797,797
1088,2018,0,796,796
1088,2019,0,796,796
1089,2016,0,796,796
1090,2013,0,796,796
1090,2014,0,796,796
1091,1998,0,796,796
1091,1999,0,796,796
1091,2000,0,796,796
1092,2018,794,0,794
1092,2019,765,0,765
1093,2010,789,0,789
1093,2011,789,0,789
1093,2012,789,0,789
1094,1998,0,789,789
1095,2016,0,723,723
1095,2017,0,788,788
1095,2018,0,788,788
1096,2000,785,0,785
1096,2001,785,0,785
1096,2002,785,0,785
1096,2003,785,0,785
1096,2004,785,0,785
1096,2005,785,0,785
1096,2006,785,0,785
1096,2007,785,0,785
1096,2008,785,0,785
1096,2009,746,0,746
1096,2010,746,0,746
1096,2011,746,0,746
1096,2012,746,0,746
1096,2013,746,0,746
1096,2014,746,0,746
1096,2015,746,0,746
1096,2016,746,0,746
1096,2017,748,0,748
1096,2018,748,0,748
1096,2019,748,0,748
1097,1998,0,783,783
1097,1999,0,783,783
1097,2000,0,783,783
1097,2001,0,783,783
1097,2002,0,783,783
1097,2003,0,783,783
1097,2004,0,783,783
1097,2005,0,783,783
1097,2006,0,783,783
1097,2007,0,783,783
1097,2008,0,783,783
1097,2009,0,783,783
1097,2010,0,783,783
1097,2011,0,783,783
1097,2012,0,783,783
1097,2013,0,783,783
1097,2014,0,783,783
1097,2015,0,783,783
1097,2016,0,783,783
1097,2017,0,783,783
1097,2018,0,783,783
1097,2019,0,783,783
1098,1998,0,782,782
1098,1999,0,782,782
1098,2000,0,782,782
1099,2005,0,781,781
1099,2006,0,781,781
1099,2007,0,781,781
1099,2008,0,781,781
1099,2009,0,781,781
1099,2010,0,781,781
1099,2011,0,781,781
1099,2012,0,781,781
1099,2013,0,781,781
1099,2014,0,781,781
1099,2015,0,781,781
1099,2016,0,781,781
1099,2017,0,781,781
1100,1998,745,0,745
1100,1999,745,0,745
1100,2000,745,0,745
1100,2001,780,0,780
1100,2002,780,0,780
1100,2003,780,0,780
1100,2004,780,0,780
1100,2005,780,0,780
1100,2006,780,0,780
1100,2007,780,0,780
1100,2008,780,0,780
1100,2009,780,0,780
1100,2010,780,0,780
1100,2011,780,0,780
1100,2012,780,0,780
1100,2013,780,0,780
1100,2014,780,0,780
1100,2015,780,0,780
1100,2016,780,0,780
1100,2017,780,0,780
1100,2018,780,0,780
1100,2019,780,0,780
1101,2013,696,0,696
1101,2014,696,0,696
1101,2015,696,0,696
1101,2016,696,0,696
1101,2017,780,0,780
1101,2018,780,0,780
1101,2019,780,0,780
1102,2019,0,775,775
1103,2016,0,774,774
1103,2017,0,774,774
1104,2007,426,345,771
1104,2008,426,345,771
1104,2009,426,345,771
1104,2010,426,345,771
1104,2011,426,345,771
1104,2012,426,345,771
1104,2013,426,345,771
1104,2014,426,345,771
1104,2015,426,345,771
1104,2016,426,346,772
1104,2017,426,346,772
1104,2018,426,346,772
1104,2019,426,346,772
1105,2009,0,771,771
1105,2010,0,771,771
1105,2011,0,771,771
1105,2012,0,771,771
1106,1998,768,0,768
1106,1999,768,0,768
1106,2000,768,0,768
1106,2001,768,0,768
1106,2002,768,0,768
1106,2003,768,0,768
1106,2004,768,0,768
1106,2005,768,0,768
1107,2019,0,767,767
1108,2016,0,241,241
1108,2017,0,241,241
1108,2018,0,767,767
1109,1998,0,767,767
1109,1999,0,767,767
1109,2000,0,767,767
1109,2001,0,673,673
1109,2002,0,673,673
1109,2003,0,688,688
1109,2004,0,688,688
1109,2005,0,686,686
1109,2006,0,686,686
1109,2007,0,686,686
1109,2008,0,686,686
1110,1998,0,764,764
1110,1999,0,764,764
1110,2000,0,764,764
1110,2001,0,764,764
1110,2002,0,764,764
1110,2003,0,764,764
1110,2004,0,764,764
1110,2005,0,764,764
1110,2006,0,764,764
1110,2007,0,764,764
1110,2008,0,764,764
1110,2009,0,764,764
1110,2010,0,764,764
1110,2011,0,764,764
1110,2012,0,764,764
1110,2013,0,764,764
1110,2014,0,764,764
1110,2015,0,764,764
1110,2016,0,764,764
1110,2017,0,764,764
1110,2018,0,764,764
1110,2019,0,764,764
1111,2002,0,763,763
1111,2003,0,763,763
1111,2004,0,763,763
1111,2005,0,763,763
1111,2006,0,763,763
1111,2007,0,763,763
1111,2008,0,763,763
1111,2009,0,756,756
1111,2010,0,756,756
1111,2011,0,756,756
1112,1998,0,762,762
1113,1998,760,0,760
1113,1999,760,0,760
1113,2000,760,0,760
1113,2001,760,0,760
1113,2002,760,0,760
1113,2003,760,0,760
1113,2004,760,0,760
1114,2015,0,759,759
1115,1998,0,708,708
1115,1999,0,708,708
1115,2000,0,708,708
1115,2001,0,708,708
1115,2002,0,708,708
1115,2003,0,708,708
1115,2004,0,708,708
1115,2005,0,750,750
1115,2006,0,750,750
1115,2007,0,750,750
1115,2008,0,734,734
1115,2009,0,734,734
1115,2010,0,734,734
1115,2011,0,734,734
1115,2012,0,731,731
1115,2013,0,731,731
1115,2014,0,731,731
1115,2015,0,731,731
1115,2016,0,731,731
1115,2017,0,731,731
1115,2018,0,731,731
1115,2019,0,731,731
1116,1998,748,0,748
1116,1999,748,0,748
1116,2000,748,0,748
1116,2001,748,0,748
1116,2002,748,0,748
1116,2003,748,0,748
1116,2004,748,0,748
1116,2005,748,0,748
1116,2006,748,0,748
1116,2007,748,0,748
1116,2008,748,0,748
1116,2009,748,0,748
1116,2010,748,0,748
1116,2011,748,0,748
1116,2012,748,0,748
1116,2013,748,0,748
1116,2014,748,0,748
1116,2015,748,0,748
1116,2016,748,0,748
1116,2017,748,0,748
1116,2018,748,0,748
1116,2019,748,0,748
1117,1998,0,461,461
1117,1999,0,514,514
1117,2000,0,514,514
1117,2001,0,514,514
1117,2002,0,157,157
1117,2003,0,742,742
1117,2004,0,742,742
1117,2005,0,741,741
1117,2006,0,741,741
1117,2007,0,741,741
1118,1998,740,0,740
1118,1999,740,0,740
1118,2000,740,0,740
1118,2001,740,0,740
1118,2002,740,0,740
1118,2003,740,0,740
1118,2004,740,0,740
1118,2005,740,0,740
1118,2006,740,0,740
1118,2007,740,0,740
1118,2008,740,0,740
1118,2009,740,0,740
1118,2010,740,0,740
1118,2011,740,0,740
1118,2012,740,0,740
1118,2013,740,0,740
1118,2014,740,0,740
1118,2015,740,0,740
1118,2016,740,0,740
1118,2017,740,0,740
1118,2018,740,0,740
1118,2019,740,0,740
1119,1998,739,0,739
1119,1999,739,0,739
1119,2000,739,0,739
1119,2001,739,0,739
1119,2002,739,0,739
1119,2003,739,0,739
1119,2004,739,0,739
1119,2005,739,0,739
1119,2006,739,0,739
1119,2007,739,0,739
1119,2008,739,0,739
1119,2009,739,0,739
1119,2010,739,0,739
1119,2011,739,0,739
1119,2012,739,0,739
1119,2013,739,0,739
1119,2014,739,0,739
1119,2015,739,0,739
1119,2016,739,0,739
1119,2017,739,0,739
1119,2018,739,0,739
1119,2019,739,0,739
1120,1998,737,0,737
1120,1999,737,0,737
1120,2000,737,0,737
1120,2001,737,0,737
1120,2002,737,0,737
1120,2003,737,0,737
1120,2004,737,0,737
1120,2005,737,0,737
1121,2004,733,0,733
1122,1998,731,0,731
1122,1999,731,0,731
1122,2000,731,0,731
1122,2001,731,0,731
1122,2002,731,0,731
1122,2003,731,0,731
1122,2004,731,0,731
1122,2005,731,0,731
1123,1998,694,0,694
1123,1999,694,0,694
1123,2000,694,0,694
1123,2001,729,0,729
1123,2002,729,0,729
1123,2003,729,0,729
1123,2004,729,0,729
1123,2005,729,0,729
1123,2006,729,0,729
1123,2007,729,0,729
1123,2008,729,0,729
1123,2009,729,0,729
1123,2010,729,0,729
1123,2011,729,0,729
1123,2012,729,0,729
1123,2013,729,0,729
1123,2014,729,0,729
1123,2015,729,0,729
1123,2016,729,0,729
1123,2017,729,0,729
1123,2018,729,0,729
1123,2019,729,0,729
1124,2006,575,0,575
1124,2007,575,0,575
1124,2008,575,0,575
1124,2009,575,0,575
1124,2010,575,0,575
1124,2011,575,0,575
1124,2012,575,0,575
1124,2013,727,0,727
1124,2014,727,0,727
1124,2015,727,0,727
1124,2016,727,0,727
1124,2017,727,0,727
1124,2018,727,0,727
1124,2019,727,0,727
1125,1998,0,725,725
1125,1999,0,725,725
1125,2000,0,725,725
1125,2001,0,725,725
1125,2002,0,725,725
1126,1998,724,0,724
1126,1999,724,0,724
1126,2000,724,0,724
1126,2001,724,0,724
1126,2002,717,0,717
1126,2003,717,0,717
1126,2004,717,0,717
1126,2005,485,0,485
1126,2006,485,0,485
1127,1998,0,722,722
1127,1999,0,722,722
1127,2000,0,722,722
1127,2001,0,722,722
1127,2002,0,722,722
1127,2003,0,722,722
1127,2004,0,722,722
1127,2005,0,722,722
1128,1998,0,721,721
1128,1999,0,721,721
1128,2000,0,721,721
1129,1998,720,0,720
1129,1999,720,0,720
1130,1998,713,0,713
1131,2011,0,711,711
1131,2012,0,703,703
1131,2013,0,703,703
1131,2014,0,703,703
1132,2006,0,679,679
1132,2007,0,711,711
1132,2008,0,711,711
1132,2009,0,711,711
1133,1998,0,710,710
1133,1999,0,710,710
1133,2000,0,710,710
1133,2001,0,710,710
1133,2002,0,710,710
1133,2003,0,710,710
1133,2004,0,710,710
1133,2005,0,710,710
1133,2006,0,710,710
1133,2007,0,710,710
1133,2008,0,710,710
1133,2009,0,710,710
1133,2010,0,710,710
1133,2011,0,710,710
1133,2012,0,710,710
1133,2013,0,710,710
1133,2014,0,710,710
1133,2015,0,710,710
1133,2016,0,710,710
1133,2017,0,710,710
1133,2018,0,710,710
1133,2019,0,710,710
1134,1998,389,295,684
1134,1999,389,295,684
1134,2000,389,295,684
1134,2001,389,295,684
1134,2002,389,295,684
1134,2003,389,295,684
1134,2004,389,295,684
1134,2005,389,295,684
1134,2006,389,295,684
1134,2007,411,295,706
1134,2008,411,295,706
1134,2009,411,295,706
1135,1998,0,705,705
1135,1999,0,705,705
1135,2000,0,705,705
1136,2008,0,704,704
1137,2002,0,704,704
1137,2003,0,704,704
1137,2004,0,704,704
1137,2005,0,704,704
1138,1998,0,701,701
1139,2005,0,699,699
1139,2006,0,699,699
1140,1998,0,697,697
1140,1999,0,697,697
1140,2000,0,697,697
1140,2001,0,697,697
1140,2002,0,697,697
1140,2003,0,697,697
1140,2004,0,697,697
1141,1998,695,0,695
1142,2010,694,0,694
1142,2011,694,0,694
1142,2012,694,0,694
1142,2013,694,0,694
1142,2014,694,0,694
1142,2015,694,0,694
1142,2016,694,0,694
1142,2017,694,0,694
1142,2018,694,0,694
1142,2019,694,0,694
1143,2015,693,0,693
1143,2016,693,0,693
1144,1999,185,0,185
1144,2000,185,0,185
1144,2001,185,0,185
1144,2002,185,0,185
1144,2003,185,0,185
1144,2004,691,0,691
1144,2005,691,0,691
1144,2006,691,0,691
1144,2007,691,0,691
1144,2008,691,0,691
1144,2009,691,0,691
1144,2010,691,0,691
1144,2011,185,0,185
1144,2012,185,0,185
1144,2013,185,0,185
1144,2014,185,0,185
1144,2015,185,0,185
1144,2016,185,0,185
1144,2017,185,0,185
1144,2018,185,0,185
1144,2019,185,0,185
1145,2008,112,579,691
1145,2009,112,579,691
1145,2010,112,579,691
1145,2011,112,579,691
1146,1998,0,689,689
1146,1999,0,689,689
1146,2000,0,689,689
1146,2001,0,689,689
1146,2002,0,689,689
1146,2003,0,689,689
1147,1998,687,0,687
1147,1999,687,0,687
1147,2000,687,0,687
1147,2001,687,0,687
1147,2002,687,0,687
1147,2003,687,0,687
1147,2004,687,0,687
1147,2005,687,0,687
1147,2006,687,0,687
1147,2007,687,0,687
1147,2008,687,0,687
1147,2009,687,0,687
1147,2010,687,0,687
1147,2011,687,0,687
1147,2012,687,0,687
1147,2013,687,0,687
1147,2014,687,0,687
1147,2015,687,0,687
1147,2016,687,0,687
1147,2017,687,0,687
1147,2018,687,0,687
1147,2019,687,0,687
1148,2005,388,275,663
1148,2006,388,275,663
1148,2007,388,275,663
1148,2008,388,275,663
1148,2009,388,275,663
1148,2010,388,275,663
1148,2011,410,275,685
1148,2012,410,275,685
1148,2013,410,275,685
1148,2014,410,275,685
1148,2015,410,275,685
1148,2016,410,275,685
1148,2017,410,275,685
1149,1998,0,684,684
1149,1999,0,684,684
1149,2000,0,684,684
1149,2001,0,684,684
1149,2002,0,684,684
1149,2003,0,684,684
1149,2004,0,684,684
1149,2005,0,684,684
1150,2013,660,0,660
1150,2014,660,0,660
1150,2015,683,0,683
1150,2016,644,0,644
1150,2017,644,0,644
1150,2018,644,0,644
1150,2019,654,0,654
1151,2007,682,0,682
1151,2008,682,0,682
1151,2009,682,0,682
1151,2010,682,0,682
1151,2011,682,0,682
1151,2012,682,0,682
1151,2013,682,0,682
1151,2014,682,0,682
1151,2015,679,0,679
1151,2016,679,0,679
1151,2017,679,0,679
1151,2018,679,0,679
1151,2019,679,0,679
1152,1998,681,0,681
1152,1999,681,0,681
1152,2000,681,0,681
1152,2001,681,0,681
1152,2002,681,0,681
1152,2003,681,0,681
1152,2004,681,0,681
1152,2005,675,0,675
1152,2006,675,0,675
1152,2007,675,0,675
1152,2008,675,0,675
1152,2009,675,0,675
1152,2010,675,0,675
1152,2011,675,0,675
1152,2012,675,0,675
1152,2013,675,0,675
1152,2014,675,0,675
1152,2015,675,0,675
1152,2016,675,0,675
1152,2017,675,0,675
1152,2018,675,0,675
1152,2019,675,0,675
1153,2006,0,680,680
1153,2007,0,680,680
1153,2008,0,680,680
1154,1998,0,679,679
1154,1999,0,679,679
1154,2000,0,679,679
1154,2001,0,679,679
1154,2002,0,679,679
1154,2003,0,679,679
1154,2004,0,679,679
1154,2005,0,679,679
1154,2006,0,679,679
1154,2007,0,679,679
1154,2008,0,679,679
1154,2009,0,679,679
1154,2010,0,679,679
1154,2011,0,679,679
1154,2012,0,679,679
1154,2013,0,679,679
1154,2014,0,679,679
1154,2015,0,679,679
1154,2016,0,679,679
1154,2017,0,679,679
1154,2018,0,679,679
1154,2019,0,679,679
1155,1998,0,677,677
1155,1999,0,677,677
1155,2000,0,677,677
1155,2001,0,677,677
1155,2002,0,677,677
1155,2003,0,677,677
1155,2004,0,677,677
1155,2005,0,677,677
1155,2006,0,677,677
1155,2007,0,677,677
1156,2010,0,674,674
1156,2011,0,674,674
1156,2012,0,674,674
1156,2013,0,674,674
1156,2014,0,674,674
1156,2015,0,674,674
1156,2016,0,674,674
1156,2017,0,674,674
1156,2018,0,674,674
1156,2019,0,674,674
1157,2000,673,0,673
1157,2001,673,0,673
1157,2002,673,0,673
1157,2003,673,0,673
1157,2004,673,0,673
1157,2005,673,0,673
1157,2006,673,0,673
1157,2007,673,0,673
1157,2008,673,0,673
1157,2009,673,0,673
1157,2010,673,0,673
1157,2011,673,0,673
1157,2012,673,0,673
1157,2013,673,0,673
1157,2014,673,0,673
1157,2015,673,0,673
1157,2016,673,0,673
1157,2017,673,0,673
1157,2018,673,0,673
1157,2019,673,0,673
1158,1998,666,0,666
1158,1999,666,0,666
1158,2000,666,0,666
1158,2001,576,0,576
1158,2002,576,0,576
1158,2003,576,0,576
1158,2004,576,0,576
1158,2005,576,0,576
1158,2006,576,0,576
1158,2007,576,0,576
1158,2008,576,0,576
1158,2009,576,0,576
1158,2010,576,0,576
1158,2011,576,0,576
1158,2012,576,0,576
1158,2013,576,0,576
1158,2014,576,0,576
1158,2015,576,0,576
1158,2016,576,0,576
1158,2017,576,0,576
1158,2018,576,0,576
1158,2019,576,0,576
1159,1998,665,0,665
1159,1999,665,0,665
1159,2000,665,0,665
1159,2001,665,0,665
1159,2002,665,0,665
1159,2003,665,0,665
1159,2004,665,0,665
1159,2005,665,0,665
1160,2008,0,663,663
1160,2009,0,663,663
1160,2010,0,663,663
1160,2011,0,663,663
1160,2012,0,663,663
1160,2013,0,663,663
1160,2014,0,663,663
1160,2015,0,663,663
1160,2016,0,663,663
1160,2017,0,663,663
1160,2018,0,663,663
1160,2019,0,663,663
1161,2001,0,662,662
1161,2002,0,662,662
1161,2003,0,662,662
1161,2004,0,662,662
1161,2005,0,662,662
1161,2006,0,662,662
1161,2007,0,662,662
1161,2008,0,662,662
1161,2009,0,662,662
1161,2010,0,662,662
1162,1998,0,419,419
1162,1999,0,419,419
1162,2000,0,419,419
1162,2001,0,419,419
1162,2002,0,662,662
1163,2015,661,0,661
1163,2016,661,0,661
1163,2017,661,0,661
1163,2018,661,0,661
1164,1998,613,0,613
1164,1999,613,0,613
1164,2000,613,0,613
1164,2001,648,0,648
1164,2002,648,0,648
1164,2003,648,0,648
1164,2004,648,0,648
1164,2005,648,0,648
1164,2006,648,0,648
1164,2007,648,0,648
1164,2008,648,0,648
1164,2009,648,0,648
1164,2010,648,0,648
1164,2011,648,0,648
1164,2012,648,0,648
1164,2013,648,0,648
1164,2014,648,0,648
1164,2015,648,0,648
1164,2016,658,0,658
1164,2017,658,0,658
1164,2018,658,0,658
1164,2019,658,0,658
1165,1998,651,0,651
1165,1999,651,0,651
1165,2000,651,0,651
1165,2001,651,0,651
1165,2002,651,0,651
1165,2003,651,0,651
1165,2004,644,0,644
1165,2005,656,0,656
1165,2006,656,0,656
1165,2007,656,0,656
1165,2008,656,0,656
1165,2009,656,0,656
1165,2010,656,0,656
1165,2011,656,0,656
1165,2012,656,0,656
1165,2013,656,0,656
1165,2014,656,0,656
1165,2015,656,0,656
1165,2016,656,0,656
1165,2017,656,0,656
1165,2018,656,0,656
1165,2019,656,0,656
1166,1998,0,654,654
1166,1999,0,654,654
1166,2000,0,654,654
1166,2001,0,654,654
1166,2002,0,654,654
1166,2003,0,654,654
1166,2004,0,654,654
1166,2005,0,654,654
1167,1998,509,0,509
1167,1999,509,0,509
1167,2000,509,0,509
1167,2001,509,0,509
1167,2002,509,0,509
1167,2003,509,0,509
1167,2004,509,0,509
1167,2005,509,0,509
1167,2006,509,0,509
1167,2007,509,0,509
1167,2008,509,0,509
1167,2009,509,0,509
1167,2010,509,0,509
1167,2011,509,0,509
1167,2012,509,0,509
1167,2013,509,0,509
1167,2014,509,0,509
1167,2015,509,0,509
1167,2016,509,0,509
1167,2017,509,0,509
1167,2018,651,0,651
1167,2019,651,0,651
1168,2004,633,0,633
1168,2005,650,0,650
1169,2007,0,648,648
1169,2008,0,648,648
1169,2009,0,648,648
1170,1998,648,0,648
1170,1999,648,0,648
1170,2000,648,0,648
1170,2001,648,0,648
1170,2002,648,0,648
1170,2003,648,0,648
1170,2004,648,0,648
1170,2005,648,0,648
1171,2019,0,647,647
1172,2013,0,647,647
1172,2014,0,647,647
1172,2015,0,647,647
1172,2016,0,647,647
1172,2017,0,647,647
1173,2007,644,0,644
1173,2008,644,0,644
1173,2009,644,0,644
1173,2010,644,0,644
1173,2011,644,0,644
1173,2012,644,0,644
1173,2013,644,0,644
1173,2014,644,0,644
1173,2015,644,0,644
1173,2016,644,0,644
1173,2017,644,0,644
1173,2018,644,0,644
1173,2019,644,0,644
1174,2002,0,644,644
1174,2003,0,644,644
1174,2004,0,644,644
1175,2014,0,643,643
1175,2015,0,643,643
1176,2008,638,0,638
1176,2009,638,0,638
1176,2010,638,0,638
1176,2011,638,0,638
1176,2012,638,0,638
1176,2013,638,0,638
1176,2014,638,0,638
1176,2015,638,0,638
1176,2016,638,0,638
1176,2017,638,0,638
1176,2018,638,0,638
1176,2019,638,0,638
1177,2017,0,638,638
1177,2018,0,638,638
1177,2019,0,638,638
1178,2003,637,0,637
1179,2000,637,0,637
1179,2001,637,0,637
1180,1998,0,636,636
1180,1999,0,636,636
1180,2000,0,636,636
1180,2001,0,636,636
1180,2002,0,636,636
1180,2003,0,636,636
1180,2004,0,636,636
1180,2005,0,636,636
1180,2006,0,636,636
1180,2007,0,636,636
1180,2008,0,636,636
1180,2009,0,636,636
1180,2010,0,636,636
1180,2011,0,636,636
1180,2012,0,636,636
1180,2013,0,636,636
1180,2014,0,636,636
1180,2015,0,636,636
1181,2016,634,0,634
1181,2017,634,0,634
1181,2018,634,0,634
1181,2019,634,0,634
1182,1998,0,634,634
1182,1999,0,634,634
1182,2000,0,634,634
1182,2001,0,634,634
1182,2002,0,634,634
1182,2003,0,634,634
1182,2004,0,634,634
1182,2005,0,634,634
1182,2006,0,634,634
1182,2007,0,634,634
1182,2008,0,634,634
1182,2009,0,634,634
1182,2010,0,634,634
1182,2011,0,634,634
1182,2012,0,634,634
1183,1998,0,634,634
1183,1999,0,634,634
1183,2000,0,634,634
1183,2001,0,634,634
1183,2002,0,634,634
1183,2003,0,634,634
1183,2004,0,634,634
1183,2005,0,634,634
1184,1998,633,0,633
1184,1999,633,0,633
1184,2000,633,0,633
1184,2001,633,0,633
1184,2002,633,0,633
1184,2003,633,0,633
1184,2004,633,0,633
1184,2005,633,0,633
1184,2006,633,0,633
1184,2007,633,0,633
1184,2008,633,0,633
1184,2009,633,0,633
1184,2010,633,0,633
1184,2011,633,0,633
1184,2012,633,0,633
1184,2013,633,0,633
1184,2014,633,0,633
1184,2015,633,0,633
1184,2016,633,0,633
1184,2017,633,0,633
1184,2018,633,0,633
1184,2019,633,0,633
1185,2015,0,632,632
1185,2016,0,632,632
1185,2017,0,632,632
1185,2018,0,632,632
1185,2019,0,632,632
1186,1998,0,630,630
1187,1998,0,626,626
1187,1999,0,626,626
1187,2000,0,626,626
1187,2001,0,626,626
1187,2002,0,626,626
1187,2003,0,626,626
1187,2004,0,626,626
1187,2005,0,626,626
1187,2006,0,626,626
1187,2007,0,626,626
1187,2008,0,626,626
1187,2009,0,626,626
1187,2010,0,626,626
1187,2011,0,626,626
1187,2012,0,626,626
1187,2013,0,626,626
1187,2014,0,626,626
1187,2015,0,626,626
1187,2016,0,626,626
1187,2017,0,626,626
1187,2018,0,626,626
1187,2019,0,626,626
1188,1998,0,626,626
1188,1999,0,626,626
1188,2000,0,626,626
1188,2001,0,626,626
1188,2002,0,626,626
1188,2003,0,626,626
1188,2004,0,626,626
1189,1998,625,0,625
1189,1999,625,0,625
1189,2000,625,0,625
1189,2001,625,0,625
1189,2002,625,0,625
1189,2003,625,0,625
1189,2004,625,0,625
1189,2005,625,0,625
1189,2006,625,0,625
1189,2007,625,0,625
1189,2008,625,0,625
1189,2009,625,0,625
1190,1998,589,0,589
1190,1999,589,0,589
1190,2000,589,0,589
1190,2001,624,0,624
1190,2002,624,0,624
1190,2003,624,0,624
1190,2004,624,0,624
1190,2005,624,0,624
1190,2006,624,0,624
1190,2007,624,0,624
1190,2008,624,0,624
1190,2009,624,0,624
1190,2010,624,0,624
1190,2011,624,0,624
1190,2012,624,0,624
1190,2013,624,0,624
1190,2014,624,0,624
1190,2015,624,0,624
1190,2016,624,0,624
1190,2017,624,0,624
1190,2018,624,0,624
1190,2019,624,0,624
1191,2006,623,0,623
1191,2007,623,0,623
1191,2008,623,0,623
1191,2009,623,0,623
1191,2010,623,0,623
1191,2011,623,0,623
1191,2012,623,0,623
1191,2013,623,0,623
1191,2014,623,0,623
1191,2015,623,0,623
1191,2016,623,0,623
1191,2017,623,0,623
1191,2018,623,0,623
1191,2019,623,0,623
1192,2006,0,623,623
1192,2007,0,623,623
1192,2008,0,623,623
1192,2009,0,623,623
1193,2000,623,0,623
1193,2001,623,0,623
1193,2002,623,0,623
1193,2003,623,0,623
1193,2004,623,0,623
1193,2005,623,0,623
1193,2006,623,0,623
1193,2007,623,0,623
1193,2008,623,0,623
1193,2009,623,0,623
1194,2009,0,622,622
1194,2010,0,622,622
1195,2005,0,621,621
1195,2006,0,621,621
1195,2007,0,621,621
1195,2008,0,621,621
1195,2009,0,621,621
1195,2010,0,621,621
1195,2011,0,621,621
1195,2012,0,621,621
1196,2003,617,0,617
1196,2004,617,0,617
1196,2005,617,0,617
1196,2006,619,0,619
1196,2007,619,0,619
1196,2008,619,0,619
1197,1998,0,617,617
1197,1999,0,617,617
1197,2000,0,617,617
1197,2001,0,617,617
1197,2002,0,617,617
1197,2003,0,617,617
1197,2004,0,617,617
1197,2005,0,617,617
1197,2006,0,617,617
1197,2007,0,617,617
1197,2008,0,617,617
1197,2009,0,617,617
1197,2010,0,617,617
1197,2011,0,617,617
1197,2012,0,617,617
1197,2013,0,617,617
1197,2014,0,617,617
1197,2015,0,617,617
1197,2016,0,617,617
1198,1998,0,616,616
1198,1999,0,616,616
1198,2000,0,616,616
1198,2001,0,616,616
1198,2002,0,616,616
1198,2003,0,616,616
1198,2004,0,616,616
1198,2005,0,616,616
1198,2006,0,616,616
1198,2007,0,616,616
1198,2008,0,616,616
1198,2009,0,555,555
1198,2010,0,555,555
1198,2011,0,554,554
1198,2012,0,554,554
1198,2013,0,554,554
1198,2014,0,554,554
1198,2015,0,554,554
1198,2016,0,554,554
1198,2017,0,554,554
1198,2018,0,554,554
1198,2019,0,554,554
1199,2011,0,616,616
1199,2012,0,616,616
1200,2019,0,613,613
1201,1998,260,0,260
1201,1999,260,0,260
1201,2000,458,0,458
1201,2001,613,0,613
1201,2002,613,0,613
1201,2003,613,0,613
1201,2004,613,0,613
1201,2005,613,0,613
1201,2006,613,0,613
1201,2007,613,0,613
1201,2008,613,0,613
1201,2009,613,0,613
1201,2010,613,0,613
1201,2011,613,0,613
1201,2012,613,0,613
1201,2013,613,0,613
1201,2014,613,0,613
1201,2015,613,0,613
1201,2016,613,0,613
1201,2017,613,0,613
1201,2018,613,0,613
1201,2019,613,0,613
1202,2008,0,613,613
1203,1998,613,0,613
1203,1999,613,0,613
1203,2000,613,0,613
1203,2001,613,0,613
1203,2002,613,0,613
1203,2003,613,0,613
1203,2004,613,0,613
1203,2005,613,0,613
1203,2006,613,0,613
1203,2007,613,0,613
1204,1998,0,611,611
1204,1999,0,611,611
1204,2000,0,611,611
1204,2001,0,611,611
1205,2005,610,0,610
1205,2006,610,0,610
1205,2007,610,0,610
1205,2008,610,0,610
1205,2009,610,0,610
1205,2010,610,0,610
1205,2011,610,0,610
1205,2012,601,0,601
1205,2013,601,0,601
1206,2013,0,607,607
1206,2014,0,607,607
1206,2015,0,607,607
1207,2001,0,606,606
1207,2002,0,605,605
1207,2003,0,605,605
1207,2004,0,439,439
1207,2005,0,446,446
1207,2006,0,446,446
1208,1998,605,0,605
1208,1999,605,0,605
1208,2000,605,0,605
1208,2001,605,0,605
1208,2002,603,0,603
1208,2003,603,0,603
1208,2004,603,0,603
1208,2005,603,0,603
1208,2006,603,0,603
1208,2007,603,0,603
1208,2008,603,0,603
1208,2009,603,0,603
1208,2010,603,0,603
1208,2011,603,0,603
1208,2012,603,0,603
1208,2013,603,0,603
1208,2014,603,0,603
1208,2015,603,0,603
1208,2016,603,0,603
1208,2017,603,0,603
1208,2018,603,0,603
1208,2019,603,0,603
1209,2003,604,0,604
1210,1998,603,0,603
1210,1999,603,0,603
1210,2000,603,0,603
1210,2001,603,0,603
1210,2002,603,0,603
1210,2003,603,0,603
1210,2004,603,0,603
1210,2005,603,0,603
1210,2006,603,0,603
1210,2007,603,0,603
1211,1998,0,600,600
1211,1999,0,600,600
1211,2000,0,600,600
1211,2001,0,603,603
1211,2002,0,603,603
1211,2003,0,603,603
1211,2004,0,603,603
1212,2013,0,602,602
1212,2014,0,593,593
1212,2015,0,593,593
1212,2016,0,593,593
1213,2010,0,602,602
1214,1998,0,597,597
1214,1999,0,597,597
1214,2000,0,597,597
1214,2001,0,597,597
1214,2002,0,597,597
1214,2003,0,597,597
1214,2004,0,597,597
1214,2005,0,597,597
1214,2006,0,597,597
1214,2007,0,597,597
1214,2008,0,597,597
1214,2009,0,597,597
1214,2010,0,597,597
1214,2011,0,597,597
1214,2012,0,597,597
1214,2013,0,597,597
1214,2014,0,597,597
1214,2015,0,597,597
1214,2016,0,597,597
1214,2017,0,597,597
1214,2018,0,597,597
1214,2019,0,597,597
1215,2014,597,0,597
1216,2011,0,596,596
1216,2012,0,596,596
1217,1998,594,0,594
1217,1999,594,0,594
1217,2000,594,0,594
1217,2001,594,0,594
1217,2002,594,0,594
1217,2003,594,0,594
1217,2004,594,0,594
1217,2005,594,0,594
1218,2004,594,0,594
1218,2005,594,0,594
1219,1998,591,0,591
1219,1999,591,0,591
1219,2000,591,0,591
1219,2001,594,0,594
1219,2002,594,0,594
1220,2018,0,593,593
1221,2019,591,0,591
1222,1998,590,0,590
1222,1999,590,0,590
1222,2000,590,0,590
1222,2001,590,0,590
1222,2002,590,0,590
1222,2003,590,0,590
1222,2004,590,0,590
1222,2005,590,0,590
1222,2006,590,0,590
1222,2007,590,0,590
1222,2008,590,0,590
1222,2009,590,0,590
1222,2010,590,0,590
1222,2011,590,0,590
1222,2012,590,0,590
1222,2013,590,0,590
1222,2014,590,0,590
1222,2015,590,0,590
1222,2016,590,0,590
1222,2017,590,0,590
1222,2018,590,0,590
1222,2019,590,0,590
1223,1998,0,588,588
1223,1999,0,588,588
1223,2000,0,588,588
1223,2001,0,588,588
1223,2002,0,588,588
1223,2003,0,588,588
1223,2004,0,588,588
1223,2005,0,588,588
1223,2006,0,588,588
1223,2007,0,588,588
1223,2008,0,588,588
1223,2009,0,588,588
1223,2010,0,588,588
1223,2011,0,588,588
1223,2012,0,588,588
1224,1998,0,585,585
1224,1999,0,585,585
1224,2000,0,585,585
1224,2001,0,585,585
1225,2009,0,584,584
1225,2010,0,584,584
1225,2011,0,584,584
1225,2012,0,584,584
1225,2013,0,584,584
1225,2014,0,584,584
1225,2015,0,584,584
1225,2016,0,584,584
1225,2017,0,584,584
1225,2018,0,584,584
1225,2019,0,584,584
1226,1998,202,0,202
1226,1999,202,0,202
1226,2000,202,0,202
1226,2001,208,0,208
1226,2002,208,0,208
1226,2003,208,369,577
1226,2004,208,369,577
1226,2005,208,369,577
1226,2006,208,369,577
1227,1998,0,575,575
1227,1999,0,575,575
1227,2000,0,575,575
1227,2001,0,575,575
1227,2002,0,575,575
1227,2003,0,575,575
1227,2004,0,575,575
1227,2005,0,575,575
1227,2006,0,575,575
1227,2007,0,575,575
1227,2008,0,575,575
1227,2009,0,575,575
1227,2010,0,575,575
1227,2011,0,575,575
1227,2012,0,575,575
1228,1998,0,571,571
1228,1999,0,571,571
1228,2000,0,571,571
1228,2001,0,571,571
1228,2002,0,571,571
1228,2003,0,571,571
1228,2004,0,571,571
1228,2005,0,571,571
1228,2006,0,571,571
1228,2007,0,571,571
1228,2008,0,571,571
1228,2009,0,520,520
1228,2010,0,520,520
1228,2011,0,519,519
1228,2012,0,519,519
1228,2013,0,519,519
1228,2014,0,519,519
1229,1999,445,0,445
1229,2000,536,0,536
1229,2001,536,0,536
1229,2002,536,0,536
1229,2003,570,0,570
1229,2004,570,0,570
1229,2005,570,0,570
1229,2006,570,0,570
1229,2007,570,0,570
1230,1998,0,568,568
1230,1999,0,568,568
1230,2000,0,568,568
1230,2001,0,568,568
1230,2002,0,568,568
1230,2003,0,568,568
1230,2004,0,568,568
1230,2005,0,568,568
1230,2006,0,568,568
1230,2007,0,568,568
1230,2008,0,568,568
1230,2009,0,568,568
1231,1998,0,566,566
1231,1999,0,566,566
1231,2000,0,566,566
1231,2001,0,566,566
1231,2002,0,566,566
1231,2003,0,566,566
1231,2004,0,566,566
1231,2005,0,566,566
1231,2006,0,566,566
1231,2007,0,566,566
1231,2008,0,566,566
1231,2009,0,566,566
1231,2010,0,549,549
1231,2011,0,549,549
1231,2012,0,549,549
1231,2013,0,549,549
1231,2014,0,549,549
1231,2015,0,549,549
1231,2016,0,549,549
1231,2017,0,549,549
1231,2018,0,549,549
1231,2019,0,549,549
1232,2005,0,565,565
1232,2006,0,565,565
1232,2007,0,565,565
1232,2008,0,565,565
1232,2009,0,565,565
1232,2010,0,565,565
1232,2011,0,565,565
1232,2012,0,565,565
1232,2013,0,565,565
1232,2014,0,565,565
1232,2015,0,565,565
1233,1998,563,0,563
1233,1999,563,0,563
1233,2000,563,0,563
1233,2001,563,0,563
1233,2002,563,0,563
1233,2003,563,0,563
1233,2004,563,0,563
1234,2005,561,0,561
1234,2006,561,0,561
1234,2007,561,0,561
1234,2008,561,0,561
1234,2009,561,0,561
1234,2010,561,0,561
1234,2011,561,0,561
1234,2012,561,0,561
1234,2013,561,0,561
1234,2014,561,0,561
1234,2015,561,0,561
1234,2016,561,0,561
1234,2017,561,0,561
1234,2018,561,0,561
1234,2019,561,0,561
1235,2017,0,560,560
1236,2005,0,558,558
1237,1998,0,556,556
1237,1999,0,556,556
1237,2000,0,556,556
1237,2001,0,556,556
1238,2017,555,0,555
1238,2018,555,0,555
1238,2019,555,0,555
1239,2005,0,552,552
1239,2006,0,552,552
1239,2007,0,552,552
1239,2008,0,552,552
1239,2009,0,552,552
1239,2010,0,552,552
1239,2011,0,552,552
1239,2012,0,552,552
1239,2013,0,552,552
1239,2014,0,552,552
1239,2015,0,552,552
1239,2016,0,552,552
1239,2017,0,552,552
1239,2018,0,552,552
1239,2019,0,552,552
1240,2002,549,0,549
1240,2003,549,0,549
1241,2017,0,547,547
1242,1998,0,542,542
1242,1999,0,542,542
1242,2000,0,542,542
1242,2001,0,542,542
1242,2002,0,542,542
1242,2003,0,542,542
1242,2004,0,542,542
1242,2005,0,542,542
1242,2006,0,542,542
1242,2007,0,542,542
1242,2008,0,542,542
1242,2009,0,542,542
1242,2010,0,542,542
1242,2011,0,542,542
1242,2012,0,542,542
1242,2013,0,542,542
1242,2014,0,542,542
1242,2015,0,542,542
1242,2016,0,542,542
1242,2017,0,542,542
1242,2018,0,542,542
1242,2019,0,542,542
1243,2005,0,539,539
1244,1998,0,538,538
1244,1999,0,538,538
1244,2000,0,538,538
1244,2001,0,538,538
1244,2002,0,538,538
1244,2003,0,538,538
1244,2004,0,538,538
1244,2005,0,538,538
1244,2006,0,538,538
1244,2007,0,538,538
1244,2008,0,538,538
1244,2009,0,538,538
1244,2010,0,538,538
1244,2011,0,538,538
1244,2012,0,538,538
1244,2013,0,538,538
1244,2014,0,538,538
1244,2015,0,538,538
1245,2006,538,0,538
1246,2003,0,538,538
1246,2004,0,538,538
1246,2005,0,538,538
1247,1998,537,0,537
1247,1999,537,0,537
1247,2000,537,0,537
1247,2001,537,0,537
1247,2002,537,0,537
1247,2003,537,0,537
1247,2004,537,0,537
1247,2005,537,0,537
1247,2006,537,0,537
1247,2007,537,0,537
1247,2008,537,0,537
1247,2009,537,0,537
1247,2010,537,0,537
1247,2011,537,0,537
1247,2012,537,0,537
1247,2013,537,0,537
1247,2014,537,0,537
1247,2015,537,0,537
1247,2016,537,0,537
1247,2017,537,0,537
1247,2018,537,0,537
1247,2019,537,0,537
1248,2002,536,0,536
1248,2003,536,0,536
1248,2004,536,0,536
1248,2005,536,0,536
1248,2006,536,0,536
1248,2007,536,0,536
1248,2008,536,0,536
1248,2009,536,0,536
1248,2010,536,0,536
1248,2011,536,0,536
1248,2012,536,0,536
1248,2013,536,0,536
1248,2014,536,0,536
1248,2015,536,0,536
1248,2016,536,0,536
1248,2017,536,0,536
1248,2018,536,0,536
1248,2019,536,0,536
1249,2007,0,533,533
1249,2008,0,533,533
1249,2009,0,533,533
1249,2010,0,533,533
1249,2011,0,533,533
1249,2012,0,533,533
1249,2013,0,533,533
1249,2014,0,533,533
1249,2015,0,490,490
1249,2016,0,490,490
1249,2017,0,490,490
1249,2018,0,490,490
1249,2019,0,490,490
1250,1998,525,0,525
1250,1999,525,0,525
1250,2000,525,0,525
1250,2001,525,0,525
1250,2002,524,0,524
1250,2003,524,0,524
1250,2004,524,0,524
1250,2005,524,0,524
1250,2006,524,0,524
1250,2007,533,0,533
1250,2008,533,0,533
1250,2009,533,0,533
1250,2010,533,0,533
1250,2011,533,0,533
1250,2012,533,0,533
1250,2013,533,0,533
1250,2014,533,0,533
1250,2015,533,0,533
1250,2016,533,0,533
1250,2017,533,0,533
1250,2018,533,0,533
1250,2019,533,0,533
1251,1998,514,0,514
1251,1999,514,0,514
1251,2000,514,0,514
1251,2001,514,0,514
1251,2002,514,0,514
1251,2003,514,0,514
1251,2004,516,0,516
1251,2005,528,0,528
1251,2006,528,0,528
1251,2007,528,0,528
1251,2008,528,0,528
1251,2009,528,0,528
1251,2010,528,0,528
1251,2011,528,0,528
1251,2012,528,0,528
1251,2013,528,0,528
1251,2014,528,0,528
1251,2015,528,0,528
1251,2016,528,0,528
1251,2017,528,0,528
1251,2018,528,0,528
1251,2019,528,0,528
1252,2002,0,528,528
1252,2003,0,528,528
1252,2004,0,528,528
1252,2005,0,528,528
1252,2006,0,528,528
1252,2007,0,528,528
1252,2008,0,528,528
1252,2009,0,528,528
1252,2010,0,528,528
1252,2011,0,528,528
1252,2012,0,528,528
1252,2013,0,528,528
1252,2014,0,528,528
1252,2015,0,528,528
1253,2008,0,528,528
1253,2009,0,528,528
1254,1998,528,0,528
1254,1999,528,0,528
1254,2000,528,0,528
1254,2001,528,0,528
1254,2002,528,0,528
1254,2003,528,0,528
1254,2004,528,0,528
1254,2005,528,0,528
1254,2006,528,0,528
1254,2007,528,0,528
1254,2008,528,0,528
1255,1998,526,0,526
1255,1999,526,0,526
1255,2000,526,0,526
1255,2001,526,0,526
1255,2002,526,0,526
1255,2003,526,0,526
1255,2004,526,0,526
1255,2005,526,0,526
1255,2006,526,0,526
1255,2007,526,0,526
1255,2008,526,0,526
1255,2009,526,0,526
1255,2010,526,0,526
1255,2011,526,0,526
1255,2012,526,0,526
1255,2013,526,0,526
1255,2014,526,0,526
1255,2015,526,0,526
1255,2016,526,0,526
1255,2017,526,0,526
1255,2018,526,0,526
1255,2019,526,0,526
1256,2004,524,0,524
1256,2005,524,0,524
1256,2006,524,0,524
1256,2007,524,0,524
1257,1998,524,0,524
1257,1999,524,0,524
1257,2000,524,0,524
1257,2001,524,0,524
1257,2002,524,0,524
1257,2003,524,0,524
1257,2004,524,0,524
1257,2005,524,0,524
1258,2009,521,0,521
1258,2010,521,0,521
1258,2011,521,0,521
1258,2012,521,0,521
1258,2013,521,0,521
1258,2014,521,0,521
1258,2015,521,0,521
1258,2016,521,0,521
1258,2017,521,0,521
1258,2018,521,0,521
1258,2019,521,0,521
1259,2011,0,521,521
1259,2012,0,521,521
1260,1998,0,520,520
1260,1999,0,520,520
1260,2000,0,520,520
1260,2001,0,520,520
1261,2002,519,0,519
1261,2003,519,0,519
1261,2004,519,0,519
1261,2005,519,0,519
1261,2006,519,0,519
1261,2007,519,0,519
1261,2008,519,0,519
1261,2009,519,0,519
1261,2010,519,0,519
1261,2011,519,0,519
1261,2012,519,0,519
1261,2013,519,0,519
1261,2014,519,0,519
1261,2015,519,0,519
1261,2016,519,0,519
1261,2017,519,0,519
1261,2018,519,0,519
1261,2019,519,0,519
1262,2010,0,519,519
1262,2011,0,514,514
1263,2006,0,519,519
1264,2016,0,518,518
1264,2017,0,518,518
1264,2018,0,518,518
1264,2019,0,518,518
1265,2017,0,516,516
1265,2018,0,516,516
1265,2019,0,516,516
1266,2014,0,514,514
1266,2015,0,516,516
1267,1998,516,0,516
1267,1999,516,0,516
1267,2000,516,0,516
1267,2001,516,0,516
1267,2002,516,0,516
1267,2003,516,0,516
1267,2004,516,0,516
1268,2006,0,515,515
1268,2007,0,515,515
1269,1998,0,511,511
1269,1999,0,511,511
1269,2000,0,511,511
1269,2001,0,511,511
1269,2002,0,511,511
1269,2003,0,511,511
1269,2004,0,511,511
1269,2005,0,511,511
1270,2006,510,0,510
1270,2007,510,0,510
1270,2008,510,0,510
1270,2009,510,0,510
1270,2010,510,0,510
1270,2011,510,0,510
1270,2012,510,0,510
1270,2013,510,0,510
1270,2014,510,0,510
1270,2015,510,0,510
1270,2016,510,0,510
1270,2017,510,0,510
1270,2018,510,0,510
1270,2019,510,0,510
1271,2004,510,0,510
1271,2005,510,0,510
1271,2006,510,0,510
1271,2007,510,0,510
1271,2008,510,0,510
1272,2000,500,0,500
1272,2001,510,0,510
1272,2002,510,0,510
1273,1998,506,0,506
1273,1999,506,0,506
1273,2000,506,0,506
1273,2001,508,0,508
1273,2002,508,0,508
1273,2003,508,0,508
1273,2004,508,0,508
1273,2005,508,0,508
1273,2006,508,0,508
1273,2007,508,0,508
1273,2008,508,0,508
1273,2009,508,0,508
1273,2010,508,0,508
1273,2011,508,0,508
1273,2012,508,0,508
1273,2013,508,0,508
1273,2014,508,0,508
1273,2015,508,0,508
1273,2016,508,0,508
1273,2017,508,0,508
1273,2018,508,0,508
1273,2019,508,0,508
1274,1998,0,508,508
1274,1999,0,508,508
1274,2000,0,508,508
1274,2001,0,508,508
1275,2006,501,0,501
1275,2007,501,0,501
1275,2008,501,0,501
1275,2009,501,0,501
1275,2010,501,0,501
1275,2011,501,0,501
1275,2012,501,0,501
1275,2013,501,0,501
1275,2014,501,0,501
1275,2015,501,0,501
1275,2016,501,0,501
1275,2017,501,0,501
1275,2018,501,0,501
1275,2019,501,0,501
1276,2007,0,310,310
1276,2008,0,310,310
1276,2009,0,310,310
1276,2010,0,407,407
1276,2011,0,407,407
1276,2012,0,407,407
1276,2013,0,407,407
1276,2014,0,407,407
1276,2015,0,407,407
1276,2016,0,407,407
1276,2017,0,407,407
1276,2018,0,407,407
1276,2019,0,501,501
1277,1998,0,501,501
1277,1999,0,501,501
1277,2000,0,501,501
1277,2001,0,501,501
1277,2002,0,484,484
1277,2003,0,484,484
1277,2004,0,484,484
1277,2005,0,484,484
1277,2006,0,484,484
1277,2007,0,484,484
1277,2008,0,484,484
1277,2009,0,484,484
1277,2010,0,464,464
1277,2011,0,464,464
1277,2012,0,464,464
1277,2013,0,464,464
1277,2014,0,464,464
1277,2015,0,464,464
1278,2010,0,501,501
1278,2011,0,501,501
1278,2012,0,501,501
1278,2013,0,501,501
1278,2014,0,501,501
1279,2016,500,0,500
1279,2017,500,0,500
1279,2018,500,0,500
1279,2019,500,0,500
1280,2017,0,486,486
1280,2018,0,486,486
1280,2019,0,500,500
1281,2011,500,0,500
1282,2009,500,0,500
1283,2005,500,0,500
1284,2001,500,0,500
1285,1998,490,0,490
1285,1999,490,0,490
1285,2000,490,0,490
1285,2001,499,0,499
1285,2002,499,0,499
1285,2003,499,0,499
1285,2004,499,0,499
1285,2005,499,0,499
1285,2006,499,0,499
1285,2007,499,0,499
1285,2008,499,0,499
1285,2009,499,0,499
1285,2010,499,0,499
1285,2011,499,0,499
1285,2012,499,0,499
1285,2013,499,0,499
1285,2014,499,0,499
1285,2015,499,0,499
1285,2016,499,0,499
1285,2017,499,0,499
1285,2018,499,0,499
1285,2019,499,0,499
1286,2005,0,498,498
1287,2018,0,496,496
1287,2019,0,496,496
1288,1998,0,496,496
1288,1999,0,496,496
1288,2000,0,496,496
1288,2001,0,496,496
1288,2002,0,496,496
1288,2003,0,496,496
1288,2004,0,496,496
1289,1998,0,495,495
1289,1999,0,495,495
1289,2000,0,495,495
1289,2001,0,495,495
1289,2002,0,425,425
1289,2003,0,425,425
1289,2004,0,425,425
1289,2005,0,425,425
1289,2006,0,425,425
1289,2007,0,425,425
1289,2008,0,425,425
1289,2009,0,425,425
1289,2010,0,226,226
1289,2011,0,226,226
1289,2012,0,226,226
1289,2013,0,226,226
1289,2014,0,226,226
1289,2015,0,226,226
1289,2016,0,226,226
1289,2017,0,226,226
1289,2018,0,226,226
1289,2019,0,226,226
1290,2012,0,495,495
1291,2001,488,0,488
1291,2002,488,0,488
1291,2003,488,0,488
1291,2004,488,0,488
1291,2005,488,0,488
1291,2006,488,0,488
1291,2007,488,0,488
1291,2008,488,0,488
1291,2009,488,0,488
1291,2010,488,0,488
1291,2011,488,0,488
1291,2012,488,0,488
1291,2013,488,0,488
1291,2014,488,0,488
1291,2015,494,0,494
1291,2016,494,0,494
1291,2017,494,0,494
1291,2018,494,0,494
1291,2019,494,0,494
1292,1998,0,349,349
1292,1999,0,349,349
1292,2000,0,349,349
1292,2001,0,349,349
1292,2002,0,349,349
1292,2003,0,349,349
1292,2004,0,349,349
1292,2005,0,349,349
1292,2006,0,349,349
1292,2007,0,349,349
1292,2008,0,349,349
1292,2009,0,349,349
1292,2010,0,349,349
1292,2011,0,349,349
1292,2012,0,349,349
1292,2013,0,349,349
1292,2014,0,349,349
1292,2015,0,349,349
1292,2016,0,493,493
1292,2017,0,493,493
1292,2018,0,493,493
1292,2019,0,493,493
1293,2006,0,459,459
1293,2007,0,459,459
1293,2008,0,459,459
1293,2009,0,459,459
1293,2010,0,493,493
1293,2011,0,493,493
1293,2012,0,493,493
1294,1998,0,492,492
1294,1999,0,492,492
1294,2000,0,492,492
1294,2001,0,492,492
1294,2002,0,492,492
1294,2003,0,492,492
1294,2004,0,492,492
1294,2005,0,492,492
1294,2006,0,492,492
1294,2007,0,492,492
1294,2008,0,492,492
1294,2009,0,492,492
1294,2010,0,492,492
1294,2011,0,492,492
1294,2012,0,492,492
1294,2013,0,492,492
1294,2014,0,492,492
1294,2015,0,492,492
1294,2016,0,492,492
1294,2017,0,492,492
1294,2018,0,492,492
1294,2019,0,492,492
1295,2005,0,492,492
1295,2006,0,492,492
1295,2007,0,492,492
1295,2008,0,492,492
1295,2009,0,492,492
1296,1998,472,0,472
1296,1999,472,0,472
1296,2000,491,0,491
1296,2001,491,0,491
1296,2002,491,0,491
1296,2003,491,0,491
1297,1998,490,0,490
1297,1999,490,0,490
1297,2000,490,0,490
1297,2001,490,0,490
1297,2002,490,0,490
1297,2003,490,0,490
1297,2004,490,0,490
1297,2005,490,0,490
1297,2006,490,0,490
1297,2007,490,0,490
1297,2008,490,0,490
1297,2009,490,0,490
1297,2010,490,0,490
1297,2011,490,0,490
1297,2012,490,0,490
1297,2013,490,0,490
1297,2014,490,0,490
1297,2015,490,0,490
1297,2016,490,0,490
1297,2017,490,0,490
1297,2018,490,0,490
1297,2019,490,0,490
1298,1998,489,0,489
1298,1999,489,0,489
1298,2000,489,0,489
1298,2001,489,0,489
1298,2002,489,0,489
1298,2003,489,0,489
1298,2004,489,0,489
1298,2005,489,0,489
1298,2006,470,0,470
1298,2007,470,0,470
1298,2008,470,0,470
1298,2009,470,0,470
1298,2010,470,0,470
1298,2011,470,0,470
1298,2012,470,0,470
1298,2013,470,0,470
1298,2014,470,0,470
1298,2015,470,0,470
1298,2016,470,0,470
1298,2017,470,0,470
1298,2018,470,0,470
1298,2019,470,0,470
1299,1998,0,489,489
1299,1999,0,489,489
1299,2000,0,489,489
1299,2001,0,489,489
1299,2002,0,489,489
1299,2003,0,489,489
1299,2004,0,489,489
1299,2005,0,489,489
1299,2006,0,489,489
1299,2007,0,489,489
1299,2008,0,489,489
1299,2009,0,489,489
1299,2010,0,489,489
1299,2011,0,489,489
1299,2012,0,489,489
1299,2013,0,489,489
1299,2014,0,489,489
1299,2015,0,489,489
1299,2016,0,489,489
1299,2017,0,489,489
1299,2018,0,489,489
1299,2019,0,489,489
1300,1998,0,489,489
1300,1999,0,489,489
1300,2000,0,489,489
1300,2001,0,489,489
1300,2002,0,489,489
1300,2003,0,489,489
1300,2004,0,489,489
1300,2005,0,489,489
1300,2006,0,489,489
1300,2007,0,489,489
1300,2008,0,489,489
1300,2009,0,489,489
1300,2010,0,489,489
1300,2011,0,489,489
1300,2012,0,489,489
1300,2013,0,489,489
1300,2014,0,489,489
1300,2015,0,489,489
1300,2016,0,489,489
1300,2017,0,489,489
1300,2018,0,489,489
1300,2019,0,489,489
1301,2014,0,486,486
1301,2015,0,486,486
1301,2016,0,486,486
1301,2017,0,488,488
1301,2018,0,488,488
1301,2019,0,488,488
1302,1998,488,0,488
1302,1999,488,0,488
1302,2000,488,0,488
1302,2001,488,0,488
1302,2002,488,0,488
1302,2003,488,0,488
1302,2004,488,0,488
1302,2005,488,0,488
1302,2006,488,0,488
1302,2007,488,0,488
1302,2008,488,0,488
1302,2009,488,0,488
1302,2010,320,0,320
1302,2011,320,0,320
1302,2012,320,0,320
1302,2013,320,0,320
1302,2014,320,0,320
1302,2015,320,0,320
1302,2016,320,0,320
1302,2017,320,0,320
1302,2018,320,0,320
1302,2019,320,0,320
1303,2013,0,487,487
1303,2014,0,487,487
1303,2015,0,487,487
1303,2016,0,487,487
1303,2017,0,487,487
1303,2018,0,487,487
1303,2019,0,487,487
1304,1998,0,485,485
1304,1999,0,485,485
1304,2000,0,485,485
1304,2001,0,485,485
1305,1998,480,0,480
1305,1999,480,0,480
1305,2000,480,0,480
1305,2001,480,0,480
1305,2002,480,0,480
1305,2003,480,0,480
1305,2004,480,0,480
1305,2005,480,0,480
1305,2006,480,0,480
1305,2007,480,0,480
1305,2008,480,0,480
1305,2009,480,0,480
1305,2010,203,0,203
1306,1998,0,480,480
1307,1998,0,478,478
1307,1999,0,478,478
1307,2000,0,478,478
1307,2001,0,478,478
1307,2002,0,478,478
1307,2003,0,478,478
1307,2004,0,478,478
1307,2005,0,478,478
1308,2009,0,477,477
1308,2010,0,477,477
1308,2011,0,477,477
1308,2012,0,477,477
1308,2013,0,477,477
1308,2014,0,477,477
1308,2015,0,477,477
1308,2016,0,477,477
1308,2017,0,477,477
1308,2018,0,477,477
1308,2019,0,477,477
1309,2008,477,0,477
1309,2009,477,0,477
1309,2010,477,0,477
1309,2011,477,0,477
1309,2012,477,0,477
1309,2013,477,0,477
1309,2014,477,0,477
1309,2015,477,0,477
1309,2016,477,0,477
1309,2017,477,0,477
1309,2018,477,0,477
1309,2019,477,0,477
1310,1998,0,477,477
1310,1999,0,477,477
1310,2000,0,477,477
1310,2001,0,477,477
1310,2002,0,477,477
1310,2003,0,477,477
1311,2010,0,335,335
1311,2011,0,335,335
1311,2012,0,335,335
1311,2013,0,326,326
1311,2014,0,357,357
1311,2015,0,357,357
1311,2016,0,416,416
1311,2017,0,476,476
1311,2018,0,476,476
1311,2019,0,476,476
1312,2002,0,476,476
1312,2003,0,476,476
1312,2004,0,476,476
1312,2005,0,476,476
1313,1998,476,0,476
1313,1999,476,0,476
1313,2000,476,0,476
1313,2001,476,0,476
1313,2002,476,0,476
1313,2003,476,0,476
1313,2004,476,0,476
1313,2005,476,0,476
1314,2018,473,0,473
1314,2019,473,0,473
1315,2002,0,471,471
1315,2003,0,471,471
1315,2004,0,471,471
1315,2005,0,471,471
1315,2006,0,471,471
1315,2007,0,471,471
1315,2008,0,471,471
1315,2009,0,471,471
1315,2010,0,471,471
1315,2011,0,471,471
1315,2012,0,471,471
1315,2013,0,471,471
1315,2014,0,471,471
1315,2015,0,471,471
1315,2016,0,471,471
1315,2017,0,471,471
1315,2018,0,471,471
1315,2019,0,471,471
1316,2005,0,471,471
1316,2006,0,471,471
1316,2007,0,471,471
1316,2008,0,471,471
1316,2009,0,471,471
1316,2010,0,471,471
1316,2011,0,471,471
1316,2012,0,471,471
1316,2013,0,471,471
1316,2014,0,471,471
1316,2015,0,471,471
1316,2016,0,471,471
1316,2017,0,471,471
1317,2009,0,471,471
1317,2010,0,471,471
1317,2011,0,461,461
1317,2012,0,461,461
1318,1998,0,465,465
1318,1999,0,465,465
1318,2000,0,465,465
1318,2001,0,471,471
1318,2002,0,471,471
1318,2003,0,471,471
1319,1998,470,0,470
1319,1999,470,0,470
1319,2000,470,0,470
1319,2001,470,0,470
1319,2002,470,0,470
1319,2003,470,0,470
1319,2004,470,0,470
1319,2005,470,0,470
1319,2006,153,0,153
1319,2007,153,0,153
1319,2008,153,0,153
1319,2009,153,0,153
1319,2010,153,0,153
1319,2011,153,0,153
1319,2012,153,0,153
1319,2013,153,0,153
1319,2014,153,0,153
1319,2015,153,0,153
1319,2016,153,0,153
1319,2017,153,0,153
1319,2018,153,0,153
1319,2019,153,0,153
1320,1998,184,286,470
1320,1999,184,286,470
1320,2000,184,286,470
1320,2001,184,286,470
1320,2002,184,286,470
1320,2003,184,286,470
1320,2004,184,286,470
1320,2005,184,286,470
1320,2006,184,286,470
1320,2007,184,286,470
1320,2008,184,286,470
1320,2009,184,286,470
1320,2010,184,286,470
1320,2011,184,286,470
1320,2012,184,286,470
1320,2013,184,286,470
1320,2014,184,286,470
1320,2015,184,286,470
1320,2016,184,286,470
1320,2017,184,286,470
1320,2018,184,286,470
1320,2019,184,286,470
1321,2016,470,0,470
1321,2017,470,0,470
1321,2018,470,0,470
1321,2019,470,0,470
1322,2013,0,470,470
1322,2014,0,470,470
1323,2019,0,468,468
1324,2016,0,468,468
1325,1998,468,0,468
1325,1999,468,0,468
1325,2000,468,0,468
1325,2001,468,0,468
1325,2002,468,0,468
1325,2003,468,0,468
1325,2004,468,0,468
1325,2005,468,0,468
1325,2006,452,0,452
1325,2007,452,0,452
1325,2008,452,0,452
1325,2009,452,0,452
1326,1998,0,466,466
1326,1999,0,466,466
1326,2000,0,466,466
1326,2001,0,466,466
1326,2002,0,466,466
1326,2003,0,466,466
1326,2004,0,466,466
1326,2005,0,466,466
1326,2006,0,466,466
1326,2007,0,466,466
1326,2008,0,466,466
1326,2009,0,466,466
1326,2010,0,419,419
1326,2011,0,419,419
1326,2012,0,419,419
1326,2013,0,419,419
1326,2014,0,419,419
1326,2015,0,419,419
1326,2016,0,419,419
1326,2017,0,419,419
1326,2018,0,419,419
1326,2019,0,419,419
1327,2013,0,465,465
1328,2004,0,465,465
1328,2005,0,465,465
1328,2006,0,465,465
1328,2007,0,465,465
1328,2008,0,465,465
1328,2009,0,465,465
1328,2010,0,465,465
1328,2011,0,465,465
1329,1998,0,464,464
1329,1999,0,464,464
1329,2000,0,464,464
1329,2001,0,464,464
1329,2002,0,464,464
1329,2003,0,464,464
1329,2004,0,464,464
1329,2005,0,464,464
1329,2006,0,464,464
1329,2007,0,464,464
1329,2008,0,464,464
1329,2009,0,464,464
1329,2010,0,464,464
1329,2011,0,464,464
1329,2012,0,464,464
1329,2013,0,464,464
1329,2014,0,464,464
1329,2015,0,464,464
1329,2016,0,464,464
1329,2017,0,464,464
1329,2018,0,464,464
1329,2019,0,464,464
1330,2019,462,0,462
1331,2013,460,0,460
1331,2014,460,0,460
1331,2015,460,0,460
1331,2016,460,0,460
1331,2017,460,0,460
1331,2018,460,0,460
1331,2019,460,0,460
1332,1998,0,459,459
1332,1999,0,459,459
1332,2000,0,459,459
1332,2001,0,459,459
1332,2002,0,459,459
1332,2003,0,459,459
1332,2004,0,459,459
1332,2005,0,459,459
1333,2009,0,458,458
1333,2010,0,458,458
1333,2011,0,458,458
1333,2012,0,458,458
1333,2013,0,457,457
1333,2014,0,457,457
1333,2015,0,457,457
1333,2016,0,457,457
1333,2017,0,457,457
1333,2018,0,457,457
1333,2019,0,457,457
1334,1998,457,0,457
1334,1999,457,0,457
1334,2000,457,0,457
1334,2001,457,0,457
1334,2002,457,0,457
1334,2003,457,0,457
1334,2004,457,0,457
1334,2005,457,0,457
1335,1998,0,457,457
1335,1999,0,457,457
1335,2000,0,457,457
1335,2001,0,457,457
1335,2002,0,457,457
1335,2003,0,457,457
1335,2004,0,457,457
1335,2005,0,457,457
1336,1998,0,456,456
1336,1999,0,456,456
1336,2000,0,456,456
1336,2001,0,456,456
1336,2002,0,456,456
1336,2003,0,456,456
1336,2004,0,456,456
1336,2005,0,456,456
1337,1998,246,209,455
1337,1999,246,209,455
1337,2000,246,209,455
1337,2001,246,209,455
1337,2002,246,209,455
1337,2003,246,209,455
1337,2004,246,209,455
1337,2005,246,209,455
1338,1998,0,455,455
1338,1999,0,455,455
1339,1998,454,0,454
1339,1999,454,0,454
1339,2000,454,0,454
1339,2001,454,0,454
1339,2002,383,0,383
1339,2003,383,0,383
1339,2004,383,0,383
1339,2005,383,0,383
1339,2006,383,0,383
1339,2007,383,0,383
1339,2008,383,0,383
1339,2009,383,0,383
1339,2010,383,0,383
1339,2011,383,0,383
1339,2012,383,0,383
1339,2013,383,0,383
1339,2014,383,0,383
1339,2015,383,0,383
1339,2016,383,0,383
1339,2017,383,0,383
1339,2018,383,0,383
1339,2019,383,0,383
1340,2014,454,0,454
1341,2004,454,0,454
1342,1998,454,0,454
1342,1999,454,0,454
1342,2000,454,0,454
1342,2001,454,0,454
1342,2002,454,0,454
1342,2003,454,0,454
1342,2004,454,0,454
1343,2005,0,452,452
1343,2006,0,452,452
1343,2007,0,452,452
1343,2008,0,452,452
1343,2009,0,452,452
1343,2010,0,452,452
1343,2011,0,452,452
1343,2012,0,452,452
1343,2013,0,452,452
1343,2014,0,452,452
1343,2015,0,452,452
1343,2016,0,452,452
1343,2017,0,452,452
1343,2018,0,452,452
1343,2019,0,452,452
1344,2018,0,452,452
1345,2015,0,452,452
1346,2005,0,452,452
1346,2006,0,452,452
1346,2007,0,452,452
1347,1998,451,0,451
1347,1999,451,0,451
1347,2000,451,0,451
1347,2001,451,0,451
1347,2002,451,0,451
1347,2003,451,0,451
1347,2004,451,0,451
1347,2005,451,0,451
1347,2006,451,0,451
1347,2007,451,0,451
1347,2008,451,0,451
1347,2009,451,0,451
1347,2010,451,0,451
1347,2011,451,0,451
1347,2012,451,0,451
1347,2013,451,0,451
1347,2014,451,0,451
1347,2015,451,0,451
1347,2016,451,0,451
1347,2017,451,0,451
1347,2018,451,0,451
1347,2019,451,0,451
1348,1998,364,0,364
1348,1999,386,0,386
1348,2000,386,0,386
1348,2001,400,0,400
1348,2002,400,0,400
1348,2003,400,0,400
1348,2004,400,0,400
1348,2005,400,0,400
1348,2006,400,0,400
1348,2007,400,0,400
1348,2008,400,0,400
1348,2009,400,0,400
1348,2010,400,0,400
1348,2011,451,0,451
1349,2005,0,451,451
1350,1998,0,451,451
1350,1999,0,451,451
1350,2000,0,451,451
1350,2001,0,451,451
1351,1998,450,0,450
1351,1999,450,0,450
1351,2000,450,0,450
1351,2001,450,0,450
1351,2002,450,0,450
1351,2003,450,0,450
1351,2004,450,0,450
1351,2005,450,0,450
1351,2006,450,0,450
1351,2007,450,0,450
1351,2008,450,0,450
1351,2009,450,0,450
1351,2010,450,0,450
1351,2011,450,0,450
1351,2012,450,0,450
1351,2013,450,0,450
1351,2014,450,0,450
1351,2015,450,0,450
1351,2016,450,0,450
1351,2017,450,0,450
1351,2018,450,0,450
1351,2019,450,0,450
1352,1998,449,0,449
1352,1999,449,0,449
1352,2000,449,0,449
1352,2001,449,0,449
1352,2002,449,0,449
1352,2003,449,0,449
1352,2004,449,0,449
1352,2005,449,0,449
1353,1998,449,0,449
1353,1999,449,0,449
1353,2000,449,0,449
1353,2001,449,0,449
1353,2002,449,0,449
1353,2003,449,0,449
1353,2004,449,0,449
1353,2005,449,0,449
1354,2009,447,0,447
1354,2010,447,0,447
1354,2011,447,0,447
1354,2012,447,0,447
1354,2013,447,0,447
1354,2014,447,0,447
1354,2015,447,0,447
1354,2016,447,0,447
1354,2017,447,0,447
1354,2018,447,0,447
1354,2019,447,0,447
1355,2000,0,446,446
1355,2001,0,446,446
1355,2002,0,446,446
1355,2003,0,446,446
1355,2004,0,446,446
1355,2005,0,446,446
1355,2006,0,384,384
1355,2007,0,384,384
1355,2008,0,384,384
1355,2009,0,384,384
1355,2010,0,384,384
1355,2011,0,384,384
1355,2012,0,384,384
1355,2013,0,384,384
1355,2014,0,384,384
1355,2015,0,384,384
1355,2016,0,384,384
1355,2017,0,384,384
1356,1998,446,0,446
1356,1999,446,0,446
1356,2000,446,0,446
1356,2001,446,0,446
1356,2002,446,0,446
1356,2003,446,0,446
1356,2004,446,0,446
1356,2005,446,0,446
1356,2006,446,0,446
1357,1998,445,0,445
1357,1999,445,0,445
1357,2000,445,0,445
1357,2001,445,0,445
1357,2002,445,0,445
1357,2003,445,0,445
1357,2004,445,0,445
1357,2005,445,0,445
1357,2006,445,0,445
1357,2007,445,0,445
1357,2008,445,0,445
1357,2009,445,0,445
1357,2010,445,0,445
1357,2011,445,0,445
1357,2012,445,0,445
1357,2013,445,0,445
1357,2014,441,0,441
1357,2015,441,0,441
1358,1998,445,0,445
1358,1999,445,0,445
1358,2000,445,0,445
1358,2001,445,0,445
1358,2002,445,0,445
1358,2003,445,0,445
1358,2004,445,0,445
1358,2005,445,0,445
1359,1998,444,0,444
1359,1999,444,0,444
1359,2000,444,0,444
1359,2001,444,0,444
1359,2002,444,0,444
1359,2003,444,0,444
1359,2004,444,0,444
1359,2005,444,0,444
1359,2006,444,0,444
1359,2007,444,0,444
1359,2008,444,0,444
1359,2009,444,0,444
1359,2010,444,0,444
1359,2011,444,0,444
1359,2012,444,0,444
1359,2013,444,0,444
1359,2014,444,0,444
1359,2015,444,0,444
1359,2016,444,0,444
1359,2017,444,0,444
1359,2018,444,0,444
1359,2019,444,0,444
1360,1998,257,0,257
1360,1999,257,0,257
1360,2000,257,0,257
1360,2001,257,0,257
1360,2002,257,0,257
1360,2003,257,0,257
1360,2004,257,0,257
1360,2005,257,0,257
1360,2006,257,0,257
1360,2007,257,0,257
1360,2008,296,0,296
1360,2009,400,0,400
1360,2010,442,0,442
1360,2011,442,0,442
1360,2012,442,0,442
1360,2013,442,0,442
1360,2014,442,0,442
1360,2015,442,0,442
1360,2016,442,0,442
1360,2017,442,0,442
1360,2018,442,0,442
1360,2019,442,0,442
1361,1998,0,442,442
1361,1999,0,442,442
1361,2000,0,442,442
1361,2001,0,442,442
1362,1998,0,442,442
1362,1999,0,442,442
1362,2000,0,423,423
1362,2001,0,423,423
1363,1998,441,0,441
1363,1999,441,0,441
1363,2000,441,0,441
1363,2001,441,0,441
1363,2002,441,0,441
1363,2003,441,0,441
1363,2004,441,0,441
1363,2005,441,0,441
1363,2006,441,0,441
1363,2007,441,0,441
1363,2008,441,0,441
1363,2009,441,0,441
1363,2010,441,0,441
1363,2011,441,0,441
1363,2012,441,0,441
1363,2013,441,0,441
1363,2014,441,0,441
1363,2015,441,0,441
1363,2016,441,0,441
1363,2017,441,0,441
1363,2018,441,0,441
1363,2019,441,0,441
1364,1998,0,441,441
1364,1999,0,441,441
1364,2000,0,441,441
1365,1998,440,0,440
1365,1999,440,0,440
1365,2000,440,0,440
1365,2001,440,0,440
1365,2002,440,0,440
1365,2003,440,0,440
1365,2004,440,0,440
1365,2005,440,0,440
1365,2006,440,0,440
1365,2007,440,0,440
1365,2008,409,0,409
1365,2009,409,0,409
1365,2010,409,0,409
1365,2011,409,0,409
1365,2012,409,0,409
1365,2013,409,0,409
1365,2014,409,0,409
1365,2015,409,0,409
1365,2016,409,0,409
1365,2017,409,0,409
1365,2018,409,0,409
1365,2019,409,0,409
1366,1998,0,440,440
1366,1999,0,440,440
1366,2000,0,440,440
1366,2001,0,440,440
1366,2002,0,440,440
1366,2003,0,440,440
1366,2004,0,440,440
1366,2005,0,440,440
1367,2007,0,147,147
1367,2008,0,147,147
1367,2009,0,439,439
1368,2007,0,438,438
1368,2008,0,438,438
1369,2005,0,438,438
1370,1998,437,0,437
1370,1999,437,0,437
1370,2000,437,0,437
1370,2001,437,0,437
1370,2002,437,0,437
1370,2003,437,0,437
1370,2004,437,0,437
1370,2005,437,0,437
1370,2006,437,0,437
1370,2007,437,0,437
1370,2008,437,0,437
1370,2009,437,0,437
1370,2010,437,0,437
1370,2011,437,0,437
1370,2012,437,0,437
1370,2013,437,0,437
1371,1998,436,0,436
1371,1999,436,0,436
1371,2000,436,0,436
1371,2001,436,0,436
1371,2002,436,0,436
1371,2003,436,0,436
1371,2004,436,0,436
1371,2005,436,0,436
1371,2006,436,0,436
1371,2007,436,0,436
1371,2008,436,0,436
1371,2009,436,0,436
1371,2010,436,0,436
1371,2011,436,0,436
1371,2012,436,0,436
1371,2013,436,0,436
1371,2014,436,0,436
1371,2015,436,0,436
1372,1998,435,0,435
1372,1999,435,0,435
1372,2000,435,0,435
1373,1998,0,434,434
1373,1999,0,434,434
1373,2000,0,434,434
1373,2001,0,434,434
1373,2002,0,434,434
1373,2003,0,434,434
1373,2004,0,434,434
1373,2005,0,434,434
1373,2006,0,434,434
1373,2007,0,434,434
1373,2008,0,434,434
1373,2009,0,434,434
1373,2010,0,434,434
1373,2011,0,434,434
1373,2012,0,434,434
1373,2013,0,434,434
1373,2014,0,434,434
1373,2015,0,434,434
1373,2016,0,434,434
1373,2017,0,434,434
1373,2018,0,434,434
1373,2019,0,434,434
1374,2005,0,434,434
1374,2006,0,434,434
1374,2007,0,434,434
1374,2008,0,434,434
1374,2009,0,434,434
1374,2010,0,434,434
1375,2003,0,433,433
1376,1998,431,0,431
1376,1999,431,0,431
1376,2000,431,0,431
1376,2001,431,0,431
1376,2002,431,0,431
1376,2003,431,0,431
1376,2004,431,0,431
1376,2005,431,0,431
1376,2006,431,0,431
1376,2007,431,0,431
1376,2008,431,0,431
1376,2009,431,0,431
1376,2010,431,0,431
1376,2011,431,0,431
1376,2012,431,0,431
1376,2013,431,0,431
1376,2014,431,0,431
1376,2015,431,0,431
1376,2016,431,0,431
1376,2017,431,0,431
1376,2018,431,0,431
1376,2019,431,0,431
1377,1998,0,431,431
1377,1999,0,431,431
1377,2000,0,431,431
1378,1998,428,0,428
1378,1999,428,0,428
1378,2000,428,0,428
1378,2001,428,0,428
1378,2002,428,0,428
1378,2003,428,0,428
1378,2004,428,0,428
1378,2005,428,0,428
1378,2006,428,0,428
1378,2007,428,0,428
1378,2008,428,0,428
1378,2009,428,0,428
1378,2010,428,0,428
1378,2011,428,0,428
1378,2012,428,0,428
1378,2013,428,0,428
1378,2014,428,0,428
1378,2015,428,0,428
1378,2016,428,0,428
1378,2017,428,0,428
1378,2018,428,0,428
1378,2019,428,0,428
1379,2001,426,0,426
1379,2002,426,0,426
1379,2003,426,0,426
1380,1998,424,0,424
1380,1999,424,0,424
1380,2000,424,0,424
1380,2001,424,0,424
1380,2002,425,0,425
1380,2003,425,0,425
1380,2004,425,0,425
1380,2005,425,0,425
1380,2006,425,0,425
1380,2007,425,0,425
1380,2008,425,0,425
1380,2009,425,0,425
1380,2010,425,0,425
1380,2011,425,0,425
1380,2012,425,0,425
1380,2013,425,0,425
1380,2014,425,0,425
1380,2015,425,0,425
1380,2016,425,0,425
1380,2017,425,0,425
1380,2018,425,0,425
1380,2019,425,0,425
1381,1998,0,425,425
1381,1999,0,425,425
1381,2000,0,425,425
1381,2001,0,425,425
1382,2008,424,0,424
1382,2009,424,0,424
1382,2010,424,0,424
1382,2011,424,0,424
1382,2012,424,0,424
1383,2005,424,0,424
1383,2006,424,0,424
1384,1999,424,0,424
1384,2000,424,0,424
1384,2001,424,0,424
1385,1998,339,0,339
1385,1999,339,0,339
1385,2000,401,0,401
1385,2001,401,0,401
1385,2002,401,0,401
1385,2003,401,0,401
1385,2004,401,0,401
1385,2005,401,0,401
1385,2006,401,0,401
1385,2007,401,0,401
1385,2008,401,0,401
1385,2009,401,0,401
1385,2010,401,0,401
1385,2011,401,0,401
1385,2012,401,0,401
1385,2013,400,0,400
1385,2014,400,0,400
1385,2015,405,0,405
1385,2016,376,0,376
1385,2017,379,0,379
1385,2018,423,0,423
1385,2019,423,0,423
1386,2005,0,422,422
1387,1998,0,421,421
1387,1999,0,421,421
1387,2000,0,421,421
1387,2001,0,421,421
1387,2002,0,421,421
1387,2003,0,421,421
1387,2004,0,421,421
1387,2005,0,421,421
1388,2012,419,0,419
1388,2013,419,0,419
1388,2014,419,0,419
1389,2018,418,0,418
1389,2019,418,0,418
1390,1998,418,0,418
1390,1999,418,0,418
1390,2000,418,0,418
1390,2001,418,0,418
1390,2002,418,0,418
1390,2003,418,0,418
1390,2004,418,0,418
1390,2005,418,0,418
1390,2006,418,0,418
1390,2007,418,0,418
1390,2008,418,0,418
1390,2009,418,0,418
1390,2010,418,0,418
1390,2011,418,0,418
1390,2012,418,0,418
1390,2013,418,0,418
1390,2014,418,0,418
1390,2015,418,0,418
1390,2016,418,0,418
1390,2017,418,0,418
1390,2018,418,0,418
1390,2019,418,0,418
1391,2006,397,0,397
1391,2007,397,0,397
1391,2008,397,0,397
1391,2009,397,0,397
1391,2010,418,0,418
1391,2011,418,0,418
1391,2012,418,0,418
1391,2013,418,0,418
1391,2014,418,0,418
1392,2003,0,417,417
1392,2004,0,417,417
1392,2005,0,417,417
1392,2006,0,417,417
1392,2007,0,417,417
1392,2008,0,417,417
1392,2009,0,417,417
1392,2010,0,417,417
1393,1998,0,417,417
1393,1999,0,417,417
1393,2000,0,417,417
1393,2001,0,417,417
1393,2002,0,417,417
1393,2003,0,417,417
1393,2004,0,417,417
1393,2005,0,417,417
1394,2008,0,416,416
1394,2009,0,416,416
1394,2010,0,416,416
1394,2011,0,322,322
1394,2012,0,372,372
1394,2013,0,381,381
1395,1998,0,415,415
1395,1999,0,415,415
1395,2000,0,415,415
1395,2001,0,415,415
1395,2002,0,415,415
1395,2003,0,415,415
1395,2004,0,415,415
1395,2005,0,415,415
1396,1998,376,0,376
1396,1999,376,0,376
1396,2000,376,0,376
1396,2001,376,0,376
1396,2002,376,0,376
1396,2003,376,0,376
1396,2004,376,0,376
1396,2005,376,0,376
1396,2006,376,0,376
1396,2007,376,0,376
1396,2008,376,0,376
1396,2009,376,0,376
1396,2010,376,0,376
1396,2011,376,0,376
1396,2012,376,0,376
1396,2013,413,0,413
1396,2014,413,0,413
1396,2015,413,0,413
1396,2016,413,0,413
1396,2017,413,0,413
1396,2018,413,0,413
1396,2019,413,0,413
1397,1998,145,265,410
1397,1999,145,265,410
1397,2000,145,265,410
1397,2001,145,265,410
1397,2002,145,265,410
1397,2003,145,265,410
1397,2004,145,265,410
1397,2005,145,265,410
1397,2006,145,265,410
1397,2007,145,265,410
1397,2008,145,265,410
1397,2009,145,265,410
1397,2010,145,265,410
1397,2011,145,265,410
1397,2012,145,265,410
1397,2013,145,265,410
1397,2014,145,265,410
1397,2015,145,265,410
1397,2016,145,265,410
1397,2017,145,265,410
1397,2018,145,265,410
1397,2019,145,265,410
1398,1998,410,0,410
1398,1999,410,0,410
1398,2000,410,0,410
1398,2001,410,0,410
1398,2002,410,0,410
1398,2003,410,0,410
1398,2004,410,0,410
1398,2005,410,0,410
1398,2006,410,0,410
1399,1998,410,0,410
1399,1999,410,0,410
1399,2000,410,0,410
1399,2001,410,0,410
1399,2002,410,0,410
1399,2003,410,0,410
1399,2004,410,0,410
1399,2005,410,0,410
1400,2013,0,407,407
1400,2014,0,407,407
1400,2015,0,407,407
1400,2016,0,407,407
1400,2017,0,407,407
1400,2018,0,407,407
1400,2019,0,407,407
1401,1998,407,0,407
1401,1999,407,0,407
1401,2000,407,0,407
1401,2001,407,0,407
1401,2002,407,0,407
1401,2003,407,0,407
1401,2004,407,0,407
1401,2005,407,0,407
1402,2003,406,0,406
1402,2004,406,0,406
1403,2002,405,0,405
1403,2003,405,0,405
1403,2004,405,0,405
1403,2005,405,0,405
1403,2006,405,0,405
1403,2007,405,0,405
1403,2008,405,0,405
1403,2009,405,0,405
1403,2010,405,0,405
1403,2011,405,0,405
1403,2012,405,0,405
1403,2013,405,0,405
1403,2014,405,0,405
1403,2015,405,0,405
1403,2016,405,0,405
1403,2017,405,0,405
1403,2018,405,0,405
1403,2019,405,0,405
1404,1998,404,0,404
1404,1999,404,0,404
1404,2000,404,0,404
1404,2001,404,0,404
1404,2002,404,0,404
1404,2003,404,0,404
1404,2004,404,0,404
1404,2005,404,0,404
1404,2006,404,0,404
1404,2007,404,0,404
1404,2008,404,0,404
1404,2009,404,0,404
1404,2010,404,0,404
1404,2011,404,0,404
1404,2012,404,0,404
1404,2013,404,0,404
1404,2014,404,0,404
1404,2015,404,0,404
1404,2016,404,0,404
1404,2017,404,0,404
1404,2018,404,0,404
1404,2019,404,0,404
1405,2015,404,0,404
1405,2016,404,0,404
1405,2017,404,0,404
1405,2018,404,0,404
1405,2019,404,0,404
1406,2002,0,404,404
1406,2003,0,404,404
1406,2004,0,404,404
1406,2005,0,404,404
1407,1998,0,404,404
1407,1999,0,404,404
1407,2000,0,404,404
1407,2001,0,404,404
1408,1998,0,403,403
1409,1998,402,0,402
1409,1999,402,0,402
1409,2000,402,0,402
1409,2001,402,0,402
1409,2002,402,0,402
1409,2003,402,0,402
1409,2004,402,0,402
1409,2005,402,0,402
1409,2006,402,0,402
1409,2007,402,0,402
1409,2008,402,0,402
1410,1998,0,401,401
1410,1999,0,401,401
1410,2000,0,401,401
1410,2001,0,401,401
1410,2002,0,401,401
1410,2003,0,401,401
1410,2004,0,401,401
1410,2005,0,401,401
1410,2006,0,401,401
1410,2007,0,401,401
1411,2013,0,400,400
1412,2001,399,0,399
1412,2002,399,0,399
1412,2003,399,0,399
1412,2004,399,0,399
1412,2005,399,0,399
1413,2005,0,399,399
1414,2012,398,0,398
1414,2013,398,0,398
1414,2014,398,0,398
1414,2015,398,0,398
1414,2016,398,0,398
1414,2017,398,0,398
1414,2018,398,0,398
1414,2019,396,0,396
1415,2002,397,0,397
1415,2003,397,0,397
1415,2004,397,0,397
1416,1999,397,0,397
1416,2000,397,0,397
1417,1998,0,396,396
1417,1999,0,396,396
1417,2000,0,396,396
1417,2001,0,396,396
1418,1998,0,396,396
1418,1999,0,396,396
1418,2000,0,396,396
1419,1998,395,0,395
1419,1999,395,0,395
1419,2000,395,0,395
1419,2001,395,0,395
1419,2002,395,0,395
1419,2003,395,0,395
1419,2004,395,0,395
1419,2005,395,0,395
1419,2006,395,0,395
1419,2007,395,0,395
1419,2008,395,0,395
1419,2009,395,0,395
1419,2010,395,0,395
1419,2011,395,0,395
1419,2012,395,0,395
1419,2013,395,0,395
1419,2014,395,0,395
1419,2015,395,0,395
1419,2016,395,0,395
1419,2017,395,0,395
1419,2018,395,0,395
1419,2019,395,0,395
1420,1998,372,0,372
1420,1999,372,0,372
1420,2000,372,0,372
1420,2001,372,0,372
1420,2002,372,0,372
1420,2003,372,0,372
1420,2004,372,0,372
1420,2005,372,0,372
1420,2006,394,0,394
1420,2007,394,0,394
1420,2008,394,0,394
1420,2009,394,0,394
1420,2010,394,0,394
1420,2011,394,0,394
1420,2012,394,0,394
1420,2013,394,0,394
1420,2014,394,0,394
1420,2015,394,0,394
1420,2016,394,0,394
1420,2017,394,0,394
1420,2018,394,0,394
1420,2019,394,0,394
1421,2016,0,393,393
1421,2017,0,393,393
1421,2018,0,393,393
1421,2019,0,393,393
1422,2005,0,386,386
1422,2006,0,386,386
1422,2007,0,393,393
1423,1998,393,0,393
1423,1999,393,0,393
1423,2000,393,0,393
1423,2001,393,0,393
1423,2002,393,0,393
1423,2003,393,0,393
1423,2004,393,0,393
1423,2005,393,0,393
1423,2006,393,0,393
1423,2007,393,0,393
1424,1998,0,393,393
1424,1999,0,393,393
1424,2000,0,393,393
1425,1998,392,0,392
1425,1999,392,0,392
1425,2000,392,0,392
1425,2001,392,0,392
1425,2002,392,0,392
1425,2003,392,0,392
1425,2004,392,0,392
1425,2005,392,0,392
1425,2006,392,0,392
1425,2007,392,0,392
1425,2008,392,0,392
1425,2009,392,0,392
1425,2010,392,0,392
1425,2011,392,0,392
1425,2012,392,0,392
1425,2013,392,0,392
1425,2014,392,0,392
1425,2015,392,0,392
1425,2016,392,0,392
1425,2017,392,0,392
1425,2018,392,0,392
1425,2019,392,0,392
1426,2001,0,392,392
1426,2002,0,392,392
1426,2003,0,392,392
1426,2004,0,392,392
1426,2005,0,392,392
1426,2006,0,392,392
1426,2007,0,392,392
1426,2008,0,392,392
1426,2009,0,392,392
1426,2010,0,392,392
1426,2011,0,392,392
1426,2012,0,392,392
1426,2013,0,392,392
1426,2014,0,392,392
1426,2015,0,391,391
1426,2016,0,391,391
1426,2017,0,391,391
1426,2018,0,391,391
1426,2019,0,391,391
1427,1998,392,0,392
1427,1999,392,0,392
1427,2000,392,0,392
1427,2001,392,0,392
1427,2002,392,0,392
1427,2003,392,0,392
1427,2004,392,0,392
1427,2005,392,0,392
1427,2006,392,0,392
1427,2007,392,0,392
1427,2008,392,0,392
1427,2009,392,0,392
1427,2010,392,0,392
1427,2011,392,0,392
1427,2012,392,0,392
1427,2013,392,0,392
1427,2014,392,0,392
1427,2015,392,0,392
1427,2016,392,0,392
1427,2017,392,0,392
1427,2018,392,0,392
1427,2019,392,0,392
1428,2004,0,361,361
1428,2005,0,361,361
1428,2006,0,361,361
1428,2007,0,361,361
1428,2008,0,361,361
1428,2009,0,361,361
1428,2010,0,361,361
1428,2011,0,361,361
1428,2012,0,390,390
1428,2013,0,390,390
1428,2014,0,390,390
1428,2015,0,390,390
1428,2016,0,390,390
1428,2017,0,390,390
1428,2018,0,390,390
1428,2019,0,390,390
1429,2014,320,0,320
1429,2015,326,0,326
1429,2016,390,0,390
1429,2017,390,0,390
1429,2018,390,0,390
1429,2019,390,0,390
1430,2006,390,0,390
1430,2007,390,0,390
1430,2008,390,0,390
1430,2009,390,0,390
1430,2010,390,0,390
1430,2011,390,0,390
1430,2012,390,0,390
1430,2013,390,0,390
1430,2014,390,0,390
1430,2015,390,0,390
1430,2016,390,0,390
1430,2017,390,0,390
1431,1998,0,390,390
1431,1999,0,390,390
1431,2000,0,390,390
1431,2001,0,390,390
1431,2002,0,390,390
1431,2003,0,390,390
1431,2004,0,390,390
1431,2005,0,390,390
1431,2006,0,390,390
1431,2007,0,390,390
1431,2008,0,390,390
1431,2009,0,390,390
1431,2010,0,390,390
1431,2011,0,390,390
1431,2012,0,390,390
1431,2013,0,390,390
1431,2014,0,390,390
1431,2015,0,390,390
1432,1998,0,390,390
1432,1999,0,390,390
1432,2000,0,390,390
1432,2001,0,390,390
1432,2002,0,390,390
1432,2003,0,390,390
1432,2004,0,390,390
1432,2005,0,390,390
1432,2006,0,390,390
1432,2007,0,390,390
1432,2008,0,390,390
1432,2009,0,390,390
1432,2010,0,390,390
1432,2011,0,390,390
1432,2012,0,390,390
1432,2013,0,390,390
1432,2014,0,390,390
1432,2015,0,390,390
1433,1998,390,0,390
1433,1999,390,0,390
1433,2000,390,0,390
1434,2019,0,389,389
1435,2008,0,389,389
1435,2009,0,389,389
1435,2010,0,389,389
1435,2011,0,389,389
1435,2012,0,389,389
1435,2013,0,389,389
1435,2014,0,389,389
1435,2015,0,389,389
1435,2016,0,389,389
1436,2012,389,0,389
1437,1998,389,0,389
1437,1999,389,0,389
1437,2000,389,0,389
1437,2001,389,0,389
1438,2016,388,0,388
1438,2017,388,0,388
1438,2018,388,0,388
1438,2019,388,0,388
1439,1998,0,388,388
1439,1999,0,388,388
1439,2000,0,388,388
1439,2001,0,388,388
1439,2002,0,388,388
1439,2003,0,388,388
1439,2004,0,388,388
1439,2005,0,388,388
1439,2006,0,388,388
1439,2007,0,388,388
1439,2008,0,388,388
1439,2009,0,388,388
1439,2010,0,388,388
1439,2011,0,388,388
1439,2012,0,388,388
1439,2013,0,388,388
1439,2014,0,388,388
1439,2015,0,388,388
1439,2016,0,388,388
1439,2017,0,388,388
1439,2018,0,388,388
1439,2019,0,388,388
1440,1998,0,388,388
1440,1999,0,388,388
1440,2000,0,388,388
1440,2001,0,388,388
1440,2002,0,388,388
1440,2003,0,388,388
1440,2004,0,388,388
1440,2005,0,388,388
1440,2006,0,388,388
1440,2007,0,388,388
1440,2008,0,388,388
1440,2009,0,388,388
1440,2010,0,388,388
1440,2011,0,388,388
1440,2012,0,388,388
1440,2013,0,388,388
1440,2014,0,388,388
1440,2015,0,388,388
1441,1998,229,151,380
1441,1999,229,151,380
1441,2000,229,151,380
1441,2001,235,151,386
1441,2002,235,151,386
1441,2003,235,151,386
1441,2004,235,151,386
1441,2005,235,151,386
1441,2006,193,108,301
1441,2007,193,108,301
1441,2008,193,108,301
1441,2009,0,108,108
1441,2010,0,108,108
1441,2011,0,108,108
1441,2012,0,108,108
1441,2013,0,108,108
1441,2014,0,108,108
1441,2015,0,108,108
1441,2016,0,108,108
1441,2017,0,108,108
1441,2018,0,108,108
1441,2019,0,108,108
1442,2015,0,379,379
1442,2016,0,379,379
1442,2017,0,386,386
1442,2018,0,386,386
1443,1998,0,386,386
1443,1999,0,386,386
1443,2000,0,386,386
1443,2001,0,386,386
1443,2002,0,386,386
1443,2003,0,386,386
1443,2004,0,386,386
1443,2005,0,386,386
1443,2006,0,386,386
1443,2007,0,386,386
1443,2008,0,386,386
1443,2009,0,386,386
1443,2010,0,386,386
1443,2011,0,386,386
1443,2012,0,386,386
1443,2013,0,386,386
1443,2014,0,386,386
1443,2015,0,386,386
1444,2006,385,0,385
1444,2007,385,0,385
1444,2008,385,0,385
1444,2009,385,0,385
1444,2010,385,0,385
1444,2011,385,0,385
1444,2012,385,0,385
1444,2013,385,0,385
1444,2014,385,0,385
1444,2015,385,0,385
1444,2016,385,0,385
1444,2017,385,0,385
1444,2018,385,0,385
1444,2019,385,0,385
1445,2006,374,0,374
1445,2007,374,0,374
1445,2008,374,0,374
1445,2009,384,0,384
1445,2010,384,0,384
1445,2011,384,0,384
1445,2012,384,0,384
1445,2013,384,0,384
1445,2014,384,0,384
1445,2015,383,0,383
1445,2016,383,0,383
1445,2017,383,0,383
1445,2018,383,0,383
1445,2019,383,0,383
1446,1998,0,384,384
1446,1999,0,384,384
1446,2000,0,384,384
1446,2001,0,384,384
1447,1998,383,0,383
1447,1999,383,0,383
1447,2000,383,0,383
1447,2001,383,0,383
1447,2002,383,0,383
1447,2003,383,0,383
1447,2004,383,0,383
1447,2005,383,0,383
1447,2006,383,0,383
1447,2007,383,0,383
1447,2008,383,0,383
1447,2009,383,0,383
1447,2010,383,0,383
1447,2011,383,0,383
1447,2012,383,0,383
1447,2013,383,0,383
1447,2014,383,0,383
1447,2015,383,0,383
1447,2016,258,0,258
1447,2017,258,0,258
1447,2018,258,0,258
1447,2019,258,0,258
1448,2006,0,383,383
1448,2007,0,380,380
1448,2008,0,380,380
1448,2009,0,380,380
1448,2010,0,380,380
1448,2011,0,380,380
1448,2012,0,380,380
1448,2013,0,380,380
1448,2014,0,380,380
1448,2015,0,380,380
1448,2016,0,380,380
1448,2017,0,380,380
1448,2018,0,380,380
1448,2019,0,380,380
1449,1998,383,0,383
1449,1999,383,0,383
1449,2000,383,0,383
1449,2001,383,0,383
1449,2002,383,0,383
1449,2003,383,0,383
1449,2004,383,0,383
1449,2005,383,0,383
1449,2006,383,0,383
1449,2007,383,0,383
1449,2008,383,0,383
1449,2009,383,0,383
1450,1998,383,0,383
1450,1999,383,0,383
1450,2000,383,0,383
1450,2001,383,0,383
1450,2002,383,0,383
1450,2003,383,0,383
1450,2004,383,0,383
1450,2005,383,0,383
1451,1998,0,382,382
1451,1999,0,382,382
1451,2000,0,382,382
1451,2001,0,383,383
1451,2002,0,383,383
1451,2003,0,383,383
1451,2004,0,383,383
1452,1998,382,0,382
1452,1999,382,0,382
1452,2000,382,0,382
1452,2001,382,0,382
1452,2002,382,0,382
1452,2003,382,0,382
1452,2004,382,0,382
1452,2005,382,0,382
1452,2006,382,0,382
1452,2007,382,0,382
1452,2008,382,0,382
1452,2009,382,0,382
1452,2010,291,0,291
1453,1998,381,0,381
1453,1999,381,0,381
1453,2000,381,0,381
1453,2001,381,0,381
1453,2002,381,0,381
1453,2003,381,0,381
1453,2004,381,0,381
1453,2005,381,0,381
1453,2006,381,0,381
1453,2007,381,0,381
1453,2008,381,0,381
1453,2009,381,0,381
1453,2010,381,0,381
1453,2011,381,0,381
1453,2012,381,0,381
1453,2013,381,0,381
1453,2014,381,0,381
1453,2015,381,0,381
1453,2016,381,0,381
1453,2017,381,0,381
1453,2018,381,0,381
1453,2019,381,0,381
1454,2003,381,0,381
1454,2004,381,0,381
1454,2005,381,0,381
1454,2006,381,0,381
1454,2007,381,0,381
1454,2008,381,0,381
1454,2009,381,0,381
1454,2010,381,0,381
1454,2011,381,0,381
1454,2012,381,0,381
1454,2013,381,0,381
1454,2014,381,0,381
1454,2015,381,0,381
1454,2016,381,0,381
1454,2017,381,0,381
1454,2018,381,0,381
1454,2019,381,0,381
1455,2009,0,380,380
1455,2010,0,380,380
1455,2011,0,380,380
1455,2012,0,380,380
1455,2013,0,380,380
1455,2014,0,380,380
1455,2015,0,380,380
1455,2016,0,380,380
1455,2017,0,380,380
1455,2018,0,380,380
1455,2019,0,380,380
1456,2002,0,380,380
1456,2003,0,380,380
1456,2004,0,380,380
1456,2005,0,380,380
1457,1998,0,380,380
1457,1999,0,380,380
1457,2000,0,380,380
1458,1998,0,379,379
1458,1999,0,379,379
1458,2000,0,379,379
1458,2001,0,379,379
1458,2002,0,379,379
1458,2003,0,379,379
1458,2004,0,379,379
1458,2005,0,379,379
1458,2006,0,379,379
1458,2007,0,379,379
1459,1998,379,0,379
1459,1999,379,0,379
1459,2000,379,0,379
1459,2001,379,0,379
1459,2002,379,0,379
1459,2003,379,0,379
1459,2004,379,0,379
1459,2005,379,0,379
1460,1998,0,378,378
1460,1999,0,378,378
1460,2000,0,378,378
1460,2001,0,378,378
1460,2002,0,378,378
1460,2003,0,378,378
1460,2004,0,378,378
1460,2005,0,378,378
1460,2006,0,378,378
1460,2007,0,378,378
1460,2008,0,378,378
1460,2009,0,378,378
1460,2010,0,378,378
1460,2011,0,378,378
1460,2012,0,378,378
1460,2013,0,378,378
1460,2014,0,378,378
1460,2015,0,378,378
1460,2016,0,378,378
1460,2017,0,378,378
1460,2018,0,378,378
1460,2019,0,378,378
1461,2016,378,0,378
1461,2017,378,0,378
1461,2018,378,0,378
1461,2019,378,0,378
1462,1998,377,0,377
1462,1999,377,0,377
1462,2000,377,0,377
1462,2001,377,0,377
1462,2002,377,0,377
1462,2003,377,0,377
1462,2004,377,0,377
1462,2005,377,0,377
1462,2006,377,0,377
1462,2007,377,0,377
1462,2008,377,0,377
1462,2009,377,0,377
1462,2010,377,0,377
1462,2011,377,0,377
1462,2012,377,0,377
1462,2013,377,0,377
1462,2014,377,0,377
1462,2015,377,0,377
1462,2016,377,0,377
1462,2017,377,0,377
1462,2018,377,0,377
1462,2019,377,0,377
1463,1998,0,362,362
1463,1999,0,362,362
1463,2000,0,362,362
1463,2001,0,362,362
1463,2002,0,362,362
1463,2003,0,377,377
1464,2019,0,375,375
1465,2002,0,375,375
1465,2003,0,375,375
1465,2004,0,375,375
1465,2005,0,375,375
1466,1998,0,375,375
1466,1999,0,375,375
1466,2000,0,375,375
1467,2015,0,373,373
1467,2016,0,373,373
1467,2017,0,373,373
1467,2018,0,373,373
1467,2019,0,373,373
1468,1998,372,0,372
1468,1999,372,0,372
1468,2000,372,0,372
1468,2001,372,0,372
1468,2002,372,0,372
1468,2003,372,0,372
1468,2004,372,0,372
1468,2005,372,0,372
1468,2006,372,0,372
1468,2007,372,0,372
1468,2008,372,0,372
1468,2009,372,0,372
1468,2010,372,0,372
1468,2011,372,0,372
1468,2012,372,0,372
1468,2013,372,0,372
1468,2014,372,0,372
1468,2015,372,0,372
1468,2016,372,0,372
1468,2017,372,0,372
1468,2018,372,0,372
1468,2019,372,0,372
1469,1998,0,340,340
1469,1999,0,340,340
1469,2000,0,340,340
1469,2001,0,340,340
1469,2002,0,340,340
1469,2003,0,340,340
1469,2004,0,372,372
1469,2005,0,372,372
1469,2006,0,372,372
1469,2007,0,372,372
1469,2008,0,342,342
1469,2009,0,342,342
1469,2010,0,342,342
1469,2011,0,341,341
1469,2012,0,341,341
1469,2013,0,341,341
1469,2014,0,341,341
1469,2015,0,341,341
1469,2016,0,341,341
1469,2017,0,341,341
1469,2018,0,341,341
1469,2019,0,341,341
1470,2002,0,372,372
1470,2003,0,372,372
1470,2004,0,372,372
1470,2005,0,372,372
1471,2013,0,371,371
1471,2014,0,371,371
1471,2015,0,371,371
1471,2016,0,371,371
1471,2017,0,371,371
1471,2018,0,371,371
1471,2019,0,371,371
1472,1998,370,0,370
1472,1999,370,0,370
1472,2000,370,0,370
1472,2001,370,0,370
1472,2002,370,0,370
1472,2003,370,0,370
1472,2004,370,0,370
1472,2005,370,0,370
1472,2006,370,0,370
1472,2007,370,0,370
1472,2008,370,0,370
1472,2009,370,0,370
1472,2010,370,0,370
1472,2011,370,0,370
1472,2012,370,0,370
1472,2013,370,0,370
1472,2014,370,0,370
1472,2015,370,0,370
1472,2016,370,0,370
1472,2017,370,0,370
1472,2018,370,0,370
1472,2019,370,0,370
1473,1998,0,370,370
1473,1999,0,370,370
1473,2000,0,370,370
1474,1998,0,370,370
1474,1999,0,370,370
1475,1998,369,0,369
1475,1999,369,0,369
1475,2000,369,0,369
1475,2001,369,0,369
1475,2002,369,0,369
1475,2003,369,0,369
1475,2004,369,0,369
1475,2005,369,0,369
1475,2006,369,0,369
1475,2007,369,0,369
1475,2008,369,0,369
1475,2009,369,0,369
1475,2010,369,0,369
1475,2011,369,0,369
1475,2012,369,0,369
1475,2013,369,0,369
1475,2014,369,0,369
1475,2015,369,0,369
1475,2016,369,0,369
1475,2017,369,0,369
1475,2018,369,0,369
1475,2019,369,0,369
1476,1998,369,0,369
1476,1999,369,0,369
1476,2000,369,0,369
1476,2001,369,0,369
1476,2002,369,0,369
1476,2003,369,0,369
1476,2004,369,0,369
1476,2005,369,0,369
1476,2006,369,0,369
1476,2007,369,0,369
1476,2008,369,0,369
1476,2009,369,0,369
1476,2010,369,0,369
1476,2011,369,0,369
1476,2012,369,0,369
1476,2013,369,0,369
1476,2014,369,0,369
1476,2015,369,0,369
1476,2016,369,0,369
1476,2017,369,0,369
1476,2018,369,0,369
1476,2019,369,0,369
1477,1998,0,351,351
1477,1999,0,351,351
1477,2000,0,351,351
1477,2001,0,351,351
1477,2002,0,351,351
1477,2003,0,351,351
1477,2004,0,351,351
1477,2005,0,369,369
1477,2006,0,369,369
1478,1998,367,0,367
1478,1999,367,0,367
1478,2000,367,0,367
1478,2001,367,0,367
1478,2002,367,0,367
1478,2003,367,0,367
1478,2004,367,0,367
1478,2005,367,0,367
1478,2006,367,0,367
1478,2007,367,0,367
1478,2008,367,0,367
1478,2009,367,0,367
1478,2010,367,0,367
1478,2011,367,0,367
1478,2012,367,0,367
1478,2013,367,0,367
1478,2014,367,0,367
1478,2015,367,0,367
1478,2016,367,0,367
1478,2017,367,0,367
1478,2018,367,0,367
1478,2019,367,0,367
1479,2018,0,367,367
1479,2019,0,367,367
1480,2004,366,0,366
1481,1998,366,0,366
1481,1999,366,0,366
1481,2000,366,0,366
1481,2001,366,0,366
1482,1998,0,364,364
1482,1999,0,364,364
1482,2000,0,364,364
1482,2001,0,364,364
1483,1998,0,364,364
1483,1999,0,364,364
1483,2000,0,364,364
1484,1998,0,364,364
1484,1999,0,364,364
1484,2000,0,364,364
1485,1998,362,0,362
1485,1999,362,0,362
1485,2000,362,0,362
1485,2001,362,0,362
1485,2002,362,0,362
1485,2003,362,0,362
1485,2004,362,0,362
1485,2005,362,0,362
1485,2006,362,0,362
1485,2007,362,0,362
1485,2008,362,0,362
1485,2009,362,0,362
1485,2010,303,0,303
1485,2011,303,0,303
1485,2012,303,0,303
1485,2013,303,0,303
1485,2014,303,0,303
1485,2015,308,0,308
1485,2016,308,0,308
1485,2017,308,0,308
1485,2018,308,0,308
1485,2019,308,0,308
1486,2005,0,362,362
1486,2006,0,362,362
1486,2007,0,362,362
1487,2002,361,0,361
1487,2003,361,0,361
1487,2004,361,0,361
1487,2005,361,0,361
1487,2006,361,0,361
1487,2007,361,0,361
1487,2008,361,0,361
1487,2009,361,0,361
1487,2010,361,0,361
1487,2011,361,0,361
1487,2012,361,0,361
1487,2013,361,0,361
1487,2014,361,0,361
1487,2015,361,0,361
1487,2016,361,0,361
1487,2017,361,0,361
1487,2018,361,0,361
1487,2019,361,0,361
1488,1998,0,361,361
1488,1999,0,361,361
1488,2000,0,361,361
1488,2001,0,361,361
1488,2002,0,166,166
1488,2003,0,166,166
1488,2004,0,166,166
1488,2005,0,166,166
1488,2006,0,166,166
1488,2007,0,166,166
1488,2008,0,166,166
1489,1998,361,0,361
1489,1999,361,0,361
1489,2000,361,0,361
1489,2001,361,0,361
1490,1998,359,0,359
1490,1999,359,0,359
1490,2000,359,0,359
1490,2001,359,0,359
1490,2002,359,0,359
1490,2003,359,0,359
1490,2004,359,0,359
1490,2005,359,0,359
1490,2006,359,0,359
1490,2007,359,0,359
1490,2008,359,0,359
1490,2009,359,0,359
1490,2010,359,0,359
1490,2011,359,0,359
1490,2012,359,0,359
1490,2013,359,0,359
1490,2014,359,0,359
1490,2015,359,0,359
1490,2016,359,0,359
1490,2017,359,0,359
1490,2018,359,0,359
1490,2019,359,0,359
1491,1998,0,359,359
1491,1999,0,359,359
1491,2000,0,359,359
1492,2008,0,357,357
1492,2009,0,357,357
1492,2010,0,291,291
1492,2011,0,291,291
1492,2012,0,291,291
1492,2013,0,291,291
1492,2014,0,291,291
1492,2015,0,291,291
1492,2016,0,291,291
1492,2017,0,291,291
1492,2018,0,291,291
1492,2019,0,291,291
1493,1998,347,0,347
1493,1999,347,0,347
1493,2000,347,0,347
1493,2001,352,0,352
1493,2002,352,0,352
1493,2003,352,0,352
1493,2004,357,0,357
1493,2005,357,0,357
1493,2006,357,0,357
1493,2007,357,0,357
1493,2008,357,0,357
1493,2009,357,0,357
1493,2010,357,0,357
1494,2001,357,0,357
1494,2002,357,0,357
1494,2003,357,0,357
1494,2004,357,0,357
1494,2005,357,0,357
1495,1998,0,357,357
1495,1999,0,357,357
1495,2000,0,357,357
1496,1998,0,356,356
1496,1999,0,356,356
1496,2000,0,356,356
1496,2001,0,356,356
1496,2002,0,356,356
1496,2003,0,356,356
1496,2004,0,356,356
1497,2005,0,355,355
1497,2006,0,355,355
1497,2007,0,355,355
1497,2008,0,355,355
1497,2009,0,355,355
1497,2010,0,355,355
1497,2011,0,355,355
1497,2012,0,355,355
1497,2013,0,355,355
1497,2014,0,355,355
1497,2015,0,355,355
1497,2016,0,355,355
1497,2017,0,355,355
1497,2018,0,355,355
1497,2019,0,355,355
1498,2019,355,0,355
1499,1998,0,355,355
1499,1999,0,355,355
1499,2000,0,355,355
1499,2001,0,355,355
1499,2002,0,355,355
1499,2003,0,355,355
1499,2004,0,355,355
1499,2005,0,355,355
1499,2006,0,355,355
1500,2005,0,354,354
1500,2006,0,354,354
1500,2007,0,354,354
1500,2008,0,354,354
1500,2009,0,354,354
1500,2010,0,354,354
1501,1998,0,353,353
1501,1999,0,353,353
1501,2000,0,353,353
1502,1998,0,352,352
1502,1999,0,352,352
1502,2000,0,352,352
1502,2001,0,352,352
1502,2002,0,352,352
1502,2003,0,352,352
1502,2004,0,352,352
1502,2005,0,352,352
1502,2006,0,352,352
1502,2007,0,352,352
1502,2008,0,352,352
1502,2009,0,352,352
1502,2010,0,352,352
1503,2019,351,0,351
1504,2005,0,350,350
1505,1998,0,350,350
1505,1999,0,350,350
1505,2000,0,350,350
1505,2001,0,350,350
1506,1999,0,350,350
1507,2002,0,349,349
1507,2003,0,331,331
1507,2004,0,331,331
1507,2005,0,331,331
1507,2006,0,331,331
1507,2007,0,331,331
1507,2008,0,331,331
1507,2009,0,331,331
1507,2010,0,331,331
1507,2011,0,331,331
1507,2012,0,331,331
1507,2013,0,331,331
1507,2014,0,331,331
1507,2015,0,331,331
1508,2017,0,348,348
1508,2018,0,348,348
1508,2019,0,348,348
1509,1998,348,0,348
1509,1999,348,0,348
1509,2000,348,0,348
1509,2001,348,0,348
1509,2002,348,0,348
1509,2003,348,0,348
1509,2004,348,0,348
1510,1998,0,348,348
1510,1999,0,348,348
1510,2000,0,348,348
1510,2001,0,348,348
1510,2002,0,348,348
1510,2003,0,348,348
1511,1998,0,347,347
1511,1999,0,347,347
1511,2000,0,347,347
1511,2001,0,347,347
1511,2002,0,347,347
1511,2003,0,347,347
1511,2004,0,347,347
1511,2005,0,347,347
1511,2006,0,347,347
1511,2007,0,347,347
1511,2008,0,347,347
1511,2009,0,347,347
1511,2010,0,347,347
1511,2011,0,347,347
1511,2012,0,347,347
1511,2013,0,347,347
1511,2014,0,347,347
1511,2015,0,347,347
1511,2016,0,347,347
1511,2017,0,347,347
1511,2018,0,347,347
1511,2019,0,347,347
1512,1998,346,0,346
1512,1999,346,0,346
1512,2000,346,0,346
1512,2001,346,0,346
1512,2002,346,0,346
1512,2003,346,0,346
1512,2004,346,0,346
1512,2005,346,0,346
1512,2006,346,0,346
1512,2007,346,0,346
1512,2008,346,0,346
1512,2009,346,0,346
1512,2010,346,0,346
1512,2011,346,0,346
1512,2012,346,0,346
1512,2013,346,0,346
1512,2014,346,0,346
1512,2015,346,0,346
1512,2016,346,0,346
1512,2017,346,0,346
1512,2018,346,0,346
1512,2019,346,0,346
1513,2006,346,0,346
1513,2007,346,0,346
1513,2008,346,0,346
1513,2009,346,0,346
1513,2010,346,0,346
1513,2011,346,0,346
1513,2012,346,0,346
1513,2013,346,0,346
1513,2014,346,0,346
1513,2015,346,0,346
1513,2016,346,0,346
1513,2017,346,0,346
1513,2018,346,0,346
1513,2019,346,0,346
1514,1998,0,346,346
1514,1999,0,346,346
1514,2000,0,346,346
1515,1998,0,346,346
1515,1999,0,346,346
1515,2000,0,346,346
1516,1998,0,345,345
1516,1999,0,345,345
1516,2000,0,345,345
1516,2001,0,345,345
1516,2002,0,345,345
1516,2003,0,345,345
1516,2004,0,345,345
1516,2005,0,345,345
1517,2010,344,0,344
1517,2011,344,0,344
1517,2012,344,0,344
1517,2013,344,0,344
1517,2014,344,0,344
1517,2015,344,0,344
1517,2016,344,0,344
1517,2017,344,0,344
1517,2018,344,0,344
1517,2019,344,0,344
1518,2008,344,0,344
1519,1998,0,344,344
1519,1999,0,344,344
1519,2000,0,344,344
1520,2008,0,291,291
1520,2009,0,291,291
1520,2010,0,291,291
1520,2011,0,291,291
1520,2012,0,291,291
1520,2013,0,291,291
1520,2014,0,291,291
1520,2015,0,291,291
1520,2016,0,291,291
1520,2017,0,291,291
1520,2018,0,343,343
1520,2019,0,343,343
1521,2009,0,334,334
1521,2010,0,335,335
1521,2011,0,343,343
1522,1998,0,343,343
1522,1999,0,343,343
1522,2000,0,343,343
1522,2001,0,343,343
1522,2002,0,343,343
1522,2003,0,343,343
1522,2004,0,343,343
1522,2005,0,343,343
1522,2006,0,343,343
1522,2007,0,343,343
1523,1998,0,341,341
1523,1999,0,341,341
1523,2000,0,341,341
1524,2019,340,0,340
1525,1998,340,0,340
1525,1999,340,0,340
1525,2000,340,0,340
1525,2001,340,0,340
1525,2002,340,0,340
1525,2003,340,0,340
1525,2004,340,0,340
1525,2005,340,0,340
1525,2006,340,0,340
1525,2007,340,0,340
1525,2008,340,0,340
1525,2009,340,0,340
1525,2010,340,0,340
1525,2011,340,0,340
1525,2012,340,0,340
1525,2013,340,0,340
1525,2014,340,0,340
1525,2015,340,0,340
1525,2016,340,0,340
1525,2017,340,0,340
1525,2018,340,0,340
1525,2019,340,0,340
1526,2007,339,0,339
1526,2008,339,0,339
1526,2009,339,0,339
1526,2010,339,0,339
1526,2011,339,0,339
1526,2012,339,0,339
1526,2013,339,0,339
1526,2014,339,0,339
1526,2015,340,0,340
1526,2016,340,0,340
1526,2017,340,0,340
1527,1998,0,339,339
1527,1999,0,339,339
1527,2000,0,339,339
1527,2001,0,339,339
1527,2002,0,339,339
1527,2003,0,339,339
1527,2004,0,339,339
1527,2005,0,339,339
1527,2006,0,339,339
1527,2007,0,339,339
1527,2008,0,339,339
1527,2009,0,339,339
1527,2010,0,339,339
1527,2011,0,339,339
1527,2012,0,339,339
1527,2013,0,339,339
1527,2014,0,339,339
1527,2015,0,339,339
1527,2016,0,339,339
1527,2017,0,339,339
1527,2018,0,339,339
1527,2019,0,339,339
1528,2005,0,339,339
1528,2006,0,339,339
1528,2007,0,339,339
1528,2008,0,339,339
1528,2009,0,339,339
1528,2010,0,339,339
1529,2004,339,0,339
1530,2001,339,0,339
1531,1998,338,0,338
1531,1999,338,0,338
1531,2000,338,0,338
1531,2001,338,0,338
1531,2002,338,0,338
1531,2003,338,0,338
1531,2004,338,0,338
1531,2005,338,0,338
1531,2006,338,0,338
1531,2007,338,0,338
1531,2008,338,0,338
1531,2009,338,0,338
1531,2010,338,0,338
1531,2011,338,0,338
1531,2012,338,0,338
1531,2013,338,0,338
1531,2014,338,0,338
1531,2015,338,0,338
1531,2016,338,0,338
1531,2017,338,0,338
1531,2018,338,0,338
1531,2019,338,0,338
1532,2007,336,0,336
1532,2008,336,0,336
1532,2009,336,0,336
1533,1998,336,0,336
1533,1999,336,0,336
1533,2000,336,0,336
1533,2001,336,0,336
1533,2002,336,0,336
1533,2003,336,0,336
1533,2004,336,0,336
1533,2005,336,0,336
1534,1998,336,0,336
1534,1999,336,0,336
1534,2000,336,0,336
1534,2001,336,0,336
1534,2002,336,0,336
1534,2003,336,0,336
1534,2004,336,0,336
1534,2005,336,0,336
1535,1998,0,336,336
1535,1999,0,336,336
1535,2000,0,336,336
1536,2004,0,335,335
1536,2005,0,335,335
1536,2006,0,335,335
1536,2007,0,335,335
1536,2008,0,335,335
1536,2009,0,335,335
1536,2010,0,335,335
1536,2011,0,335,335
1536,2012,0,335,335
1536,2013,0,335,335
1536,2014,0,335,335
1536,2015,0,335,335
1536,2016,0,335,335
1536,2017,0,335,335
1536,2018,0,335,335
1536,2019,0,335,335
1537,1998,0,335,335
1537,1999,0,335,335
1537,2000,0,335,335
1537,2001,0,335,335
1537,2002,0,335,335
1537,2003,0,335,335
1537,2004,0,335,335
1537,2005,0,335,335
1538,1998,0,334,334
1538,1999,0,334,334
1538,2000,0,334,334
1538,2001,0,334,334
1538,2002,0,334,334
1538,2003,0,334,334
1538,2004,0,334,334
1538,2005,0,334,334
1538,2006,0,334,334
1539,1998,0,334,334
1539,1999,0,334,334
1539,2000,0,334,334
1539,2001,0,334,334
1539,2002,0,334,334
1539,2003,0,334,334
1539,2004,0,334,334
1539,2005,0,334,334
1539,2006,0,334,334
1540,2004,0,333,333
1541,1998,0,333,333
1541,1999,0,333,333
1541,2000,0,333,333
1541,2001,0,333,333
1541,2002,0,333,333
1541,2003,0,333,333
1542,2006,332,0,332
1542,2007,332,0,332
1542,2008,332,0,332
1542,2009,332,0,332
1542,2010,332,0,332
1542,2011,332,0,332
1542,2012,332,0,332
1542,2013,332,0,332
1542,2014,332,0,332
1542,2015,332,0,332
1543,1998,322,0,322
1543,1999,322,0,322
1543,2000,322,0,322
1543,2001,332,0,332
1543,2002,332,0,332
1543,2003,332,0,332
1543,2004,332,0,332
1543,2005,332,0,332
1543,2006,332,0,332
1543,2007,332,0,332
1543,2008,332,0,332
1544,1998,0,332,332
1544,1999,0,332,332
1544,2000,0,332,332
1544,2001,0,332,332
1544,2002,0,332,332
1544,2003,0,332,332
1544,2004,0,332,332
1544,2005,0,332,332
1545,1998,0,332,332
1545,1999,0,332,332
1545,2000,0,332,332
1546,1998,0,331,331
1546,1999,0,331,331
1546,2000,0,331,331
1546,2001,0,331,331
1546,2002,0,331,331
1546,2003,0,331,331
1546,2004,0,331,331
1546,2005,0,331,331
1546,2006,0,331,331
1546,2007,0,331,331
1546,2008,0,331,331
1546,2009,0,331,331
1546,2010,0,331,331
1546,2011,0,331,331
1546,2012,0,331,331
1546,2013,0,331,331
1546,2014,0,331,331
1546,2015,0,331,331
1546,2016,0,331,331
1546,2017,0,331,331
1546,2018,0,331,331
1546,2019,0,331,331
1547,1998,331,0,331
1547,1999,331,0,331
1547,2000,331,0,331
1547,2001,331,0,331
1547,2002,331,0,331
1547,2003,331,0,331
1547,2004,331,0,331
1547,2005,331,0,331
1547,2006,331,0,331
1547,2007,331,0,331
1547,2008,331,0,331
1547,2009,331,0,331
1547,2010,331,0,331
1547,2011,331,0,331
1547,2012,331,0,331
1547,2013,331,0,331
1547,2014,331,0,331
1547,2015,331,0,331
1547,2016,331,0,331
1547,2017,331,0,331
1547,2018,331,0,331
1547,2019,331,0,331
1548,2018,331,0,331
1548,2019,331,0,331
1549,1998,184,147,331
1549,1999,184,147,331
1549,2000,184,147,331
1549,2001,184,147,331
1549,2002,184,147,331
1549,2003,184,147,331
1549,2004,184,147,331
1549,2005,184,147,331
1549,2006,184,147,331
1549,2007,184,147,331
1549,2008,184,147,331
1549,2009,184,147,331
1549,2010,184,147,331
1549,2011,184,147,331
1549,2012,184,147,331
1549,2013,184,147,331
1549,2014,184,147,331
1549,2015,184,147,331
1549,2016,184,147,331
1550,2012,331,0,331
1550,2013,331,0,331
1550,2014,331,0,331
1550,2015,331,0,331
1551,2007,331,0,331
1551,2008,331,0,331
1552,2004,331,0,331
1553,2000,331,0,331
1554,2005,0,330,330
1554,2006,0,330,330
1554,2007,0,330,330
1554,2008,0,330,330
1554,2009,0,330,330
1554,2010,0,330,330
1554,2011,0,330,330
1554,2012,0,330,330
1554,2013,0,330,330
1555,1998,0,330,330
1555,1999,0,330,330
1555,2000,0,330,330
1556,1998,0,330,330
1556,1999,0,330,330
1556,2000,0,330,330
1557,2001,329,0,329
1557,2002,329,0,329
1557,2003,329,0,329
1558,1998,329,0,329
1559,1998,328,0,328
1559,1999,328,0,328
1559,2000,328,0,328
1559,2001,328,0,328
1559,2002,328,0,328
1559,2003,328,0,328
1559,2004,328,0,328
1559,2005,328,0,328
1559,2006,328,0,328
1559,2007,328,0,328
1559,2008,328,0,328
1559,2009,328,0,328
1559,2010,328,0,328
1559,2011,328,0,328
1559,2012,328,0,328
1559,2013,328,0,328
1559,2014,328,0,328
1559,2015,328,0,328
1559,2016,328,0,328
1559,2017,328,0,328
1559,2018,328,0,328
1559,2019,328,0,328
1560,1999,328,0,328
1560,2000,328,0,328
1560,2001,328,0,328
1560,2002,328,0,328
1560,2003,328,0,328
1560,2004,328,0,328
1560,2005,328,0,328
1560,2006,328,0,328
1560,2007,328,0,328
1560,2008,328,0,328
1560,2009,328,0,328
1560,2010,328,0,328
1560,2011,328,0,328
1560,2012,328,0,328
1560,2013,328,0,328
1560,2014,328,0,328
1560,2015,328,0,328
1560,2016,328,0,328
1560,2017,328,0,328
1560,2018,328,0,328
1560,2019,328,0,328
1561,2003,0,328,328
1561,2004,0,328,328
1561,2005,0,328,328
1561,2006,0,328,328
1561,2007,0,328,328
1561,2008,0,328,328
1561,2009,0,328,328
1561,2010,0,328,328
1561,2011,0,328,328
1561,2012,0,328,328
1561,2013,0,328,328
1561,2014,0,328,328
1561,2015,0,328,328
1561,2016,0,328,328
1561,2017,0,328,328
1561,2018,0,328,328
1561,2019,0,328,328
1562,1998,0,326,326
1562,1999,0,326,326
1562,2000,0,326,326
1562,2001,0,326,326
1562,2002,0,326,326
1562,2003,0,326,326
1562,2004,0,326,326
1562,2005,0,326,326
1562,2006,0,326,326
1562,2007,0,326,326
1562,2008,0,326,326
1562,2009,0,326,326
1562,2010,0,326,326
1562,2011,0,326,326
1562,2012,0,326,326
1562,2013,0,326,326
1563,1998,325,0,325
1563,1999,325,0,325
1563,2000,325,0,325
1563,2001,325,0,325
1563,2002,325,0,325
1563,2003,325,0,325
1563,2004,325,0,325
1563,2005,325,0,325
1563,2006,325,0,325
1563,2007,325,0,325
1563,2008,325,0,325
1563,2009,325,0,325
1563,2010,325,0,325
1563,2011,325,0,325
1563,2012,325,0,325
1563,2013,325,0,325
1563,2014,325,0,325
1563,2015,325,0,325
1563,2016,325,0,325
1563,2017,325,0,325
1563,2018,325,0,325
1563,2019,325,0,325
1564,2003,305,0,305
1564,2004,305,0,305
1564,2005,325,0,325
1564,2006,325,0,325
1564,2007,325,0,325
1565,1998,325,0,325
1565,1999,325,0,325
1566,1998,324,0,324
1566,1999,324,0,324
1566,2000,324,0,324
1566,2001,324,0,324
1566,2002,324,0,324
1566,2003,324,0,324
1566,2004,324,0,324
1566,2005,324,0,324
1566,2006,324,0,324
1566,2007,324,0,324
1566,2008,324,0,324
1566,2009,324,0,324
1566,2010,324,0,324
1566,2011,324,0,324
1566,2012,324,0,324
1566,2013,324,0,324
1566,2014,324,0,324
1566,2015,324,0,324
1566,2016,324,0,324
1566,2017,324,0,324
1566,2018,324,0,324
1566,2019,324,0,324
1567,2012,324,0,324
1567,2013,324,0,324
1567,2014,324,0,324
1567,2015,324,0,324
1568,2003,324,0,324
1569,2002,0,323,323
1569,2003,0,323,323
1569,2004,0,323,323
1569,2005,0,323,323
1569,2006,0,323,323
1569,2007,0,323,323
1569,2008,0,323,323
1569,2009,0,323,323
1569,2010,0,323,323
1569,2011,0,323,323
1569,2012,0,323,323
1569,2013,0,323,323
1569,2014,0,323,323
1569,2015,0,323,323
1570,1998,323,0,323
1570,1999,323,0,323
1570,2000,323,0,323
1570,2001,323,0,323
1570,2002,323,0,323
1570,2003,323,0,323
1570,2004,323,0,323
1570,2005,323,0,323
1571,1998,0,322,322
1571,1999,0,322,322
1571,2000,0,322,322
1571,2001,0,322,322
1571,2002,0,322,322
1571,2003,0,322,322
1571,2004,0,322,322
1571,2005,0,322,322
1571,2006,0,322,322
1571,2007,0,322,322
1571,2008,0,322,322
1571,2009,0,322,322
1571,2010,0,322,322
1571,2011,0,322,322
1571,2012,0,322,322
1571,2013,0,322,322
1571,2014,0,322,322
1571,2015,0,322,322
1571,2016,0,322,322
1571,2017,0,322,322
1571,2018,0,322,322
1571,2019,0,322,322
1572,1998,322,0,322
1572,1999,322,0,322
1572,2000,322,0,322
1572,2001,322,0,322
1572,2002,322,0,322
1572,2003,322,0,322
1572,2004,322,0,322
1572,2005,322,0,322
1572,2006,322,0,322
1572,2007,322,0,322
1572,2008,322,0,322
1572,2009,322,0,322
1572,2010,322,0,322
1572,2011,322,0,322
1572,2012,322,0,322
1572,2013,322,0,322
1572,2014,322,0,322
1572,2015,322,0,322
1573,1998,0,290,290
1573,1999,0,290,290
1573,2000,0,290,290
1573,2001,0,290,290
1573,2002,0,290,290
1573,2003,0,322,322
1573,2004,0,322,322
1573,2005,0,322,322
1573,2006,0,322,322
1573,2007,0,322,322
1573,2008,0,322,322
1574,1998,322,0,322
1574,1999,322,0,322
1574,2000,321,0,321
1574,2001,321,0,321
1574,2002,321,0,321
1575,1998,315,0,315
1575,1999,315,0,315
1575,2000,315,0,315
1575,2001,321,0,321
1575,2002,321,0,321
1575,2003,321,0,321
1575,2004,321,0,321
1575,2005,321,0,321
1575,2006,321,0,321
1575,2007,321,0,321
1575,2008,321,0,321
1575,2009,321,0,321
1575,2010,321,0,321
1575,2011,321,0,321
1575,2012,321,0,321
1575,2013,321,0,321
1575,2014,321,0,321
1575,2015,321,0,321
1575,2016,321,0,321
1575,2017,321,0,321
1575,2018,321,0,321
1575,2019,321,0,321
1576,1998,0,321,321
1576,1999,0,321,321
1576,2000,0,321,321
1576,2001,0,321,321
1577,1998,320,0,320
1577,1999,320,0,320
1577,2000,320,0,320
1577,2001,320,0,320
1577,2002,320,0,320
1577,2003,320,0,320
1577,2004,320,0,320
1577,2005,320,0,320
1577,2006,320,0,320
1577,2007,320,0,320
1577,2008,320,0,320
1577,2009,320,0,320
1577,2010,320,0,320
1577,2011,320,0,320
1577,2012,320,0,320
1577,2013,320,0,320
1578,1998,320,0,320
1578,1999,320,0,320
1578,2000,320,0,320
1578,2001,320,0,320
1578,2002,320,0,320
1578,2003,320,0,320
1578,2004,320,0,320
1578,2005,320,0,320
1578,2006,320,0,320
1578,2007,320,0,320
1579,1998,0,320,320
1579,1999,0,320,320
1579,2000,0,320,320
1579,2001,0,320,320
1580,2017,319,0,319
1580,2018,319,0,319
1580,2019,319,0,319
1581,1998,0,317,317
1581,1999,0,317,317
1581,2000,0,317,317
1581,2001,0,317,317
1581,2002,0,317,317
1581,2003,0,317,317
1582,1998,316,0,316
1582,1999,316,0,316
1582,2000,316,0,316
1582,2001,316,0,316
1582,2002,316,0,316
1582,2003,316,0,316
1582,2004,316,0,316
1582,2005,316,0,316
1582,2006,316,0,316
1582,2007,316,0,316
1582,2008,316,0,316
1582,2009,316,0,316
1582,2010,316,0,316
1582,2011,316,0,316
1582,2012,316,0,316
1582,2013,316,0,316
1582,2014,316,0,316
1582,2015,316,0,316
1582,2016,316,0,316
1582,2017,316,0,316
1582,2018,316,0,316
1582,2019,316,0,316
1583,1998,0,316,316
1583,1999,0,316,316
1583,2000,0,316,316
1583,2001,0,316,316
1583,2002,0,316,316
1583,2003,0,316,316
1583,2004,0,316,316
1583,2005,0,316,316
1584,1999,315,0,315
1584,2000,315,0,315
1584,2001,315,0,315
1584,2002,246,0,246
1584,2003,246,0,246
1584,2004,246,0,246
1584,2005,246,0,246
1584,2006,246,0,246
1584,2007,246,0,246
1584,2008,246,0,246
1584,2009,246,0,246
1584,2010,246,0,246
1584,2011,246,0,246
1584,2012,246,0,246
1584,2013,246,0,246
1584,2014,246,0,246
1584,2015,246,0,246
1584,2016,246,0,246
1584,2017,246,0,246
1584,2018,246,0,246
1584,2019,246,0,246
1585,1998,315,0,315
1585,1999,315,0,315
1585,2000,315,0,315
1585,2001,315,0,315
1585,2002,315,0,315
1585,2003,315,0,315
1585,2004,315,0,315
1585,2005,315,0,315
1585,2006,315,0,315
1585,2007,315,0,315
1585,2008,315,0,315
1585,2009,315,0,315
1585,2010,315,0,315
1585,2011,315,0,315
1585,2012,315,0,315
1585,2013,315,0,315
1585,2014,315,0,315
1585,2015,315,0,315
1585,2016,315,0,315
1585,2017,315,0,315
1585,2018,315,0,315
1585,2019,315,0,315
1586,1999,315,0,315
1586,2000,315,0,315
1586,2001,315,0,315
1586,2002,315,0,315
1586,2003,315,0,315
1586,2004,315,0,315
1586,2005,315,0,315
1587,2002,171,0,171
1587,2003,171,0,171
1587,2004,171,0,171
1587,2005,314,0,314
1587,2006,314,0,314
1587,2007,314,0,314
1587,2008,314,0,314
1587,2009,314,0,314
1587,2010,314,0,314
1587,2011,314,0,314
1587,2012,314,0,314
1587,2013,314,0,314
1587,2014,314,0,314
1587,2015,314,0,314
1587,2016,314,0,314
1587,2017,314,0,314
1587,2018,314,0,314
1587,2019,314,0,314
1588,2002,314,0,314
1588,2003,314,0,314
1588,2004,314,0,314
1588,2005,314,0,314
1588,2006,314,0,314
1588,2007,314,0,314
1588,2008,314,0,314
1588,2009,314,0,314
1588,2010,314,0,314
1588,2011,314,0,314
1588,2012,314,0,314
1588,2013,314,0,314
1588,2014,314,0,314
1588,2015,314,0,314
1588,2016,314,0,314
1588,2017,314,0,314
1588,2018,314,0,314
1588,2019,314,0,314
1589,1998,0,314,314
1589,1999,0,314,314
1589,2000,0,314,314
1589,2001,0,314,314
1589,2002,0,314,314
1589,2003,0,314,314
1589,2004,0,314,314
1589,2005,0,314,314
1589,2006,0,314,314
1589,2007,0,314,314
1589,2008,0,314,314
1589,2009,0,314,314
1589,2010,0,314,314
1589,2011,0,314,314
1589,2012,0,314,314
1589,2013,0,314,314
1589,2014,0,314,314
1589,2015,0,314,314
1589,2016,0,314,314
1589,2017,0,314,314
1589,2018,0,314,314
1589,2019,0,314,314
1590,1998,0,314,314
1590,1999,0,314,314
1590,2000,0,314,314
1590,2001,0,312,312
1590,2002,0,312,312
1590,2003,0,312,312
1590,2004,0,312,312
1590,2005,0,312,312
1591,1998,314,0,314
1591,1999,314,0,314
1591,2000,314,0,314
1591,2001,314,0,314
1591,2002,314,0,314
1591,2003,314,0,314
1591,2004,314,0,314
1591,2005,314,0,314
1592,1998,313,0,313
1592,1999,313,0,313
1592,2000,313,0,313
1592,2001,313,0,313
1592,2002,313,0,313
1592,2003,313,0,313
1592,2004,313,0,313
1592,2005,313,0,313
1592,2006,313,0,313
1592,2007,313,0,313
1593,2004,0,313,313
1593,2005,0,313,313
1594,2019,312,0,312
1595,1998,312,0,312
1595,1999,312,0,312
1595,2000,312,0,312
1595,2001,312,0,312
1595,2002,312,0,312
1595,2003,312,0,312
1595,2004,312,0,312
1595,2005,312,0,312
1595,2006,312,0,312
1595,2007,312,0,312
1595,2008,312,0,312
1595,2009,312,0,312
1595,2010,312,0,312
1595,2011,312,0,312
1595,2012,312,0,312
1595,2013,312,0,312
1595,2014,312,0,312
1595,2015,312,0,312
1595,2016,312,0,312
1595,2017,312,0,312
1595,2018,312,0,312
1595,2019,312,0,312
1596,1998,312,0,312
1596,1999,312,0,312
1597,1998,311,0,311
1597,1999,311,0,311
1597,2000,311,0,311
1597,2001,311,0,311
1597,2002,311,0,311
1597,2003,311,0,311
1597,2004,311,0,311
1597,2005,311,0,311
1597,2006,311,0,311
1597,2007,311,0,311
1597,2008,311,0,311
1597,2009,311,0,311
1598,1998,0,309,309
1598,1999,0,309,309
1598,2000,0,309,309
1598,2001,0,309,309
1598,2002,0,309,309
1598,2003,0,309,309
1598,2004,0,309,309
1598,2005,0,309,309
1598,2006,0,309,309
1598,2007,0,309,309
1598,2008,0,309,309
1598,2009,0,309,309
1598,2010,0,309,309
1598,2011,0,309,309
1598,2012,0,309,309
1598,2013,0,309,309
1598,2014,0,309,309
1598,2015,0,309,309
1598,2016,0,309,309
1598,2017,0,309,309
1598,2018,0,309,309
1598,2019,0,309,309
1599,2002,0,309,309
1599,2003,0,309,309
1599,2004,0,309,309
1599,2005,0,309,309
1599,2006,0,309,309
1599,2007,0,309,309
1599,2008,0,309,309
1600,1998,0,301,301
1600,1999,0,301,301
1600,2000,0,301,301
1600,2001,0,301,301
1600,2002,0,301,301
1600,2003,0,301,301
1600,2004,0,309,309
1600,2005,0,309,309
1601,1998,0,309,309
1601,1999,0,309,309
1601,2000,0,309,309
1602,1998,0,309,309
1602,1999,0,309,309
1602,2000,0,309,309
1603,1998,0,308,308
1603,1999,0,308,308
1603,2000,0,308,308
1603,2001,0,308,308
1603,2002,0,308,308
1603,2003,0,308,308
1603,2004,0,308,308
1603,2005,0,308,308
1603,2006,0,308,308
1603,2007,0,308,308
1603,2008,0,308,308
1603,2009,0,308,308
1603,2010,0,308,308
1603,2011,0,308,308
1603,2012,0,308,308
1603,2013,0,308,308
1603,2014,0,308,308
1603,2015,0,308,308
1603,2016,0,308,308
1603,2017,0,308,308
1603,2018,0,308,308
1603,2019,0,308,308
1604,2003,308,0,308
1604,2004,308,0,308
1604,2005,308,0,308
1604,2006,308,0,308
1605,1998,0,307,307
1605,1999,0,307,307
1605,2000,0,307,307
1605,2001,0,307,307
1605,2002,0,307,307
1605,2003,0,307,307
1605,2004,0,307,307
1605,2005,0,307,307
1605,2006,0,307,307
1605,2007,0,307,307
1605,2008,0,307,307
1605,2009,0,307,307
1605,2010,0,307,307
1605,2011,0,307,307
1605,2012,0,307,307
1605,2013,0,307,307
1605,2014,0,307,307
1605,2015,0,307,307
1605,2016,0,307,307
1605,2017,0,307,307
1605,2018,0,307,307
1605,2019,0,307,307
1606,2007,0,307,307
1606,2008,0,307,307
1607,1998,0,307,307
1607,1999,0,307,307
1607,2000,0,307,307
1607,2001,0,307,307
1607,2002,0,307,307
1607,2003,0,307,307
1607,2004,0,307,307
1607,2005,0,307,307
1608,2005,0,307,307
1609,1998,244,0,244
1609,1999,244,0,244
1609,2000,244,0,244
1609,2001,244,0,244
1609,2002,244,0,244
1609,2003,244,0,244
1609,2004,244,0,244
1609,2005,244,0,244
1609,2006,244,0,244
1609,2007,244,0,244
1609,2008,244,0,244
1609,2009,244,0,244
1609,2010,244,0,244
1609,2011,244,0,244
1609,2012,244,0,244
1609,2013,244,0,244
1609,2014,244,0,244
1609,2015,244,0,244
1609,2016,306,0,306
1609,2017,306,0,306
1609,2018,306,0,306
1609,2019,306,0,306
1610,2002,0,306,306
1610,2003,0,306,306
1610,2004,0,306,306
1610,2005,0,306,306
1610,2006,0,306,306
1610,2007,0,306,306
1610,2008,0,306,306
1610,2009,0,306,306
1610,2010,0,306,306
1610,2011,0,306,306
1610,2012,0,306,306
1610,2013,0,306,306
1610,2014,0,306,306
1610,2015,0,306,306
1611,2002,306,0,306
1611,2003,306,0,306
1611,2004,306,0,306
1611,2005,306,0,306
1612,1998,0,306,306
1612,1999,0,306,306
1612,2000,0,306,306
1613,1998,0,306,306
1613,1999,0,306,306
1613,2000,0,306,306
1614,2015,305,0,305
1615,1998,0,305,305
1615,1999,0,305,305
1615,2000,0,305,305
1615,2001,0,305,305
1615,2002,0,305,305
1615,2003,0,305,305
1615,2004,0,305,305
1615,2005,0,305,305
1615,2006,0,305,305
1615,2007,0,305,305
1615,2008,0,305,305
1615,2009,0,305,305
1615,2010,0,305,305
1615,2011,0,305,305
1615,2012,0,305,305
1615,2013,0,305,305
1615,2014,0,305,305
1615,2015,0,305,305
1616,2002,304,0,304
1616,2003,305,0,305
1616,2004,305,0,305
1616,2005,305,0,305
1616,2006,304,0,304
1616,2007,304,0,304
1616,2008,304,0,304
1616,2009,304,0,304
1617,1998,0,305,305
1617,1999,0,305,305
1617,2000,0,305,305
1617,2001,0,305,305
1617,2002,0,305,305
1617,2003,0,305,305
1617,2004,0,305,305
1617,2005,0,305,305
1618,2003,0,304,304
1619,2001,303,0,303
1619,2002,303,0,303
1619,2003,303,0,303
1619,2004,303,0,303
1619,2005,303,0,303
1619,2006,303,0,303
1619,2007,303,0,303
1619,2008,303,0,303
1619,2009,303,0,303
1619,2010,303,0,303
1619,2011,303,0,303
1619,2012,303,0,303
1619,2013,303,0,303
1619,2014,303,0,303
1619,2015,303,0,303
1619,2016,303,0,303
1619,2017,303,0,303
1619,2018,303,0,303
1619,2019,303,0,303
1620,1998,303,0,303
1620,1999,303,0,303
1620,2000,303,0,303
1620,2001,303,0,303
1620,2002,303,0,303
1620,2003,303,0,303
1620,2004,303,0,303
1620,2005,303,0,303
1621,1998,0,303,303
1621,1999,0,303,303
1621,2000,0,303,303
1621,2001,0,303,303
1621,2002,0,303,303
1621,2003,0,303,303
1621,2004,0,303,303
1621,2005,0,303,303
1622,1998,0,303,303
1622,1999,0,303,303
1622,2000,0,303,303
1623,1998,0,303,303
1623,1999,0,303,303
1623,2000,0,303,303
1624,2009,0,302,302
1624,2010,0,302,302
1625,1998,0,302,302
1625,1999,0,302,302
1625,2000,0,302,302
1625,2001,0,302,302
1625,2002,0,302,302
1625,2003,0,302,302
1625,2004,0,302,302
1625,2005,0,302,302
1626,2018,301,0,301
1626,2019,301,0,301
1627,2005,0,301,301
1627,2006,0,301,301
1627,2007,0,301,301
1627,2008,0,301,301
1627,2009,0,301,301
1627,2010,0,301,301
1627,2011,0,301,301
1627,2012,0,301,301
1627,2013,0,301,301
1627,2014,0,301,301
1627,2015,0,301,301
1627,2016,0,301,301
1628,1998,0,301,301
1628,1999,0,301,301
1628,2000,0,301,301
1628,2001,0,301,301
1628,2002,0,301,301
1628,2003,0,301,301
1628,2004,0,301,301
1628,2005,0,301,301
1629,1998,0,301,301
1629,1999,0,301,301
1629,2000,0,301,301
1629,2001,0,301,301
1629,2002,0,301,301
1629,2003,0,301,301
1629,2004,0,301,301
1629,2005,0,301,301
1630,1998,0,301,301
1630,1999,0,301,301
1630,2000,0,301,301
1630,2001,0,301,301
1630,2002,0,301,301
1630,2003,0,301,301
1630,2004,0,301,301
1631,2006,0,300,300
1631,2007,0,300,300
1632,1998,0,300,300
1632,1999,0,300,300
1632,2000,0,300,300
1632,2001,0,300,300
1632,2002,0,300,300
1632,2003,0,300,300
1632,2004,0,300,300
1632,2005,0,300,300
1633,1998,0,300,300
1633,1999,0,300,300
1633,2000,0,300,300
1633,2001,0,300,300
1633,2002,0,300,300
1633,2003,0,300,300
1633,2004,0,300,300
1633,2005,0,300,300
1634,1998,0,300,300
1634,1999,0,300,300
1634,2000,0,300,300
1634,2001,0,300,300
1634,2002,0,300,300
1634,2003,0,300,300
1634,2004,0,300,300
1634,2005,0,300,300
1635,1998,0,300,300
1635,1999,0,300,300
1635,2000,0,300,300
1636,2009,0,299,299
1637,1998,0,299,299
1637,1999,0,299,299
1637,2000,0,299,299
1637,2001,0,299,299
1637,2002,0,299,299
1637,2003,0,299,299
1637,2004,0,299,299
1637,2005,0,299,299
1637,2006,0,299,299
1637,2007,0,299,299
1637,2008,0,299,299
1638,1998,299,0,299
1638,1999,299,0,299
1638,2000,299,0,299
1638,2001,299,0,299
1638,2002,299,0,299
1638,2003,299,0,299
1638,2004,299,0,299
1638,2005,299,0,299
1639,1998,0,298,298
1639,1999,0,298,298
1639,2000,0,298,298
1639,2001,0,298,298
1639,2002,0,298,298
1639,2003,0,298,298
1639,2004,0,298,298
1639,2005,0,298,298
1640,1998,0,298,298
1640,1999,0,298,298
1640,2000,0,298,298
1640,2001,0,298,298
1640,2002,0,298,298
1640,2003,0,298,298
1640,2004,0,298,298
1640,2005,0,298,298
1641,2002,0,298,298
1641,2003,0,298,298
1642,1998,298,0,298
1642,1999,298,0,298
1642,2000,298,0,298
1642,2001,298,0,298
1643,2002,0,297,297
1643,2003,0,297,297
1643,2004,0,297,297
1643,2005,0,297,297
1643,2006,0,297,297
1643,2007,0,297,297
1643,2008,0,297,297
1644,2005,0,297,297
1645,1998,0,297,297
1645,1999,0,297,297
1645,2000,0,297,297
1645,2001,0,297,297
1645,2002,0,297,297
1645,2003,0,297,297
1645,2004,0,297,297
1645,2005,0,297,297
1646,1998,297,0,297
1646,1999,297,0,297
1646,2000,297,0,297
1646,2001,297,0,297
1646,2002,297,0,297
1646,2003,297,0,297
1646,2004,297,0,297
1646,2005,297,0,297
1647,1998,0,296,296
1647,1999,0,296,296
1647,2000,0,296,296
1647,2001,0,296,296
1647,2002,0,296,296
1647,2003,0,296,296
1647,2004,0,296,296
1647,2005,0,296,296
1648,1998,0,296,296
1648,1999,0,296,296
1648,2000,0,296,296
1648,2001,0,296,296
1648,2002,0,296,296
1648,2003,0,296,296
1648,2004,0,296,296
1648,2005,0,296,296
1649,1998,0,295,295
1649,1999,0,295,295
1649,2000,0,295,295
1649,2001,0,295,295
1649,2002,0,295,295
1649,2003,0,295,295
1649,2004,0,295,295
1649,2005,0,295,295
1650,1999,0,295,295
1650,2000,0,295,295
1650,2001,0,295,295
1650,2002,0,295,295
1650,2003,0,295,295
1650,2004,0,295,295
1650,2005,0,295,295
1651,1998,0,295,295
1651,1999,0,295,295
1651,2000,0,295,295
1651,2001,0,295,295
1651,2002,0,295,295
1651,2003,0,295,295
1651,2004,0,295,295
1651,2005,0,295,295
1652,1998,293,0,293
1652,1999,293,0,293
1652,2000,293,0,293
1652,2001,293,0,293
1652,2002,293,0,293
1652,2003,293,0,293
1652,2004,293,0,293
1652,2005,293,0,293
1652,2006,293,0,293
1652,2007,293,0,293
1653,2010,0,292,292
1653,2011,0,292,292
1653,2012,0,292,292
1654,1998,292,0,292
1654,1999,155,0,155
1655,1998,0,292,292
1655,1999,0,292,292
1656,1998,0,291,291
1656,1999,0,291,291
1656,2000,0,291,291
1656,2001,0,291,291
1656,2002,0,291,291
1656,2003,0,291,291
1656,2004,0,291,291
1656,2005,0,291,291
1657,1998,0,291,291
1657,1999,0,291,291
1657,2000,0,291,291
1657,2001,0,291,291
1657,2002,0,291,291
1657,2003,0,291,291
1657,2004,0,291,291
1657,2005,0,291,291
1658,1998,0,290,290
1658,1999,0,290,290
1658,2000,0,290,290
1658,2001,0,290,290
1659,1998,0,289,289
1659,1999,0,289,289
1659,2000,0,289,289
1659,2001,0,289,289
1659,2002,0,289,289
1659,2003,0,289,289
1659,2004,0,289,289
1659,2005,0,289,289
1659,2006,0,289,289
1659,2007,0,289,289
1659,2008,0,289,289
1659,2009,0,289,289
1659,2010,0,289,289
1659,2011,0,289,289
1659,2012,0,289,289
1659,2013,0,289,289
1659,2014,0,289,289
1659,2015,0,289,289
1659,2016,0,289,289
1659,2017,0,289,289
1659,2018,0,289,289
1659,2019,0,289,289
1660,1998,289,0,289
1660,1999,289,0,289
1660,2000,289,0,289
1660,2001,289,0,289
1660,2002,289,0,289
1660,2003,289,0,289
1660,2004,289,0,289
1660,2005,289,0,289
1661,1998,288,0,288
1661,1999,288,0,288
1661,2000,288,0,288
1661,2001,288,0,288
1662,2005,0,287,287
1662,2006,0,287,287
1662,2007,0,287,287
1662,2008,0,287,287
1662,2009,0,287,287
1662,2010,0,287,287
1662,2011,0,287,287
1662,2012,0,287,287
1662,2013,0,287,287
1662,2014,0,287,287
1662,2015,0,287,287
1662,2016,0,287,287
1662,2017,0,287,287
1663,1998,286,0,286
1663,1999,286,0,286
1663,2000,286,0,286
1663,2001,286,0,286
1663,2002,286,0,286
1663,2003,286,0,286
1663,2004,286,0,286
1663,2005,286,0,286
1663,2006,286,0,286
1663,2007,286,0,286
1663,2008,286,0,286
1663,2009,286,0,286
1663,2010,286,0,286
1663,2011,286,0,286
1663,2012,286,0,286
1663,2013,286,0,286
1663,2014,286,0,286
1663,2015,286,0,286
1663,2016,161,0,161
1663,2017,161,0,161
1663,2018,161,0,161
1663,2019,161,0,161
1664,2011,0,285,285
1664,2012,0,285,285
1664,2013,0,285,285
1665,2005,0,285,285
1665,2006,0,285,285
1665,2007,0,285,285
1665,2008,0,285,285
1666,1998,0,285,285
1666,1999,0,285,285
1666,2000,0,285,285
1666,2001,0,285,285
1667,1998,0,284,284
1667,1999,0,284,284
1667,2000,0,284,284
1667,2001,0,284,284
1667,2002,0,284,284
1667,2003,0,284,284
1667,2004,0,284,284
1667,2005,0,284,284
1668,1998,0,284,284
1668,1999,0,284,284
1668,2000,0,284,284
1668,2001,0,284,284
1668,2002,0,284,284
1668,2003,0,284,284
1668,2004,0,284,284
1668,2005,0,284,284
1669,1998,0,284,284
1669,1999,0,284,284
1669,2000,0,284,284
1669,2001,0,284,284
1669,2002,0,284,284
1669,2003,0,284,284
1669,2004,0,284,284
1669,2005,0,284,284
1670,1998,0,284,284
1670,1999,0,284,284
1670,2000,0,284,284
1670,2001,0,284,284
1670,2002,0,284,284
1670,2003,0,284,284
1670,2004,0,284,284
1670,2005,0,284,284
1671,1998,276,0,276
1671,1999,276,0,276
1671,2000,276,0,276
1671,2001,276,0,276
1671,2002,276,0,276
1671,2003,282,0,282
1671,2004,282,0,282
1671,2005,282,0,282
1671,2006,279,0,279
1671,2007,279,0,279
1671,2008,279,0,279
1671,2009,279,0,279
1671,2010,279,0,279
1671,2011,279,0,279
1671,2012,279,0,279
1671,2013,279,0,279
1671,2014,279,0,279
1671,2015,279,0,279
1671,2016,279,0,279
1671,2017,279,0,279
1671,2018,279,0,279
1671,2019,279,0,279
1672,1998,282,0,282
1672,1999,282,0,282
1672,2000,282,0,282
1672,2001,282,0,282
1672,2002,282,0,282
1672,2003,282,0,282
1672,2004,282,0,282
1672,2005,282,0,282
1672,2006,282,0,282
1672,2007,282,0,282
1672,2008,282,0,282
1672,2009,282,0,282
1672,2010,282,0,282
1672,2011,282,0,282
1672,2012,282,0,282
1672,2013,282,0,282
1672,2014,282,0,282
1672,2015,282,0,282
1672,2016,282,0,282
1672,2017,282,0,282
1672,2018,282,0,282
1672,2019,282,0,282
1673,1998,0,282,282
1673,1999,0,282,282
1673,2000,0,282,282
1674,1998,280,0,280
1674,1999,280,0,280
1674,2000,280,0,280
1674,2001,280,0,280
1674,2002,280,0,280
1674,2003,280,0,280
1674,2004,280,0,280
1674,2005,280,0,280
1674,2006,280,0,280
1674,2007,280,0,280
1674,2008,280,0,280
1674,2009,280,0,280
1674,2010,280,0,280
1674,2011,280,0,280
1674,2012,280,0,280
1674,2013,280,0,280
1674,2014,280,0,280
1674,2015,280,0,280
1674,2016,280,0,280
1674,2017,280,0,280
1674,2018,280,0,280
1674,2019,280,0,280
1675,2009,0,280,280
1675,2010,0,280,280
1675,2011,0,280,280
1675,2012,0,280,280
1675,2013,0,280,280
1675,2014,0,280,280
1675,2015,0,280,280
1675,2016,0,280,280
1675,2017,0,280,280
1675,2018,0,280,280
1675,2019,0,280,280
1676,2015,0,279,279
1676,2016,0,279,279
1676,2017,0,279,279
1676,2018,0,279,279
1676,2019,0,279,279
1677,1998,279,0,279
1677,1999,279,0,279
1677,2000,279,0,279
1677,2001,279,0,279
1677,2002,279,0,279
1677,2003,279,0,279
1677,2004,279,0,279
1677,2005,279,0,279
1677,2006,279,0,279
1677,2007,279,0,279
1677,2008,279,0,279
1677,2009,279,0,279
1677,2010,279,0,279
1677,2011,279,0,279
1677,2012,279,0,279
1677,2013,279,0,279
1677,2014,279,0,279
1677,2015,279,0,279
1677,2016,279,0,279
1677,2017,279,0,279
1677,2018,279,0,279
1677,2019,279,0,279
1678,1998,0,279,279
1678,1999,0,279,279
1678,2000,0,279,279
1679,1998,0,279,279
1679,1999,0,279,279
1679,2000,0,279,279
1680,1998,278,0,278
1680,1999,278,0,278
1680,2000,278,0,278
1680,2001,278,0,278
1680,2002,278,0,278
1680,2003,278,0,278
1680,2004,278,0,278
1680,2005,278,0,278
1680,2006,278,0,278
1680,2007,278,0,278
1680,2008,278,0,278
1680,2009,278,0,278
1680,2010,278,0,278
1680,2011,278,0,278
1680,2012,278,0,278
1680,2013,278,0,278
1680,2014,278,0,278
1680,2015,278,0,278
1680,2016,278,0,278
1680,2017,278,0,278
1680,2018,278,0,278
1680,2019,278,0,278
1681,2011,278,0,278
1681,2012,278,0,278
1681,2013,278,0,278
1681,2014,278,0,278
1681,2015,278,0,278
1681,2016,278,0,278
1681,2017,278,0,278
1681,2018,278,0,278
1681,2019,278,0,278
1682,1998,0,278,278
1682,1999,0,278,278
1682,2000,0,278,278
1683,1998,0,278,278
1683,1999,0,278,278
1683,2000,0,278,278
1684,1998,0,277,277
1684,1999,0,277,277
1684,2000,0,277,277
1684,2001,0,277,277
1684,2002,0,277,277
1684,2003,0,277,277
1684,2004,0,277,277
1684,2005,0,277,277
1684,2006,0,277,277
1684,2007,0,277,277
1684,2008,0,277,277
1684,2009,0,277,277
1684,2010,0,277,277
1684,2011,0,277,277
1684,2012,0,277,277
1684,2013,0,277,277
1684,2014,0,277,277
1684,2015,0,277,277
1684,2016,0,277,277
1684,2017,0,277,277
1684,2018,0,277,277
1684,2019,0,277,277
1685,1998,276,0,276
1685,1999,276,0,276
1685,2000,276,0,276
1685,2001,276,0,276
1685,2002,276,0,276
1685,2003,276,0,276
1685,2004,276,0,276
1685,2005,276,0,276
1685,2006,276,0,276
1685,2007,276,0,276
1685,2008,276,0,276
1685,2009,276,0,276
1685,2010,276,0,276
1685,2011,276,0,276
1685,2012,276,0,276
1685,2013,276,0,276
1685,2014,276,0,276
1685,2015,276,0,276
1685,2016,276,0,276
1685,2017,276,0,276
1685,2018,276,0,276
1685,2019,276,0,276
1686,1998,276,0,276
1686,1999,276,0,276
1686,2000,276,0,276
1686,2001,276,0,276
1686,2002,188,0,188
1686,2003,188,0,188
1686,2004,188,0,188
1686,2005,188,0,188
1686,2006,188,0,188
1686,2007,188,0,188
1686,2008,188,0,188
1686,2009,188,0,188
1686,2010,188,0,188
1686,2011,188,0,188
1686,2012,188,0,188
1686,2013,188,0,188
1686,2014,188,0,188
1686,2015,188,0,188
1686,2016,188,0,188
1686,2017,188,0,188
1686,2018,188,0,188
1686,2019,188,0,188
1687,1998,276,0,276
1687,1999,276,0,276
1687,2000,276,0,276
1687,2001,276,0,276
1687,2002,276,0,276
1687,2003,276,0,276
1687,2004,276,0,276
1687,2005,276,0,276
1687,2006,276,0,276
1688,1998,0,276,276
1688,1999,0,276,276
1688,2000,0,276,276
1688,2001,0,276,276
1688,2002,0,276,276
1688,2003,0,276,276
1688,2004,0,276,276
1688,2005,0,276,276
1689,1998,276,0,276
1689,1999,276,0,276
1689,2000,276,0,276
1689,2001,276,0,276
1689,2002,276,0,276
1689,2003,276,0,276
1689,2004,276,0,276
1689,2005,276,0,276
1690,1998,0,271,271
1690,1999,0,271,271
1690,2000,0,275,275
1690,2001,0,275,275
1690,2002,0,275,275
1690,2003,0,275,275
1690,2004,0,275,275
1690,2005,0,275,275
1690,2006,0,275,275
1690,2007,0,275,275
1690,2008,0,275,275
1690,2009,0,275,275
1690,2010,0,275,275
1690,2011,0,275,275
1690,2012,0,275,275
1690,2013,0,275,275
1690,2014,0,275,275
1690,2015,0,275,275
1690,2016,0,275,275
1690,2017,0,275,275
1690,2018,0,275,275
1690,2019,0,275,275
1691,2002,0,275,275
1691,2003,0,275,275
1691,2004,0,275,275
1691,2005,0,275,275
1692,2019,274,0,274
1693,1998,274,0,274
1693,1999,274,0,274
1693,2000,274,0,274
1693,2001,274,0,274
1693,2002,274,0,274
1693,2003,274,0,274
1693,2004,274,0,274
1693,2005,274,0,274
1693,2006,274,0,274
1693,2007,274,0,274
1693,2008,274,0,274
1693,2009,274,0,274
1693,2010,274,0,274
1693,2011,274,0,274
1693,2012,274,0,274
1693,2013,274,0,274
1693,2014,274,0,274
1693,2015,274,0,274
1693,2016,274,0,274
1693,2017,274,0,274
1693,2018,274,0,274
1693,2019,274,0,274
1694,1998,0,274,274
1694,1999,0,274,274
1694,2000,0,274,274
1694,2001,0,274,274
1694,2002,0,274,274
1694,2003,0,274,274
1694,2004,0,274,274
1694,2005,0,274,274
1694,2006,0,274,274
1694,2007,0,274,274
1694,2008,0,274,274
1694,2009,0,274,274
1694,2010,0,274,274
1694,2011,0,274,274
1694,2012,0,274,274
1694,2013,0,274,274
1694,2014,0,274,274
1694,2015,0,274,274
1694,2016,0,274,274
1694,2017,0,274,274
1694,2018,0,274,274
1694,2019,0,274,274
1695,1998,274,0,274
1695,1999,274,0,274
1695,2000,274,0,274
1695,2001,274,0,274
1695,2002,274,0,274
1695,2003,274,0,274
1695,2004,274,0,274
1695,2005,274,0,274
1695,2006,274,0,274
1695,2007,274,0,274
1695,2008,274,0,274
1695,2009,274,0,274
1695,2010,274,0,274
1695,2011,274,0,274
1695,2012,274,0,274
1695,2013,274,0,274
1695,2014,274,0,274
1695,2015,274,0,274
1695,2016,274,0,274
1695,2017,274,0,274
1695,2018,274,0,274
1695,2019,274,0,274
1696,1998,0,274,274
1696,1999,0,274,274
1696,2000,0,274,274
1696,2001,0,274,274
1696,2002,0,274,274
1696,2003,0,274,274
1696,2004,0,274,274
1696,2005,0,274,274
1697,1998,274,0,274
1698,1998,0,273,273
1698,1999,0,273,273
1698,2000,0,273,273
1698,2001,0,273,273
1698,2002,0,273,273
1698,2003,0,273,273
1698,2004,0,273,273
1698,2005,0,273,273
1698,2006,0,273,273
1698,2007,0,273,273
1698,2008,0,273,273
1698,2009,0,273,273
1698,2010,0,273,273
1698,2011,0,273,273
1698,2012,0,273,273
1698,2013,0,273,273
1698,2014,0,273,273
1698,2015,0,273,273
1698,2016,0,273,273
1698,2017,0,273,273
1698,2018,0,273,273
1698,2019,0,273,273
1699,2015,0,273,273
1699,2016,0,273,273
1700,2013,273,0,273
1701,1998,0,273,273
1701,1999,0,273,273
1701,2000,0,273,273
1702,1998,0,272,272
1702,1999,0,272,272
1702,2000,0,272,272
1702,2001,0,272,272
1702,2002,0,272,272
1702,2003,0,272,272
1702,2004,0,272,272
1702,2005,0,272,272
1702,2006,0,272,272
1702,2007,0,272,272
1702,2008,0,272,272
1702,2009,0,272,272
1702,2010,0,272,272
1702,2011,0,272,272
1702,2012,0,272,272
1702,2013,0,272,272
1702,2014,0,272,272
1702,2015,0,272,272
1702,2016,0,272,272
1702,2017,0,272,272
1702,2018,0,272,272
1702,2019,0,272,272
1703,1998,0,272,272
1703,1999,0,272,272
1703,2000,0,272,272
1703,2001,0,272,272
1703,2002,0,272,272
1703,2003,0,272,272
1703,2004,0,272,272
1703,2005,0,272,272
1703,2006,0,272,272
1703,2007,0,272,272
1704,2002,0,272,272
1704,2003,0,272,272
1704,2004,0,272,272
1704,2005,0,272,272
1705,1998,271,0,271
1705,1999,271,0,271
1705,2000,271,0,271
1705,2001,271,0,271
1705,2002,271,0,271
1705,2003,271,0,271
1705,2004,271,0,271
1705,2005,271,0,271
1705,2006,271,0,271
1705,2007,271,0,271
1705,2008,271,0,271
1705,2009,271,0,271
1705,2010,271,0,271
1705,2011,271,0,271
1705,2012,271,0,271
1705,2013,271,0,271
1705,2014,271,0,271
1705,2015,271,0,271
1705,2016,271,0,271
1705,2017,271,0,271
1705,2018,271,0,271
1705,2019,271,0,271
1706,1998,0,271,271
1706,1999,0,271,271
1706,2000,0,271,271
1707,1998,0,271,271
1707,1999,0,271,271
1708,2015,270,0,270
1708,2016,270,0,270
1709,2003,270,0,270
1709,2004,270,0,270
1710,1998,270,0,270
1710,1999,270,0,270
1710,2000,270,0,270
1710,2001,270,0,270
1711,2005,268,0,268
1711,2006,268,0,268
1711,2007,268,0,268
1711,2008,268,0,268
1711,2009,268,0,268
1711,2010,268,0,268
1711,2011,268,0,268
1711,2012,268,0,268
1711,2013,268,0,268
1711,2014,268,0,268
1711,2015,268,0,268
1711,2016,268,0,268
1711,2017,268,0,268
1711,2018,268,0,268
1711,2019,268,0,268
1712,1998,268,0,268
1712,1999,268,0,268
1712,2000,268,0,268
1712,2001,268,0,268
1712,2002,268,0,268
1712,2003,268,0,268
1712,2004,268,0,268
1712,2005,268,0,268
1712,2006,268,0,268
1712,2007,268,0,268
1712,2008,268,0,268
1713,1998,268,0,268
1713,1999,268,0,268
1713,2000,268,0,268
1713,2001,268,0,268
1713,2002,268,0,268
1713,2003,268,0,268
1713,2004,268,0,268
1713,2005,268,0,268
1713,2006,268,0,268
1713,2007,268,0,268
1714,1998,0,268,268
1714,1999,0,268,268
1714,2000,0,268,268
1715,1998,0,268,268
1715,1999,0,268,268
1715,2000,0,268,268
1716,1998,0,268,268
1716,1999,0,268,268
1716,2000,0,268,268
1717,1998,0,267,267
1717,1999,0,267,267
1717,2000,0,267,267
1717,2001,0,267,267
1717,2002,0,267,267
1717,2003,0,267,267
1717,2004,0,267,267
1717,2005,0,267,267
1717,2006,0,267,267
1717,2007,0,267,267
1717,2008,0,267,267
1717,2009,0,267,267
1717,2010,0,267,267
1717,2011,0,267,267
1717,2012,0,267,267
1717,2013,0,267,267
1717,2014,0,267,267
1717,2015,0,267,267
1717,2016,0,267,267
1717,2017,0,267,267
1717,2018,0,267,267
1717,2019,0,267,267
1718,2003,267,0,267
1718,2004,267,0,267
1718,2005,267,0,267
1718,2006,267,0,267
1718,2007,267,0,267
1718,2008,267,0,267
1718,2009,267,0,267
1718,2010,267,0,267
1718,2011,267,0,267
1718,2012,267,0,267
1718,2013,267,0,267
1718,2014,267,0,267
1718,2015,267,0,267
1718,2016,267,0,267
1718,2017,267,0,267
1718,2018,267,0,267
1718,2019,267,0,267
1719,1998,267,0,267
1719,1999,267,0,267
1719,2000,267,0,267
1719,2001,267,0,267
1719,2002,267,0,267
1719,2003,267,0,267
1719,2004,267,0,267
1719,2005,267,0,267
1719,2006,267,0,267
1719,2007,267,0,267
1719,2008,267,0,267
1719,2009,267,0,267
1719,2010,267,0,267
1719,2011,267,0,267
1719,2012,267,0,267
1719,2013,267,0,267
1719,2014,267,0,267
1719,2015,267,0,267
1719,2016,267,0,267
1719,2017,267,0,267
1719,2018,267,0,267
1719,2019,267,0,267
1720,2002,267,0,267
1720,2003,267,0,267
1720,2004,267,0,267
1720,2005,267,0,267
1720,2006,267,0,267
1720,2007,267,0,267
1720,2008,267,0,267
1720,2009,267,0,267
1720,2010,267,0,267
1720,2011,267,0,267
1720,2012,267,0,267
1720,2013,267,0,267
1720,2014,267,0,267
1720,2015,267,0,267
1720,2016,267,0,267
1720,2017,267,0,267
1720,2018,267,0,267
1720,2019,267,0,267
1721,2008,0,267,267
1722,2002,266,0,266
1722,2003,266,0,266
1722,2004,266,0,266
1722,2005,266,0,266
1722,2006,266,0,266
1722,2007,266,0,266
1722,2008,266,0,266
1722,2009,266,0,266
1722,2010,266,0,266
1722,2011,266,0,266
1722,2012,266,0,266
1722,2013,266,0,266
1722,2014,266,0,266
1722,2015,266,0,266
1722,2016,266,0,266
1722,2017,266,0,266
1722,2018,266,0,266
1722,2019,266,0,266
1723,2002,196,70,266
1723,2003,93,70,163
1723,2004,93,70,163
1723,2005,93,70,163
1723,2006,93,70,163
1723,2007,93,0,93
1723,2008,93,0,93
1723,2009,93,0,93
1723,2010,93,0,93
1723,2011,93,0,93
1723,2012,93,0,93
1723,2013,93,0,93
1723,2014,93,0,93
1723,2015,93,0,93
1724,1998,0,266,266
1724,1999,0,266,266
1724,2000,0,266,266
1724,2001,0,266,266
1724,2002,0,266,266
1724,2003,0,266,266
1725,2010,203,0,203
1725,2011,203,0,203
1725,2012,203,0,203
1725,2013,203,0,203
1725,2014,203,0,203
1725,2015,203,0,203
1725,2016,265,0,265
1725,2017,265,0,265
1725,2018,265,0,265
1725,2019,265,0,265
1726,1998,0,265,265
1726,1999,0,265,265
1726,2000,0,265,265
1727,1998,0,265,265
1727,1999,0,265,265
1727,2000,0,265,265
1728,1998,0,265,265
1728,1999,0,265,265
1728,2000,0,265,265
1729,2016,0,264,264
1729,2017,0,264,264
1729,2018,0,264,264
1730,1998,0,264,264
1730,1999,0,264,264
1730,2000,0,264,264
1730,2001,0,264,264
1730,2002,0,264,264
1730,2003,0,264,264
1730,2004,0,264,264
1730,2005,0,264,264
1730,2006,0,264,264
1730,2007,0,264,264
1730,2008,0,264,264
1730,2009,0,264,264
1730,2010,0,264,264
1730,2011,0,264,264
1731,1998,0,264,264
1731,1999,0,264,264
1731,2000,0,264,264
1732,1998,0,263,263
1732,1999,0,263,263
1732,2000,0,263,263
1732,2001,0,263,263
1732,2002,0,263,263
1732,2003,0,263,263
1732,2004,0,263,263
1732,2005,0,263,263
1732,2006,0,263,263
1732,2007,0,263,263
1732,2008,0,263,263
1732,2009,0,263,263
1732,2010,0,263,263
1732,2011,0,263,263
1732,2012,0,263,263
1732,2013,0,263,263
1732,2014,0,263,263
1732,2015,0,263,263
1732,2016,0,263,263
1732,2017,0,263,263
1732,2018,0,263,263
1732,2019,0,263,263
1733,2000,0,263,263
1733,2001,0,263,263
1733,2002,0,263,263
1733,2003,0,263,263
1733,2004,0,263,263
1733,2005,0,263,263
1733,2006,0,263,263
1733,2007,0,263,263
1733,2008,0,263,263
1733,2009,0,263,263
1733,2010,0,263,263
1733,2011,0,263,263
1733,2012,0,263,263
1733,2013,0,263,263
1733,2014,0,263,263
1733,2015,0,263,263
1733,2016,0,263,263
1733,2017,0,263,263
1733,2018,0,263,263
1733,2019,0,263,263
1734,1998,0,263,263
1734,1999,0,263,263
1734,2000,0,263,263
1734,2001,0,263,263
1734,2002,0,263,263
1734,2003,0,263,263
1734,2004,0,263,263
1734,2005,0,263,263
1734,2006,0,263,263
1735,1998,0,262,262
1735,1999,0,262,262
1735,2000,0,262,262
1735,2001,0,262,262
1735,2002,0,262,262
1735,2003,0,262,262
1735,2004,0,262,262
1735,2005,0,262,262
1735,2006,0,262,262
1735,2007,0,262,262
1735,2008,0,262,262
1735,2009,0,262,262
1735,2010,0,262,262
1735,2011,0,262,262
1735,2012,0,262,262
1735,2013,0,262,262
1735,2014,0,262,262
1735,2015,0,262,262
1735,2016,0,262,262
1735,2017,0,262,262
1735,2018,0,262,262
1735,2019,0,262,262
1736,1998,0,262,262
1736,1999,0,262,262
1736,2000,0,262,262
1737,1998,261,0,261
1737,1999,261,0,261
1737,2000,261,0,261
1737,2001,261,0,261
1737,2002,179,0,179
1737,2003,179,0,179
1737,2004,179,0,179
1737,2005,179,0,179
1737,2006,179,0,179
1737,2007,179,0,179
1737,2008,179,0,179
1737,2009,179,0,179
1737,2010,179,0,179
1737,2011,179,0,179
1737,2012,179,0,179
1737,2013,179,0,179
1737,2014,179,0,179
1737,2015,179,0,179
1737,2016,179,0,179
1737,2017,179,0,179
1737,2018,179,0,179
1737,2019,179,0,179
1738,1998,261,0,261
1738,1999,261,0,261
1738,2000,261,0,261
1738,2001,261,0,261
1738,2002,179,0,179
1738,2003,179,0,179
1738,2004,179,0,179
1738,2005,179,0,179
1738,2006,179,0,179
1738,2007,179,0,179
1738,2008,179,0,179
1738,2009,179,0,179
1738,2010,179,0,179
1738,2011,179,0,179
1738,2012,179,0,179
1738,2013,179,0,179
1738,2014,179,0,179
1738,2015,179,0,179
1738,2016,179,0,179
1738,2017,179,0,179
1738,2018,179,0,179
1738,2019,179,0,179
1739,1998,261,0,261
1739,1999,261,0,261
1739,2000,261,0,261
1739,2001,261,0,261
1739,2002,261,0,261
1739,2003,261,0,261
1739,2004,261,0,261
1739,2005,261,0,261
1739,2006,261,0,261
1739,2007,261,0,261
1739,2008,261,0,261
1739,2009,261,0,261
1739,2010,66,0,66
1740,2006,0,260,260
1740,2007,0,260,260
1740,2008,0,260,260
1740,2009,0,260,260
1740,2010,0,260,260
1740,2011,0,260,260
1740,2012,0,260,260
1740,2013,0,260,260
1740,2014,0,260,260
1740,2015,0,260,260
1740,2016,0,260,260
1740,2017,0,260,260
1740,2018,0,260,260
1740,2019,0,260,260
1741,2002,259,0,259
1741,2003,259,0,259
1741,2004,259,0,259
1741,2005,259,0,259
1741,2006,259,0,259
1741,2007,259,0,259
1741,2008,259,0,259
1741,2009,259,0,259
1741,2010,259,0,259
1741,2011,259,0,259
1741,2012,259,0,259
1741,2013,259,0,259
1741,2014,259,0,259
1741,2015,259,0,259
1741,2016,259,0,259
1741,2017,259,0,259
1741,2018,259,0,259
1741,2019,259,0,259
1742,1998,0,259,259
1742,1999,0,259,259
1742,2000,0,259,259
1743,1998,0,259,259
1744,1998,255,0,255
1744,1999,255,0,255
1744,2000,255,0,255
1744,2001,255,0,255
1744,2002,255,0,255
1744,2003,255,0,255
1744,2004,255,0,255
1744,2005,255,0,255
1744,2006,255,0,255
1744,2007,255,0,255
1744,2008,255,0,255
1744,2009,255,0,255
1744,2010,255,0,255
1744,2011,255,0,255
1744,2012,255,0,255
1744,2013,255,0,255
1744,2014,255,0,255
1744,2015,258,0,258
1744,2016,258,0,258
1744,2017,258,0,258
1744,2018,258,0,258
1744,2019,258,0,258
1745,1998,0,258,258
1745,1999,0,258,258
1745,2000,0,258,258
1745,2001,0,258,258
1745,2002,0,258,258
1745,2003,0,258,258
1745,2004,0,258,258
1745,2005,0,258,258
1745,2006,0,258,258
1745,2007,0,258,258
1745,2008,0,258,258
1745,2009,0,258,258
1746,1998,0,258,258
1746,1999,0,258,258
1746,2000,0,258,258
1746,2001,0,258,258
1746,2002,0,258,258
1746,2003,0,258,258
1746,2004,0,258,258
1746,2005,0,258,258
1747,1998,257,0,257
1747,1999,257,0,257
1747,2000,257,0,257
1747,2001,257,0,257
1747,2002,257,0,257
1747,2003,257,0,257
1747,2004,257,0,257
1747,2005,257,0,257
1747,2006,257,0,257
1747,2007,257,0,257
1747,2008,257,0,257
1747,2009,257,0,257
1747,2010,257,0,257
1747,2011,257,0,257
1747,2012,257,0,257
1747,2013,257,0,257
1747,2014,257,0,257
1747,2015,257,0,257
1747,2016,257,0,257
1747,2017,257,0,257
1747,2018,257,0,257
1747,2019,257,0,257
1748,1998,0,255,255
1748,1999,0,255,255
1748,2000,0,255,255
1748,2001,0,255,255
1748,2002,0,255,255
1748,2003,0,255,255
1748,2004,0,255,255
1748,2005,0,255,255
1748,2006,0,255,255
1748,2007,0,255,255
1748,2008,0,255,255
1748,2009,0,255,255
1748,2010,0,255,255
1748,2011,0,255,255
1748,2012,0,255,255
1748,2013,0,255,255
1748,2014,0,255,255
1748,2015,0,255,255
1748,2016,0,255,255
1748,2017,0,255,255
1748,2018,0,255,255
1748,2019,0,255,255
1749,1998,249,0,249
1749,1999,249,0,249
1749,2000,249,0,249
1749,2001,255,0,255
1749,2002,255,0,255
1749,2003,255,0,255
1749,2004,255,0,255
1749,2005,255,0,255
1749,2006,255,0,255
1749,2007,255,0,255
1749,2008,255,0,255
1749,2009,255,0,255
1749,2010,255,0,255
1749,2011,255,0,255
1749,2012,255,0,255
1749,2013,255,0,255
1749,2014,255,0,255
1749,2015,255,0,255
1749,2016,255,0,255
1749,2017,255,0,255
1749,2018,255,0,255
1749,2019,255,0,255
1750,1998,0,255,255
1750,1999,0,255,255
1750,2000,0,255,255
1750,2001,0,255,255
1750,2002,0,255,255
1750,2003,0,255,255
1750,2004,0,255,255
1750,2005,0,255,255
1750,2006,0,255,255
1750,2007,0,255,255
1750,2008,0,255,255
1750,2009,0,255,255
1751,1998,242,0,242
1751,1999,242,0,242
1751,2000,242,0,242
1751,2001,242,0,242
1751,2002,242,0,242
1751,2003,242,0,242
1751,2004,242,0,242
1751,2005,242,0,242
1751,2006,242,0,242
1751,2007,242,0,242
1751,2008,242,0,242
1751,2009,242,0,242
1751,2010,242,0,242
1751,2011,242,0,242
1751,2012,242,0,242
1751,2013,234,0,234
1751,2014,234,0,234
1751,2015,234,0,234
1751,2016,234,0,234
1751,2017,234,0,234
1751,2018,234,0,234
1751,2019,254,0,254
1752,1998,254,0,254
1752,1999,254,0,254
1752,2000,254,0,254
1752,2001,254,0,254
1752,2002,254,0,254
1752,2003,254,0,254
1752,2004,254,0,254
1752,2005,254,0,254
1753,1998,253,0,253
1753,1999,253,0,253
1753,2000,253,0,253
1753,2001,253,0,253
1753,2002,253,0,253
1753,2003,253,0,253
1753,2004,252,0,252
1753,2005,252,0,252
1753,2006,252,0,252
1753,2007,252,0,252
1753,2008,252,0,252
1753,2009,252,0,252
1753,2010,252,0,252
1753,2011,252,0,252
1753,2012,252,0,252
1753,2013,252,0,252
1753,2014,252,0,252
1753,2015,252,0,252
1753,2016,252,0,252
1753,2017,252,0,252
1753,2018,252,0,252
1753,2019,252,0,252
1754,1998,253,0,253
1754,1999,253,0,253
1754,2000,253,0,253
1754,2001,253,0,253
1754,2002,253,0,253
1754,2003,253,0,253
1754,2004,253,0,253
1754,2005,253,0,253
1754,2006,253,0,253
1754,2007,253,0,253
1754,2008,253,0,253
1754,2009,253,0,253
1755,1998,253,0,253
1755,1999,253,0,253
1755,2000,253,0,253
1755,2001,253,0,253
1755,2002,253,0,253
1755,2003,253,0,253
1755,2004,253,0,253
1755,2005,252,0,252
1755,2006,252,0,252
1755,2007,252,0,252
1755,2008,252,0,252
1756,1998,252,0,252
1756,1999,252,0,252
1756,2000,252,0,252
1756,2001,252,0,252
1756,2002,252,0,252
1756,2003,252,0,252
1756,2004,252,0,252
1756,2005,252,0,252
1756,2006,252,0,252
1756,2007,252,0,252
1756,2008,252,0,252
1756,2009,252,0,252
1756,2010,252,0,252
1756,2011,252,0,252
1756,2012,252,0,252
1756,2013,252,0,252
1756,2014,252,0,252
1756,2015,252,0,252
1756,2016,252,0,252
1756,2017,252,0,252
1756,2018,252,0,252
1756,2019,252,0,252
1757,2017,252,0,252
1758,2005,0,252,252
1758,2006,0,252,252
1759,1998,0,252,252
1759,1999,0,252,252
1759,2000,0,252,252
1759,2001,0,252,252
1759,2002,0,252,252
1759,2003,0,252,252
1759,2004,0,252,252
1759,2005,0,252,252
1760,2004,251,0,251
1760,2005,251,0,251
1760,2006,251,0,251
1760,2007,251,0,251
1760,2008,251,0,251
1760,2009,251,0,251
1760,2010,251,0,251
1760,2011,251,0,251
1760,2012,251,0,251
1760,2013,251,0,251
1760,2014,251,0,251
1760,2015,251,0,251
1760,2016,251,0,251
1760,2017,251,0,251
1760,2018,251,0,251
1760,2019,251,0,251
1761,2001,251,0,251
1761,2002,251,0,251
1761,2003,251,0,251
1761,2004,251,0,251
1761,2005,251,0,251
1761,2006,251,0,251
1761,2007,251,0,251
1761,2008,251,0,251
1761,2009,251,0,251
1761,2010,251,0,251
1761,2011,251,0,251
1761,2012,251,0,251
1761,2013,251,0,251
1761,2014,251,0,251
1761,2015,251,0,251
1761,2016,251,0,251
1761,2017,251,0,251
1761,2018,251,0,251
1761,2019,251,0,251
1762,2005,0,251,251
1763,1998,251,0,251
1763,1999,251,0,251
1763,2000,251,0,251
1764,1998,250,0,250
1764,1999,250,0,250
1764,2000,250,0,250
1764,2001,250,0,250
1764,2002,250,0,250
1764,2003,250,0,250
1764,2004,250,0,250
1764,2005,250,0,250
1764,2006,250,0,250
1764,2007,250,0,250
1764,2008,250,0,250
1764,2009,250,0,250
1764,2010,250,0,250
1764,2011,250,0,250
1764,2012,250,0,250
1764,2013,250,0,250
1764,2014,250,0,250
1764,2015,250,0,250
1764,2016,250,0,250
1764,2017,250,0,250
1764,2018,250,0,250
1764,2019,250,0,250
1765,1998,0,250,250
1765,1999,0,250,250
1765,2000,0,250,250
1765,2001,0,250,250
1765,2002,0,250,250
1765,2003,0,250,250
1765,2004,0,250,250
1765,2005,0,250,250
1766,1998,249,0,249
1766,1999,249,0,249
1766,2000,249,0,249
1766,2001,249,0,249
1766,2002,249,0,249
1766,2003,249,0,249
1766,2004,249,0,249
1766,2005,249,0,249
1766,2006,249,0,249
1766,2007,249,0,249
1766,2008,249,0,249
1766,2009,249,0,249
1766,2010,249,0,249
1766,2011,249,0,249
1766,2012,249,0,249
1766,2013,249,0,249
1766,2014,249,0,249
1766,2015,249,0,249
1766,2016,249,0,249
1766,2017,249,0,249
1766,2018,249,0,249
1766,2019,249,0,249
1767,2003,249,0,249
1767,2004,249,0,249
1767,2005,249,0,249
1767,2006,249,0,249
1767,2007,249,0,249
1767,2008,249,0,249
1767,2009,249,0,249
1767,2010,249,0,249
1767,2011,249,0,249
1767,2012,249,0,249
1767,2013,249,0,249
1767,2014,249,0,249
1767,2015,249,0,249
1767,2016,249,0,249
1767,2017,249,0,249
1767,2018,249,0,249
1767,2019,249,0,249
1768,1998,0,249,249
1768,1999,0,249,249
1768,2000,0,249,249
1768,2001,0,249,249
1768,2002,0,249,249
1768,2003,0,249,249
1768,2004,0,249,249
1768,2005,0,249,249
1768,2006,0,249,249
1768,2007,0,249,249
1768,2008,0,249,249
1768,2009,0,249,249
1768,2010,0,249,249
1768,2011,0,249,249
1768,2012,0,249,249
1768,2013,0,249,249
1768,2014,0,249,249
1768,2015,0,249,249
1768,2016,0,249,249
1768,2017,0,249,249
1768,2018,0,249,249
1768,2019,0,249,249
1769,1998,249,0,249
1769,1999,249,0,249
1769,2000,249,0,249
1769,2001,249,0,249
1769,2002,249,0,249
1769,2003,249,0,249
1769,2004,249,0,249
1769,2005,249,0,249
1769,2006,249,0,249
1769,2007,249,0,249
1769,2008,249,0,249
1769,2009,249,0,249
1770,1998,248,0,248
1770,1999,248,0,248
1770,2000,248,0,248
1770,2001,248,0,248
1770,2002,248,0,248
1770,2003,248,0,248
1770,2004,248,0,248
1770,2005,248,0,248
1770,2006,248,0,248
1770,2007,248,0,248
1770,2008,248,0,248
1770,2009,248,0,248
1770,2010,248,0,248
1770,2011,248,0,248
1770,2012,248,0,248
1770,2013,248,0,248
1770,2014,248,0,248
1770,2015,248,0,248
1770,2016,248,0,248
1770,2017,248,0,248
1770,2018,248,0,248
1770,2019,248,0,248
1771,2002,248,0,248
1771,2003,248,0,248
1771,2004,248,0,248
1771,2005,248,0,248
1771,2006,248,0,248
1771,2007,248,0,248
1771,2008,248,0,248
1771,2009,248,0,248
1771,2010,248,0,248
1771,2011,248,0,248
1771,2012,248,0,248
1771,2013,248,0,248
1771,2014,248,0,248
1771,2015,248,0,248
1771,2016,248,0,248
1771,2017,248,0,248
1771,2018,248,0,248
1771,2019,248,0,248
1772,2016,0,248,248
1772,2017,0,248,248
1772,2018,0,248,248
1772,2019,0,248,248
1773,1998,248,0,248
1773,1999,248,0,248
1773,2000,248,0,248
1773,2001,248,0,248
1773,2002,248,0,248
1773,2003,248,0,248
1773,2004,248,0,248
1773,2005,248,0,248
1773,2006,248,0,248
1773,2007,248,0,248
1773,2008,248,0,248
1773,2009,248,0,248
1773,2010,248,0,248
1773,2011,248,0,248
1773,2012,248,0,248
1773,2013,248,0,248
1773,2014,248,0,248
1773,2015,248,0,248
1773,2016,248,0,248
1773,2017,248,0,248
1773,2018,248,0,248
1773,2019,248,0,248
1774,2015,0,248,248
1775,2013,0,248,248
1775,2014,0,248,248
1776,1998,248,0,248
1776,1999,248,0,248
1776,2000,248,0,248
1776,2001,248,0,248
1776,2002,248,0,248
1776,2003,248,0,248
1776,2004,248,0,248
1776,2005,248,0,248
1776,2006,248,0,248
1776,2007,248,0,248
1776,2008,248,0,248
1776,2009,248,0,248
1776,2010,248,0,248
1777,1998,0,248,248
1777,1999,0,248,248
1777,2000,0,248,248
1777,2001,0,248,248
1778,1998,247,0,247
1778,1999,247,0,247
1778,2000,247,0,247
1778,2001,247,0,247
1778,2002,247,0,247
1778,2003,247,0,247
1778,2004,247,0,247
1778,2005,247,0,247
1778,2006,247,0,247
1778,2007,247,0,247
1778,2008,247,0,247
1778,2009,247,0,247
1778,2010,247,0,247
1778,2011,247,0,247
1778,2012,247,0,247
1778,2013,247,0,247
1778,2014,247,0,247
1778,2015,247,0,247
1778,2016,247,0,247
1778,2017,247,0,247
1778,2018,247,0,247
1778,2019,247,0,247
1779,2019,247,0,247
1780,1998,247,0,247
1780,1999,247,0,247
1780,2000,247,0,247
1780,2001,247,0,247
1780,2002,130,0,130
1780,2003,130,0,130
1780,2004,130,0,130
1780,2005,130,0,130
1780,2006,130,0,130
1780,2007,130,0,130
1780,2008,130,0,130
1780,2009,130,0,130
1780,2010,130,0,130
1780,2011,130,0,130
1780,2012,130,0,130
1780,2013,130,0,130
1780,2014,130,0,130
1780,2015,130,0,130
1780,2016,130,0,130
1780,2017,130,0,130
1780,2018,130,0,130
1780,2019,130,0,130
1781,1998,0,247,247
1781,1999,0,247,247
1781,2000,0,247,247
1781,2001,0,247,247
1781,2002,0,247,247
1781,2003,0,247,247
1781,2004,0,247,247
1781,2005,0,247,247
1781,2006,0,247,247
1781,2007,0,247,247
1781,2008,0,247,247
1781,2009,0,247,247
1781,2010,0,247,247
1781,2011,0,247,247
1781,2012,0,247,247
1781,2013,0,247,247
1781,2014,0,247,247
1781,2015,0,247,247
1781,2016,0,247,247
1781,2017,0,247,247
1781,2018,0,247,247
1781,2019,0,247,247
1782,2013,247,0,247
1782,2014,247,0,247
1782,2015,247,0,247
1782,2016,247,0,247
1782,2017,247,0,247
1783,2011,247,0,247
1784,2004,0,185,185
1784,2005,0,188,188
1784,2006,0,188,188
1784,2007,0,188,188
1784,2008,0,227,227
1784,2009,0,247,247
1784,2010,0,247,247
1785,1998,0,247,247
1785,1999,0,247,247
1785,2000,0,247,247
1785,2001,0,247,247
1785,2002,0,247,247
1785,2003,0,247,247
1785,2004,0,247,247
1785,2005,0,247,247
1786,2005,246,0,246
1786,2006,246,0,246
1786,2007,246,0,246
1786,2008,246,0,246
1786,2009,246,0,246
1786,2010,246,0,246
1786,2011,246,0,246
1786,2012,246,0,246
1786,2013,246,0,246
1786,2014,246,0,246
1786,2015,246,0,246
1786,2016,246,0,246
1786,2017,246,0,246
1786,2018,246,0,246
1786,2019,246,0,246
1787,2001,246,0,246
1787,2002,246,0,246
1787,2003,246,0,246
1787,2004,246,0,246
1787,2005,246,0,246
1787,2006,246,0,246
1787,2007,246,0,246
1787,2008,246,0,246
1787,2009,246,0,246
1787,2010,246,0,246
1787,2011,246,0,246
1787,2012,246,0,246
1787,2013,246,0,246
1787,2014,246,0,246
1787,2015,246,0,246
1787,2016,246,0,246
1787,2017,246,0,246
1787,2018,246,0,246
1787,2019,246,0,246
1788,1998,0,246,246
1788,1999,0,246,246
1788,2000,0,246,246
1788,2001,0,246,246
1788,2002,0,246,246
1788,2003,0,246,246
1788,2004,0,246,246
1788,2005,0,246,246
1788,2006,0,246,246
1788,2007,0,246,246
1788,2008,0,246,246
1788,2009,0,246,246
1788,2010,0,246,246
1788,2011,0,246,246
1788,2012,0,246,246
1788,2013,0,246,246
1788,2014,0,246,246
1788,2015,0,246,246
1788,2016,0,246,246
1788,2017,0,246,246
1788,2018,0,246,246
1788,2019,0,246,246
1789,2011,0,246,246
1789,2012,0,246,246
1790,1998,246,0,246
1790,1999,246,0,246
1790,2000,246,0,246
1790,2001,246,0,246
1790,2002,246,0,246
1790,2003,246,0,246
1790,2004,246,0,246
1790,2005,246,0,246
1791,1998,246,0,246
1791,1999,195,0,195
1791,2000,195,0,195
1791,2001,195,0,195
1791,2002,195,0,195
1791,2003,195,0,195
1791,2004,195,0,195
1791,2005,195,0,195
1792,2006,245,0,245
1792,2007,245,0,245
1792,2008,245,0,245
1792,2009,245,0,245
1792,2010,245,0,245
1792,2011,245,0,245
1792,2012,245,0,245
1792,2013,245,0,245
1792,2014,245,0,245
1792,2015,245,0,245
1792,2016,245,0,245
1792,2017,245,0,245
1792,2018,245,0,245
1792,2019,245,0,245
1793,1998,0,245,245
1793,1999,0,245,245
1793,2000,0,245,245
1793,2001,0,245,245
1794,2006,0,244,244
1794,2007,0,244,244
1794,2008,0,244,244
1794,2009,0,244,244
1794,2010,0,244,244
1794,2011,0,244,244
1794,2012,0,244,244
1794,2013,0,244,244
1794,2014,0,244,244
1794,2015,0,244,244
1794,2016,0,244,244
1794,2017,0,244,244
1794,2018,0,244,244
1794,2019,0,244,244
1795,2004,244,0,244
1795,2005,244,0,244
1795,2006,244,0,244
1795,2007,244,0,244
1795,2008,244,0,244
1795,2009,244,0,244
1795,2010,244,0,244
1795,2011,244,0,244
1795,2012,244,0,244
1795,2013,244,0,244
1795,2014,244,0,244
1795,2015,244,0,244
1795,2016,244,0,244
1795,2017,244,0,244
1795,2018,244,0,244
1795,2019,244,0,244
1796,1998,0,243,243
1796,1999,0,243,243
1796,2000,0,243,243
1796,2001,0,243,243
1796,2002,0,243,243
1796,2003,0,243,243
1796,2004,0,243,243
1796,2005,0,243,243
1796,2006,0,243,243
1796,2007,0,243,243
1796,2008,0,243,243
1796,2009,0,243,243
1796,2010,0,243,243
1796,2011,0,243,243
1796,2012,0,243,243
1796,2013,0,243,243
1796,2014,0,243,243
1796,2015,0,243,243
1796,2016,0,243,243
1796,2017,0,243,243
1796,2018,0,243,243
1796,2019,0,243,243
1797,2013,0,243,243
1797,2014,0,243,243
1797,2015,0,243,243
1798,2001,0,243,243
1798,2002,0,243,243
1798,2003,0,243,243
1798,2004,0,243,243
1798,2005,0,243,243
1798,2006,0,243,243
1799,1998,0,242,242
1799,1999,0,242,242
1799,2000,0,242,242
1799,2001,0,242,242
1799,2002,0,242,242
1799,2003,0,242,242
1799,2004,0,242,242
1799,2005,0,242,242
1799,2006,0,242,242
1799,2007,0,242,242
1799,2008,0,242,242
1799,2009,0,242,242
1799,2010,0,242,242
1799,2011,0,242,242
1799,2012,0,242,242
1799,2013,0,242,242
1799,2014,0,242,242
1799,2015,0,242,242
1799,2016,0,242,242
1799,2017,0,242,242
1799,2018,0,242,242
1799,2019,0,242,242
1800,1998,0,242,242
1800,1999,0,242,242
1800,2000,0,242,242
1800,2001,0,242,242
1801,1998,0,242,242
1802,1998,241,0,241
1802,1999,241,0,241
1802,2000,241,0,241
1802,2001,241,0,241
1802,2002,241,0,241
1802,2003,241,0,241
1802,2004,241,0,241
1802,2005,241,0,241
1802,2006,241,0,241
1802,2007,241,0,241
1802,2008,241,0,241
1802,2009,241,0,241
1802,2010,241,0,241
1802,2011,241,0,241
1802,2012,241,0,241
1802,2013,241,0,241
1802,2014,241,0,241
1802,2015,241,0,241
1802,2016,241,0,241
1802,2017,241,0,241
1802,2018,241,0,241
1802,2019,241,0,241
1803,2002,0,241,241
1803,2003,0,241,241
1803,2004,0,241,241
1803,2005,0,241,241
1803,2006,0,241,241
1803,2007,0,241,241
1803,2008,0,241,241
1803,2009,0,241,241
1803,2010,0,241,241
1803,2011,0,241,241
1803,2012,0,241,241
1803,2013,0,241,241
1803,2014,0,241,241
1803,2015,0,241,241
1803,2016,0,241,241
1803,2017,0,241,241
1803,2018,0,241,241
1803,2019,0,241,241
1804,1998,0,241,241
1804,1999,0,241,241
1804,2000,0,241,241
1804,2001,0,241,241
1804,2002,0,241,241
1804,2003,0,241,241
1804,2004,0,241,241
1804,2005,0,241,241
1804,2006,0,241,241
1804,2007,0,241,241
1804,2008,0,241,241
1804,2009,0,241,241
1804,2010,0,241,241
1804,2011,0,241,241
1804,2012,0,241,241
1804,2013,0,241,241
1804,2014,0,241,241
1804,2015,0,241,241
1804,2016,0,241,241
1804,2017,0,241,241
1804,2018,0,241,241
1804,2019,0,241,241
1805,2011,0,231,231
1805,2012,0,231,231
1805,2013,0,231,231
1805,2014,0,231,231
1805,2015,0,241,241
1805,2016,0,241,241
1806,1998,0,241,241
1806,1999,0,241,241
1806,2000,0,241,241
1806,2001,0,241,241
1807,2003,240,0,240
1807,2004,240,0,240
1807,2005,240,0,240
1807,2006,240,0,240
1807,2007,240,0,240
1808,1998,0,240,240
1808,1999,0,240,240
1808,2000,0,240,240
1808,2001,0,240,240
1808,2002,0,240,240
1808,2003,0,240,240
1808,2004,0,240,240
1809,2000,239,0,239
1809,2001,239,0,239
1809,2002,239,0,239
1809,2003,239,0,239
1809,2004,239,0,239
1809,2005,239,0,239
1809,2006,239,0,239
1809,2007,239,0,239
1809,2008,239,0,239
1809,2009,239,0,239
1809,2010,239,0,239
1809,2011,239,0,239
1809,2012,239,0,239
1809,2013,239,0,239
1809,2014,239,0,239
1809,2015,239,0,239
1809,2016,239,0,239
1809,2017,239,0,239
1809,2018,239,0,239
1809,2019,239,0,239
1810,2013,0,239,239
1810,2014,0,239,239
1810,2015,0,239,239
1811,2007,239,0,239
1812,1999,238,0,238
1812,2000,238,0,238
1812,2001,238,0,238
1812,2002,238,0,238
1812,2003,238,0,238
1812,2004,238,0,238
1812,2005,238,0,238
1812,2006,238,0,238
1812,2007,238,0,238
1812,2008,238,0,238
1812,2009,238,0,238
1812,2010,238,0,238
1812,2011,238,0,238
1812,2012,238,0,238
1812,2013,238,0,238
1812,2014,238,0,238
1812,2015,238,0,238
1812,2016,238,0,238
1812,2017,238,0,238
1812,2018,238,0,238
1812,2019,238,0,238
1813,2016,238,0,238
1814,1998,0,238,238
1814,1999,0,238,238
1814,2000,0,238,238
1814,2001,0,238,238
1814,2002,0,238,238
1814,2003,0,238,238
1814,2004,0,238,238
1814,2005,0,238,238
1815,1998,237,0,237
1815,1999,237,0,237
1815,2000,237,0,237
1815,2001,237,0,237
1815,2002,237,0,237
1815,2003,237,0,237
1815,2004,237,0,237
1815,2005,237,0,237
1815,2006,237,0,237
1815,2007,237,0,237
1815,2008,237,0,237
1815,2009,237,0,237
1815,2010,237,0,237
1815,2011,237,0,237
1815,2012,237,0,237
1815,2013,237,0,237
1815,2014,237,0,237
1815,2015,237,0,237
1815,2016,237,0,237
1815,2017,237,0,237
1815,2018,237,0,237
1815,2019,237,0,237
1816,1998,0,237,237
1816,1999,0,237,237
1816,2000,0,237,237
1816,2001,0,237,237
1816,2002,0,237,237
1816,2003,0,237,237
1816,2004,0,237,237
1816,2005,0,237,237
1816,2006,0,237,237
1816,2007,0,237,237
1816,2008,0,237,237
1816,2009,0,237,237
1816,2010,0,237,237
1816,2011,0,237,237
1816,2012,0,237,237
1816,2013,0,237,237
1816,2014,0,237,237
1816,2015,0,237,237
1816,2016,0,237,237
1816,2017,0,237,237
1816,2018,0,237,237
1816,2019,0,237,237
1817,2009,237,0,237
1817,2010,237,0,237
1817,2011,237,0,237
1817,2012,237,0,237
1817,2013,237,0,237
1817,2014,237,0,237
1817,2015,237,0,237
1817,2016,237,0,237
1817,2017,237,0,237
1817,2018,237,0,237
1817,2019,237,0,237
1818,1998,237,0,237
1818,1999,237,0,237
1818,2000,237,0,237
1818,2001,237,0,237
1818,2002,237,0,237
1818,2003,237,0,237
1818,2004,237,0,237
1818,2005,237,0,237
1819,1998,236,0,236
1819,1999,236,0,236
1819,2000,236,0,236
1819,2001,236,0,236
1819,2002,236,0,236
1819,2003,236,0,236
1819,2004,236,0,236
1819,2005,236,0,236
1819,2006,236,0,236
1819,2007,236,0,236
1819,2008,236,0,236
1819,2009,236,0,236
1819,2010,236,0,236
1819,2011,236,0,236
1819,2012,236,0,236
1819,2013,236,0,236
1819,2014,236,0,236
1819,2015,236,0,236
1819,2016,236,0,236
1819,2017,236,0,236
1819,2018,236,0,236
1819,2019,236,0,236
1820,2017,0,235,235
1820,2018,0,235,235
1820,2019,0,235,235
1821,2009,44,0,44
1821,2010,44,141,185
1821,2011,44,141,185
1821,2012,44,141,185
1821,2013,44,191,235
1821,2014,44,137,181
1822,2015,234,0,234
1822,2016,234,0,234
1822,2017,234,0,234
1822,2018,234,0,234
1822,2019,234,0,234
1823,2018,0,234,234
1823,2019,0,234,234
1824,1998,234,0,234
1824,1999,234,0,234
1824,2000,234,0,234
1824,2001,234,0,234
1824,2002,234,0,234
1824,2003,234,0,234
1824,2004,234,0,234
1824,2005,234,0,234
1824,2006,234,0,234
1824,2007,234,0,234
1824,2008,234,0,234
1824,2009,234,0,234
1824,2010,234,0,234
1824,2011,234,0,234
1824,2012,234,0,234
1824,2013,234,0,234
1824,2014,234,0,234
1824,2015,234,0,234
1824,2016,234,0,234
1824,2017,234,0,234
1824,2018,234,0,234
1824,2019,234,0,234
1825,2000,123,0,123
1825,2001,123,0,123
1825,2002,227,0,227
1825,2003,227,0,227
1825,2004,227,0,227
1825,2005,227,0,227
1825,2006,227,0,227
1825,2007,227,0,227
1825,2008,227,0,227
1825,2009,234,0,234
1825,2010,234,0,234
1825,2011,234,0,234
1825,2012,234,0,234
1825,2013,234,0,234
1825,2014,234,0,234
1825,2015,234,0,234
1825,2016,234,0,234
1825,2017,234,0,234
1825,2018,234,0,234
1825,2019,234,0,234
1826,2008,0,234,234
1826,2009,0,234,234
1826,2010,0,234,234
1826,2011,0,234,234
1826,2012,0,234,234
1826,2013,0,234,234
1826,2014,0,234,234
1826,2015,0,234,234
1826,2016,0,234,234
1826,2017,0,234,234
1826,2018,0,234,234
1826,2019,0,234,234
1827,2014,0,234,234
1827,2015,0,234,234
1828,1998,234,0,234
1828,1999,234,0,234
1828,2000,234,0,234
1828,2001,234,0,234
1828,2002,234,0,234
1828,2003,234,0,234
1828,2004,234,0,234
1828,2005,234,0,234
1828,2006,234,0,234
1828,2007,234,0,234
1828,2008,234,0,234
1828,2009,234,0,234
1828,2010,234,0,234
1828,2011,234,0,234
1828,2012,234,0,234
1828,2013,234,0,234
1828,2014,234,0,234
1828,2015,234,0,234
1829,1998,0,234,234
1829,1999,0,234,234
1829,2000,0,234,234
1829,2001,0,234,234
1829,2002,0,234,234
1829,2003,0,234,234
1829,2004,0,234,234
1829,2005,0,234,234
1830,2001,0,233,233
1830,2002,0,233,233
1830,2003,0,233,233
1830,2004,0,233,233
1830,2005,0,233,233
1830,2006,0,233,233
1830,2007,0,233,233
1830,2008,0,233,233
1830,2009,0,233,233
1830,2010,0,233,233
1830,2011,0,233,233
1830,2012,0,233,233
1830,2013,0,233,233
1830,2014,0,233,233
1830,2015,0,233,233
1830,2016,0,233,233
1830,2017,0,233,233
1830,2018,0,233,233
1830,2019,0,233,233
1831,1998,0,233,233
1831,1999,0,233,233
1831,2000,0,233,233
1831,2001,0,233,233
1831,2002,0,233,233
1831,2003,0,233,233
1831,2004,0,233,233
1831,2005,0,233,233
1831,2006,0,233,233
1831,2007,0,233,233
1831,2008,0,233,233
1831,2009,0,233,233
1831,2010,0,233,233
1831,2011,0,233,233
1831,2012,0,233,233
1831,2013,0,233,233
1831,2014,0,233,233
1831,2015,0,233,233
1831,2016,0,233,233
1831,2017,0,233,233
1831,2018,0,233,233
1831,2019,0,233,233
1832,2007,232,0,232
1832,2008,232,0,232
1832,2009,232,0,232
1832,2010,232,0,232
1832,2011,232,0,232
1832,2012,232,0,232
1832,2013,232,0,232
1832,2014,232,0,232
1832,2015,232,0,232
1832,2016,232,0,232
1832,2017,232,0,232
1832,2018,232,0,232
1832,2019,232,0,232
1833,1998,0,232,232
1833,1999,0,232,232
1833,2000,0,232,232
1833,2001,0,232,232
1833,2002,0,232,232
1833,2003,0,232,232
1833,2004,0,232,232
1834,1998,0,231,231
1834,1999,0,231,231
1834,2000,0,231,231
1834,2001,0,231,231
1834,2002,0,231,231
1834,2003,0,231,231
1834,2004,0,231,231
1834,2005,0,231,231
1835,1998,230,0,230
1835,1999,230,0,230
1835,2000,230,0,230
1835,2001,230,0,230
1835,2002,230,0,230
1835,2003,230,0,230
1835,2004,230,0,230
1835,2005,230,0,230
1835,2006,230,0,230
1835,2007,230,0,230
1835,2008,230,0,230
1835,2009,230,0,230
1835,2010,230,0,230
1835,2011,230,0,230
1835,2012,230,0,230
1835,2013,230,0,230
1835,2014,230,0,230
1835,2015,230,0,230
1835,2016,230,0,230
1835,2017,230,0,230
1835,2018,230,0,230
1835,2019,230,0,230
1836,1998,230,0,230
1836,1999,230,0,230
1836,2000,230,0,230
1836,2001,230,0,230
1836,2002,230,0,230
1836,2003,230,0,230
1836,2004,230,0,230
1836,2005,230,0,230
1837,1998,0,230,230
1837,1999,0,230,230
1837,2000,0,230,230
1837,2001,0,230,230
1837,2002,0,230,230
1837,2003,0,230,230
1837,2004,0,230,230
1837,2005,0,230,230
1838,1998,0,229,229
1838,1999,0,229,229
1838,2000,0,229,229
1838,2001,0,229,229
1838,2002,0,229,229
1838,2003,0,229,229
1838,2004,0,229,229
1838,2005,0,229,229
1838,2006,0,229,229
1838,2007,0,229,229
1838,2008,0,229,229
1838,2009,0,229,229
1838,2010,0,229,229
1838,2011,0,229,229
1838,2012,0,229,229
1838,2013,0,229,229
1838,2014,0,229,229
1838,2015,0,229,229
1838,2016,0,229,229
1838,2017,0,229,229
1838,2018,0,229,229
1838,2019,0,229,229
1839,1998,0,229,229
1839,1999,0,229,229
1839,2000,0,229,229
1839,2001,0,229,229
1839,2002,0,229,229
1839,2003,0,229,229
1839,2004,0,229,229
1839,2005,0,229,229
1839,2006,0,229,229
1839,2007,0,229,229
1839,2008,0,229,229
1839,2009,0,229,229
1839,2010,0,229,229
1839,2011,0,229,229
1839,2012,0,229,229
1839,2013,0,229,229
1839,2014,0,229,229
1839,2015,0,229,229
1839,2016,0,229,229
1839,2017,0,229,229
1839,2018,0,229,229
1839,2019,0,229,229
1840,2003,0,229,229
1840,2004,0,229,229
1840,2005,0,229,229
1840,2006,0,229,229
1840,2007,0,229,229
1840,2008,0,229,229
1840,2009,0,229,229
1840,2010,0,229,229
1840,2011,0,229,229
1840,2012,0,229,229
1840,2013,0,229,229
1840,2014,0,229,229
1840,2015,0,229,229
1840,2016,0,229,229
1840,2017,0,229,229
1840,2018,0,229,229
1841,1998,228,0,228
1841,1999,228,0,228
1841,2000,228,0,228
1841,2001,228,0,228
1841,2002,228,0,228
1841,2003,228,0,228
1841,2004,228,0,228
1841,2005,228,0,228
1841,2006,228,0,228
1841,2007,228,0,228
1841,2008,228,0,228
1841,2009,228,0,228
1841,2010,228,0,228
1841,2011,228,0,228
1841,2012,228,0,228
1841,2013,228,0,228
1841,2014,228,0,228
1841,2015,228,0,228
1841,2016,228,0,228
1841,2017,228,0,228
1841,2018,228,0,228
1841,2019,228,0,228
1842,2010,228,0,228
1842,2011,228,0,228
1842,2012,228,0,228
1842,2013,228,0,228
1842,2014,228,0,228
1842,2015,228,0,228
1842,2016,228,0,228
1842,2017,228,0,228
1842,2018,228,0,228
1842,2019,228,0,228
1843,1998,120,0,120
1843,1999,120,0,120
1843,2000,120,0,120
1843,2001,227,0,227
1843,2002,227,0,227
1843,2003,227,0,227
1843,2004,227,0,227
1843,2005,227,0,227
1843,2006,227,0,227
1843,2007,227,0,227
1843,2008,227,0,227
1843,2009,227,0,227
1843,2010,227,0,227
1843,2011,227,0,227
1843,2012,227,0,227
1843,2013,227,0,227
1843,2014,227,0,227
1843,2015,227,0,227
1843,2016,227,0,227
1843,2017,227,0,227
1843,2018,227,0,227
1843,2019,227,0,227
1844,1998,0,227,227
1844,1999,0,227,227
1844,2000,0,227,227
1844,2001,0,227,227
1844,2002,0,227,227
1844,2003,0,227,227
1844,2004,0,227,227
1844,2005,0,227,227
1844,2006,0,227,227
1844,2007,0,227,227
1844,2008,0,227,227
1844,2009,0,227,227
1844,2010,0,227,227
1844,2011,0,227,227
1844,2012,0,227,227
1844,2013,0,227,227
1844,2014,0,227,227
1844,2015,0,227,227
1844,2016,0,227,227
1844,2017,0,227,227
1844,2018,0,227,227
1844,2019,0,227,227
1845,1998,227,0,227
1845,1999,227,0,227
1845,2000,227,0,227
1845,2001,227,0,227
1845,2002,227,0,227
1845,2003,227,0,227
1845,2004,227,0,227
1845,2005,227,0,227
1845,2006,227,0,227
1845,2007,227,0,227
1846,1998,0,226,226
1846,1999,0,226,226
1846,2000,0,226,226
1846,2001,0,226,226
1846,2002,0,226,226
1846,2003,0,226,226
1846,2004,0,226,226
1846,2005,0,226,226
1846,2006,0,226,226
1846,2007,0,226,226
1846,2008,0,226,226
1846,2009,0,226,226
1846,2010,0,226,226
1846,2011,0,226,226
1846,2012,0,226,226
1846,2013,0,226,226
1846,2014,0,226,226
1846,2015,0,226,226
1846,2016,0,226,226
1846,2017,0,226,226
1846,2018,0,226,226
1846,2019,0,226,226
1847,1998,226,0,226
1847,1999,226,0,226
1847,2000,226,0,226
1847,2001,226,0,226
1847,2002,226,0,226
1847,2003,226,0,226
1847,2004,226,0,226
1847,2005,226,0,226
1847,2006,226,0,226
1847,2007,226,0,226
1847,2008,226,0,226
1847,2009,226,0,226
1847,2010,226,0,226
1847,2011,226,0,226
1847,2012,226,0,226
1847,2013,226,0,226
1847,2014,226,0,226
1847,2015,226,0,226
1847,2016,226,0,226
1847,2017,226,0,226
1847,2018,226,0,226
1847,2019,226,0,226
1848,1998,0,226,226
1848,1999,0,226,226
1848,2000,0,226,226
1848,2001,0,226,226
1848,2002,0,226,226
1848,2003,0,226,226
1848,2004,0,226,226
1848,2005,0,226,226
1848,2006,0,226,226
1848,2007,0,226,226
1848,2008,0,226,226
1848,2009,0,226,226
1848,2010,0,226,226
1848,2011,0,226,226
1848,2012,0,226,226
1848,2013,0,226,226
1848,2014,0,226,226
1848,2015,0,226,226
1848,2016,0,226,226
1848,2017,0,226,226
1848,2018,0,226,226
1848,2019,0,226,226
1849,2012,226,0,226
1849,2013,226,0,226
1849,2014,226,0,226
1849,2015,226,0,226
1849,2016,226,0,226
1849,2017,226,0,226
1849,2018,226,0,226
1849,2019,226,0,226
1850,1998,226,0,226
1850,1999,226,0,226
1850,2000,226,0,226
1850,2001,226,0,226
1850,2002,226,0,226
1850,2003,226,0,226
1850,2004,226,0,226
1850,2005,226,0,226
1851,2002,0,225,225
1851,2003,0,225,225
1851,2004,0,225,225
1851,2005,0,225,225
1852,1998,225,0,225
1852,1999,225,0,225
1852,2000,225,0,225
1852,2001,225,0,225
1852,2002,225,0,225
1852,2003,225,0,225
1852,2004,225,0,225
1852,2005,225,0,225
1853,2013,224,0,224
1853,2014,224,0,224
1853,2015,224,0,224
1853,2016,224,0,224
1853,2017,224,0,224
1853,2018,224,0,224
1853,2019,224,0,224
1854,2011,224,0,224
1854,2012,224,0,224
1854,2013,224,0,224
1854,2014,224,0,224
1854,2015,224,0,224
1854,2016,224,0,224
1854,2017,224,0,224
1854,2018,224,0,224
1854,2019,224,0,224
1855,2016,0,224,224
1856,2013,224,0,224
1857,2009,0,224,224
1858,1998,174,50,224
1858,1999,174,50,224
1858,2000,174,50,224
1858,2001,174,50,224
1858,2002,174,50,224
1858,2003,174,50,224
1858,2004,174,50,224
1858,2005,174,0,174
1859,1998,222,0,222
1859,1999,222,0,222
1859,2000,222,0,222
1859,2001,222,0,222
1859,2002,222,0,222
1859,2003,223,0,223
1859,2004,223,0,223
1859,2005,223,0,223
1859,2006,222,0,222
1859,2007,222,0,222
1859,2008,222,0,222
1859,2009,222,0,222
1859,2010,222,0,222
1859,2011,222,0,222
1859,2012,222,0,222
1859,2013,222,0,222
1859,2014,222,0,222
1859,2015,222,0,222
1859,2016,222,0,222
1859,2017,222,0,222
1859,2018,222,0,222
1859,2019,222,0,222
1860,1998,0,223,223
1860,1999,0,223,223
1860,2000,0,223,223
1860,2001,0,223,223
1860,2002,0,223,223
1860,2003,0,223,223
1860,2004,0,223,223
1860,2005,0,223,223
1860,2006,0,223,223
1860,2007,0,223,223
1860,2008,0,223,223
1860,2009,0,223,223
1860,2010,0,223,223
1860,2011,0,223,223
1860,2012,0,223,223
1860,2013,0,223,223
1860,2014,0,223,223
1860,2015,0,223,223
1860,2016,0,223,223
1860,2017,0,223,223
1860,2018,0,223,223
1860,2019,0,223,223
1861,1998,0,223,223
1861,1999,0,223,223
1861,2000,0,223,223
1861,2001,0,223,223
1861,2002,0,223,223
1861,2003,0,223,223
1861,2004,0,223,223
1861,2005,0,223,223
1861,2006,0,223,223
1861,2007,0,223,223
1861,2008,0,223,223
1861,2009,0,223,223
1861,2010,0,223,223
1861,2011,0,223,223
1861,2012,0,223,223
1861,2013,0,223,223
1861,2014,0,223,223
1861,2015,0,223,223
1861,2016,0,223,223
1861,2017,0,223,223
1861,2018,0,223,223
1861,2019,0,223,223
1862,1998,0,222,222
1862,1999,0,222,222
1862,2000,0,222,222
1862,2001,0,222,222
1862,2002,0,222,222
1862,2003,0,222,222
1862,2004,0,222,222
1862,2005,0,222,222
1862,2006,0,222,222
1862,2007,0,222,222
1862,2008,0,222,222
1862,2009,0,222,222
1862,2010,0,222,222
1862,2011,0,222,222
1862,2012,0,222,222
1862,2013,0,222,222
1862,2014,0,222,222
1862,2015,0,222,222
1862,2016,0,222,222
1862,2017,0,222,222
1862,2018,0,222,222
1862,2019,0,222,222
1863,2014,222,0,222
1863,2015,222,0,222
1863,2016,222,0,222
1863,2017,222,0,222
1863,2018,222,0,222
1863,2019,222,0,222
1864,1998,0,222,222
1864,1999,0,222,222
1864,2000,0,222,222
1864,2001,0,222,222
1864,2002,0,222,222
1864,2003,0,222,222
1864,2004,0,222,222
1864,2005,0,222,222
1864,2006,0,222,222
1864,2007,0,222,222
1864,2008,0,222,222
1864,2009,0,222,222
1864,2010,0,222,222
1864,2011,0,222,222
1864,2012,0,222,222
1864,2013,0,222,222
1864,2014,0,222,222
1864,2015,0,222,222
1864,2016,0,222,222
1864,2017,0,222,222
1864,2018,0,222,222
1864,2019,0,222,222
1865,1998,221,0,221
1865,1999,221,0,221
1865,2000,221,0,221
1865,2001,221,0,221
1865,2002,221,0,221
1865,2003,221,0,221
1865,2004,221,0,221
1865,2005,221,0,221
1865,2006,221,0,221
1865,2007,221,0,221
1865,2008,221,0,221
1865,2009,221,0,221
1865,2010,209,0,209
1865,2011,209,0,209
1865,2012,209,0,209
1865,2013,209,0,209
1865,2014,209,0,209
1865,2015,209,0,209
1865,2016,209,0,209
1865,2017,222,0,222
1865,2018,222,0,222
1866,1998,0,209,209
1866,1999,0,209,209
1866,2000,0,209,209
1866,2001,0,209,209
1866,2002,0,222,222
1866,2003,0,222,222
1866,2004,0,222,222
1866,2005,0,222,222
1867,1998,221,0,221
1867,1999,221,0,221
1867,2000,221,0,221
1867,2001,221,0,221
1867,2002,221,0,221
1867,2003,221,0,221
1867,2004,221,0,221
1867,2005,221,0,221
1867,2006,221,0,221
1867,2007,221,0,221
1867,2008,221,0,221
1867,2009,221,0,221
1867,2010,221,0,221
1867,2011,221,0,221
1867,2012,221,0,221
1867,2013,221,0,221
1867,2014,221,0,221
1867,2015,221,0,221
1867,2016,221,0,221
1867,2017,221,0,221
1867,2018,221,0,221
1867,2019,221,0,221
1868,1998,220,0,220
1868,1999,220,0,220
1868,2000,220,0,220
1868,2001,220,0,220
1868,2002,220,0,220
1868,2003,220,0,220
1868,2004,220,0,220
1868,2005,220,0,220
1868,2006,220,0,220
1868,2007,220,0,220
1868,2008,220,0,220
1868,2009,220,0,220
1868,2010,220,0,220
1868,2011,220,0,220
1868,2012,220,0,220
1868,2013,220,0,220
1868,2014,220,0,220
1868,2015,220,0,220
1868,2016,220,0,220
1868,2017,220,0,220
1868,2018,220,0,220
1868,2019,220,0,220
1869,2011,220,0,220
1869,2012,220,0,220
1869,2013,220,0,220
1869,2014,220,0,220
1869,2015,220,0,220
1869,2016,220,0,220
1869,2017,220,0,220
1869,2018,220,0,220
1869,2019,220,0,220
1870,1998,219,0,219
1870,1999,219,0,219
1870,2000,219,0,219
1870,2001,219,0,219
1870,2002,219,0,219
1870,2003,219,0,219
1870,2004,219,0,219
1870,2005,219,0,219
1870,2006,219,0,219
1870,2007,219,0,219
1870,2008,219,0,219
1870,2009,219,0,219
1870,2010,219,0,219
1870,2011,219,0,219
1870,2012,219,0,219
1870,2013,219,0,219
1870,2014,219,0,219
1870,2015,219,0,219
1870,2016,219,0,219
1870,2017,219,0,219
1870,2018,219,0,219
1870,2019,219,0,219
1871,1998,219,0,219
1871,1999,219,0,219
1871,2000,219,0,219
1871,2001,219,0,219
1871,2002,219,0,219
1871,2003,219,0,219
1871,2004,219,0,219
1871,2005,219,0,219
1871,2006,219,0,219
1871,2007,219,0,219
1871,2008,219,0,219
1871,2009,219,0,219
1871,2010,219,0,219
1871,2011,219,0,219
1871,2012,219,0,219
1871,2013,219,0,219
1871,2014,219,0,219
1871,2015,219,0,219
1871,2016,219,0,219
1871,2017,219,0,219
1871,2018,219,0,219
1871,2019,219,0,219
1872,1998,0,219,219
1872,1999,0,219,219
1872,2000,0,219,219
1872,2001,0,219,219
1872,2002,0,219,219
1872,2003,0,219,219
1872,2004,0,219,219
1872,2005,0,219,219
1872,2006,0,219,219
1872,2007,0,219,219
1872,2008,0,219,219
1872,2009,0,219,219
1872,2010,0,219,219
1872,2011,0,219,219
1872,2012,0,219,219
1872,2013,0,219,219
1872,2014,0,219,219
1872,2015,0,219,219
1872,2016,0,219,219
1872,2017,0,219,219
1872,2018,0,219,219
1872,2019,0,219,219
1873,2005,0,219,219
1873,2006,0,219,219
1873,2007,0,219,219
1873,2008,0,219,219
1873,2009,0,219,219
1873,2010,0,219,219
1873,2011,0,219,219
1873,2012,0,219,219
1873,2013,0,219,219
1873,2014,0,219,219
1873,2015,0,219,219
1873,2016,0,219,219
1873,2017,0,219,219
1873,2018,0,219,219
1873,2019,0,219,219
1874,1998,0,219,219
1874,1999,0,219,219
1874,2000,0,219,219
1874,2001,0,219,219
1874,2002,0,219,219
1874,2003,0,219,219
1874,2004,0,219,219
1874,2005,0,219,219
1874,2006,0,219,219
1874,2007,0,219,219
1874,2008,0,219,219
1874,2009,0,219,219
1874,2010,0,219,219
1874,2011,0,147,147
1875,1998,219,0,219
1875,1999,219,0,219
1875,2000,219,0,219
1875,2001,219,0,219
1875,2002,219,0,219
1875,2003,219,0,219
1875,2004,219,0,219
1875,2005,219,0,219
1876,1998,218,0,218
1876,1999,218,0,218
1876,2000,218,0,218
1876,2001,218,0,218
1876,2002,218,0,218
1876,2003,218,0,218
1876,2004,218,0,218
1876,2005,218,0,218
1876,2006,218,0,218
1876,2007,218,0,218
1876,2008,218,0,218
1876,2009,218,0,218
1876,2010,218,0,218
1876,2011,218,0,218
1876,2012,218,0,218
1876,2013,218,0,218
1876,2014,218,0,218
1876,2015,218,0,218
1876,2016,218,0,218
1876,2017,218,0,218
1876,2018,218,0,218
1876,2019,218,0,218
1877,2001,218,0,218
1877,2002,218,0,218
1878,2007,217,0,217
1878,2008,217,0,217
1878,2009,217,0,217
1878,2010,217,0,217
1878,2011,217,0,217
1878,2012,217,0,217
1878,2013,217,0,217
1878,2014,217,0,217
1878,2015,217,0,217
1878,2016,217,0,217
1878,2017,217,0,217
1878,2018,217,0,217
1878,2019,217,0,217
1879,2019,0,217,217
1880,1998,216,0,216
1880,1999,216,0,216
1880,2000,216,0,216
1880,2001,216,0,216
1880,2002,216,0,216
1880,2003,216,0,216
1880,2004,216,0,216
1880,2005,216,0,216
1880,2006,216,0,216
1880,2007,216,0,216
1880,2008,216,0,216
1880,2009,216,0,216
1880,2010,216,0,216
1880,2011,216,0,216
1880,2012,216,0,216
1880,2013,216,0,216
1880,2014,216,0,216
1880,2015,216,0,216
1880,2016,216,0,216
1880,2017,216,0,216
1880,2018,216,0,216
1880,2019,216,0,216
1881,1998,216,0,216
1881,1999,216,0,216
1881,2000,216,0,216
1881,2001,216,0,216
1881,2002,216,0,216
1881,2003,216,0,216
1881,2004,216,0,216
1881,2005,216,0,216
1881,2006,216,0,216
1881,2007,216,0,216
1881,2008,216,0,216
1881,2009,216,0,216
1881,2010,216,0,216
1881,2011,216,0,216
1881,2012,216,0,216
1881,2013,216,0,216
1881,2014,216,0,216
1881,2015,216,0,216
1881,2016,216,0,216
1881,2017,216,0,216
1881,2018,216,0,216
1881,2019,216,0,216
1882,2003,0,216,216
1882,2004,0,216,216
1882,2005,0,216,216
1882,2006,0,216,216
1882,2007,0,216,216
1882,2008,0,216,216
1882,2009,0,216,216
1882,2010,0,216,216
1883,2002,0,216,216
1883,2003,0,216,216
1883,2004,0,216,216
1883,2005,0,216,216
1884,2002,0,216,216
1884,2003,0,216,216
1884,2004,0,216,216
1884,2005,0,216,216
1885,1998,215,0,215
1885,1999,215,0,215
1885,2000,215,0,215
1885,2001,215,0,215
1885,2002,215,0,215
1885,2003,215,0,215
1885,2004,215,0,215
1885,2005,215,0,215
1885,2006,215,0,215
1885,2007,215,0,215
1885,2008,215,0,215
1885,2009,215,0,215
1885,2010,215,0,215
1885,2011,215,0,215
1885,2012,215,0,215
1885,2013,215,0,215
1885,2014,215,0,215
1885,2015,215,0,215
1885,2016,215,0,215
1885,2017,215,0,215
1885,2018,215,0,215
1885,2019,215,0,215
1886,1998,213,0,213
1886,1999,213,0,213
1886,2000,213,0,213
1886,2001,213,0,213
1886,2002,213,0,213
1886,2003,213,0,213
1886,2004,213,0,213
1886,2005,213,0,213
1886,2006,215,0,215
1886,2007,215,0,215
1886,2008,215,0,215
1886,2009,215,0,215
1886,2010,215,0,215
1886,2011,215,0,215
1886,2012,215,0,215
1886,2013,215,0,215
1886,2014,215,0,215
1886,2015,215,0,215
1886,2016,215,0,215
1886,2017,215,0,215
1886,2018,215,0,215
1886,2019,215,0,215
1887,2010,214,0,214
1887,2011,214,0,214
1887,2012,214,0,214
1887,2013,214,0,214
1887,2014,214,0,214
1887,2015,214,0,214
1887,2016,214,0,214
1887,2017,214,0,214
1887,2018,214,0,214
1887,2019,214,0,214
1888,2000,214,0,214
1888,2001,214,0,214
1888,2002,214,0,214
1888,2003,214,0,214
1888,2004,214,0,214
1888,2005,214,0,214
1888,2006,214,0,214
1888,2007,214,0,214
1888,2008,214,0,214
1888,2009,214,0,214
1888,2010,214,0,214
1888,2011,214,0,214
1888,2012,214,0,214
1888,2013,214,0,214
1888,2014,214,0,214
1888,2015,214,0,214
1888,2016,214,0,214
1888,2017,214,0,214
1888,2018,214,0,214
1888,2019,214,0,214
1889,1998,214,0,214
1889,1999,214,0,214
1889,2000,214,0,214
1889,2001,214,0,214
1890,1998,213,0,213
1890,1999,213,0,213
1890,2000,213,0,213
1890,2001,213,0,213
1890,2002,213,0,213
1890,2003,213,0,213
1890,2004,213,0,213
1890,2005,213,0,213
1890,2006,213,0,213
1890,2007,213,0,213
1890,2008,213,0,213
1890,2009,213,0,213
1890,2010,213,0,213
1890,2011,213,0,213
1890,2012,213,0,213
1890,2013,213,0,213
1890,2014,213,0,213
1890,2015,213,0,213
1890,2016,213,0,213
1890,2017,213,0,213
1890,2018,213,0,213
1890,2019,213,0,213
1891,1998,213,0,213
1891,1999,213,0,213
1891,2000,213,0,213
1891,2001,213,0,213
1891,2002,213,0,213
1891,2003,213,0,213
1891,2004,213,0,213
1891,2005,213,0,213
1891,2006,213,0,213
1891,2007,213,0,213
1891,2008,213,0,213
1891,2009,213,0,213
1891,2010,213,0,213
1891,2011,213,0,213
1891,2012,213,0,213
1891,2013,213,0,213
1891,2014,213,0,213
1891,2015,213,0,213
1891,2016,213,0,213
1891,2017,213,0,213
1891,2018,213,0,213
1891,2019,213,0,213
1892,2002,0,212,212
1892,2003,0,212,212
1892,2004,0,212,212
1892,2005,0,212,212
1893,1998,0,211,211
1893,1999,0,211,211
1893,2000,0,211,211
1893,2001,0,211,211
1893,2002,0,210,210
1893,2003,0,210,210
1893,2004,0,210,210
1893,2005,0,210,210
1893,2006,0,210,210
1893,2007,0,210,210
1893,2008,0,210,210
1893,2009,0,210,210
1893,2010,0,210,210
1893,2011,0,210,210
1893,2012,0,210,210
1893,2013,0,210,210
1893,2014,0,210,210
1893,2015,0,210,210
1893,2016,0,210,210
1893,2017,0,210,210
1893,2018,0,210,210
1893,2019,0,210,210
1894,1998,0,211,211
1894,1999,0,211,211
1894,2000,0,211,211
1894,2001,0,211,211
1894,2002,0,211,211
1894,2003,0,211,211
1894,2004,0,211,211
1894,2005,0,211,211
1895,1998,211,0,211
1895,1999,211,0,211
1895,2000,211,0,211
1896,1998,210,0,210
1896,1999,210,0,210
1896,2000,210,0,210
1896,2001,210,0,210
1896,2002,210,0,210
1896,2003,210,0,210
1896,2004,210,0,210
1896,2005,210,0,210
1896,2006,210,0,210
1896,2007,210,0,210
1896,2008,210,0,210
1896,2009,210,0,210
1896,2010,210,0,210
1896,2011,210,0,210
1896,2012,210,0,210
1896,2013,210,0,210
1896,2014,210,0,210
1896,2015,210,0,210
1896,2016,210,0,210
1896,2017,210,0,210
1896,2018,210,0,210
1896,2019,210,0,210
1897,2013,0,210,210
1897,2014,0,210,210
1897,2015,0,210,210
1897,2016,0,210,210
1897,2017,0,210,210
1897,2018,0,210,210
1897,2019,0,210,210
1898,1998,0,210,210
1898,1999,0,210,210
1898,2000,0,210,210
1898,2001,0,210,210
1898,2002,0,210,210
1898,2003,0,210,210
1898,2004,0,210,210
1898,2005,0,210,210
1898,2006,0,210,210
1898,2007,0,210,210
1899,1998,0,210,210
1899,1999,0,210,210
1899,2000,0,210,210
1899,2001,0,210,210
1899,2002,0,210,210
1899,2003,0,210,210
1899,2004,0,210,210
1899,2005,0,210,210
1900,1998,0,210,210
1900,1999,0,210,210
1900,2000,0,210,210
1900,2001,0,210,210
1900,2002,0,210,210
1900,2003,0,210,210
1900,2004,0,210,210
1900,2005,0,210,210
1901,1998,0,210,210
1902,1998,117,0,117
1902,1999,117,0,117
1902,2000,117,0,117
1902,2001,117,0,117
1902,2002,209,0,209
1902,2003,209,0,209
1902,2004,209,0,209
1902,2005,209,0,209
1902,2006,209,0,209
1902,2007,209,0,209
1902,2008,209,0,209
1902,2009,209,0,209
1902,2010,209,0,209
1902,2011,209,0,209
1902,2012,209,0,209
1902,2013,209,0,209
1902,2014,209,0,209
1902,2015,101,0,101
1902,2016,101,0,101
1902,2017,101,0,101
1902,2018,101,0,101
1902,2019,101,0,101
1903,2002,0,209,209
1903,2003,0,209,209
1903,2004,0,209,209
1903,2005,0,209,209
1903,2006,0,209,209
1903,2007,0,209,209
1903,2008,0,209,209
1903,2009,0,209,209
1903,2010,0,209,209
1903,2011,0,209,209
1903,2012,0,209,209
1903,2013,0,209,209
1903,2014,0,209,209
1903,2015,0,209,209
1903,2016,0,209,209
1903,2017,0,209,209
1903,2018,0,209,209
1903,2019,0,209,209
1904,1998,209,0,209
1904,1999,209,0,209
1904,2000,193,0,193
1904,2001,172,0,172
1904,2002,172,0,172
1905,2001,0,209,209
1906,2002,0,208,208
1906,2003,0,208,208
1906,2004,0,208,208
1906,2005,0,208,208
1906,2006,0,208,208
1906,2007,0,208,208
1906,2008,0,208,208
1906,2009,0,208,208
1906,2010,0,208,208
1906,2011,0,208,208
1906,2012,0,208,208
1906,2013,0,208,208
1906,2014,0,208,208
1906,2015,0,208,208
1906,2016,0,208,208
1906,2017,0,208,208
1906,2018,0,208,208
1906,2019,0,208,208
1907,1998,0,208,208
1907,1999,0,208,208
1907,2000,0,208,208
1907,2001,0,208,208
1907,2002,0,208,208
1907,2003,0,208,208
1907,2004,0,208,208
1907,2005,0,208,208
1907,2006,0,208,208
1907,2007,0,208,208
1907,2008,0,208,208
1907,2009,0,208,208
1907,2010,0,208,208
1907,2011,0,208,208
1907,2012,0,208,208
1907,2013,0,208,208
1907,2014,0,208,208
1907,2015,0,208,208
1907,2016,0,208,208
1907,2017,0,208,208
1907,2018,0,208,208
1907,2019,0,208,208
1908,1998,0,208,208
1908,1999,0,208,208
1908,2000,0,208,208
1908,2001,0,208,208
1908,2002,0,208,208
1908,2003,0,208,208
1908,2004,0,208,208
1908,2005,0,208,208
1909,1998,0,208,208
1909,1999,0,208,208
1909,2000,0,208,208
1909,2001,0,208,208
1909,2002,0,208,208
1909,2003,0,208,208
1910,2010,207,0,207
1910,2011,207,0,207
1910,2012,207,0,207
1910,2013,207,0,207
1910,2014,207,0,207
1910,2015,207,0,207
1910,2016,207,0,207
1910,2017,207,0,207
1910,2018,207,0,207
1910,2019,207,0,207
1911,2002,0,207,207
1911,2003,0,207,207
1911,2004,0,207,207
1911,2005,0,207,207
1911,2006,0,207,207
1911,2007,0,207,207
1911,2008,0,207,207
1911,2009,0,207,207
1911,2010,0,207,207
1911,2011,0,207,207
1911,2012,0,207,207
1911,2013,0,207,207
1911,2014,0,207,207
1911,2015,0,207,207
1911,2016,0,207,207
1911,2017,0,207,207
1911,2018,0,207,207
1911,2019,0,207,207
1912,2011,0,207,207
1912,2012,0,207,207
1912,2013,0,207,207
1913,2004,207,0,207
1913,2005,207,0,207
1914,1998,0,206,206
1914,1999,0,206,206
1914,2000,0,206,206
1914,2001,0,206,206
1914,2002,0,206,206
1914,2003,0,206,206
1914,2004,0,206,206
1914,2005,0,206,206
1914,2006,0,206,206
1914,2007,0,206,206
1914,2008,0,206,206
1914,2009,0,206,206
1914,2010,0,206,206
1914,2011,0,206,206
1914,2012,0,206,206
1914,2013,0,206,206
1914,2014,0,206,206
1914,2015,0,206,206
1914,2016,0,206,206
1914,2017,0,206,206
1914,2018,0,206,206
1914,2019,0,206,206
1915,2012,0,206,206
1916,1998,0,206,206
1916,1999,0,206,206
1916,2000,0,206,206
1916,2001,0,206,206
1916,2002,0,206,206
1916,2003,0,206,206
1916,2004,0,206,206
1916,2005,0,206,206
1917,1998,205,0,205
1917,1999,205,0,205
1917,2000,205,0,205
1917,2001,205,0,205
1917,2002,205,0,205
1917,2003,205,0,205
1917,2004,205,0,205
1917,2005,205,0,205
1917,2006,205,0,205
1917,2007,205,0,205
1917,2008,205,0,205
1917,2009,205,0,205
1917,2010,205,0,205
1917,2011,205,0,205
1917,2012,205,0,205
1917,2013,205,0,205
1917,2014,205,0,205
1917,2015,205,0,205
1917,2016,205,0,205
1917,2017,205,0,205
1917,2018,205,0,205
1917,2019,205,0,205
1918,1998,205,0,205
1918,1999,205,0,205
1918,2000,205,0,205
1918,2001,205,0,205
1918,2002,205,0,205
1918,2003,205,0,205
1918,2004,205,0,205
1918,2005,205,0,205
1918,2006,205,0,205
1918,2007,205,0,205
1918,2008,205,0,205
1918,2009,205,0,205
1918,2010,205,0,205
1918,2011,205,0,205
1918,2012,205,0,205
1918,2013,205,0,205
1918,2014,205,0,205
1918,2015,205,0,205
1918,2016,205,0,205
1918,2017,205,0,205
1918,2018,205,0,205
1918,2019,205,0,205
1919,2007,0,205,205
1919,2008,0,205,205
1919,2009,0,205,205
1919,2010,0,205,205
1919,2011,0,205,205
1919,2012,0,205,205
1920,1998,197,0,197
1920,1999,197,0,197
1920,2000,197,0,197
1920,2001,205,0,205
1920,2002,205,0,205
1920,2003,205,0,205
1920,2004,205,0,205
1920,2005,205,0,205
1920,2006,205,0,205
1920,2007,205,0,205
1921,1998,205,0,205
1921,1999,205,0,205
1921,2000,205,0,205
1921,2001,205,0,205
1921,2002,205,0,205
1921,2003,205,0,205
1921,2004,205,0,205
1921,2005,205,0,205
1922,1998,205,0,205
1922,1999,205,0,205
1922,2000,205,0,205
1922,2001,202,0,202
1922,2002,202,0,202
1922,2003,202,0,202
1923,2018,204,0,204
1923,2019,204,0,204
1924,1998,0,204,204
1924,1999,0,204,204
1924,2000,0,204,204
1924,2001,0,204,204
1924,2002,0,204,204
1924,2003,0,204,204
1924,2004,0,204,204
1924,2005,0,204,204
1924,2006,0,204,204
1925,2014,0,203,203
1925,2015,0,203,203
1926,2005,0,202,202
1926,2006,0,202,202
1926,2007,0,202,202
1926,2008,0,202,202
1926,2009,0,202,202
1926,2010,0,202,202
1926,2011,0,202,202
1926,2012,0,202,202
1926,2013,0,202,202
1926,2014,0,202,202
1926,2015,0,202,202
1926,2016,0,202,202
1926,2017,0,202,202
1926,2018,0,202,202
1926,2019,0,202,202
1927,1998,147,55,202
1927,1999,147,55,202
1927,2000,147,55,202
1927,2001,147,55,202
1927,2002,147,55,202
1927,2003,147,55,202
1927,2004,147,55,202
1927,2005,147,55,202
1927,2006,147,55,202
1927,2007,147,55,202
1927,2008,147,55,202
1927,2009,147,55,202
1927,2010,156,0,156
1927,2011,156,0,156
1927,2012,156,0,156
1927,2013,156,0,156
1927,2014,156,0,156
1927,2015,156,0,156
1927,2016,156,0,156
1927,2017,156,0,156
1927,2018,156,0,156
1927,2019,156,0,156
1928,1998,202,0,202
1928,1999,202,0,202
1928,2000,202,0,202
1928,2001,202,0,202
1928,2002,130,0,130
1928,2003,130,0,130
1928,2004,130,0,130
1928,2005,130,0,130
1928,2006,130,0,130
1928,2007,130,0,130
1928,2008,130,0,130
1928,2009,130,0,130
1928,2010,130,0,130
1928,2011,130,0,130
1928,2012,130,0,130
1928,2013,130,0,130
1928,2014,130,0,130
1928,2015,130,0,130
1928,2016,130,0,130
1928,2017,130,0,130
1928,2018,130,0,130
1928,2019,130,0,130
1929,1998,202,0,202
1929,1999,202,0,202
1929,2000,202,0,202
1929,2001,202,0,202
1929,2002,202,0,202
1929,2003,202,0,202
1929,2004,202,0,202
1929,2005,202,0,202
1930,1998,0,201,201
1930,1999,0,201,201
1930,2000,0,201,201
1930,2001,0,201,201
1930,2002,0,201,201
1930,2003,0,201,201
1930,2004,0,201,201
1930,2005,0,201,201
1930,2006,0,201,201
1930,2007,0,201,201
1930,2008,0,201,201
1930,2009,0,201,201
1930,2010,0,201,201
1930,2011,0,201,201
1930,2012,0,201,201
1930,2013,0,201,201
1930,2014,0,201,201
1930,2015,0,201,201
1930,2016,0,201,201
1930,2017,0,201,201
1930,2018,0,201,201
1930,2019,0,201,201
1931,2007,0,201,201
1931,2008,0,201,201
1931,2009,0,201,201
1931,2010,0,201,201
1931,2011,0,201,201
1931,2012,0,201,201
1931,2013,0,201,201
1931,2014,0,201,201
1931,2015,0,201,201
1931,2016,0,201,201
1931,2017,0,201,201
1931,2018,0,201,201
1931,2019,0,201,201
1932,1998,0,201,201
1932,1999,0,201,201
1932,2000,0,201,201
1932,2001,0,201,201
1932,2002,0,201,201
1932,2003,0,201,201
1932,2004,0,201,201
1932,2005,0,201,201
1933,1998,0,201,201
1933,1999,0,201,201
1934,1998,200,0,200
1934,1999,200,0,200
1934,2000,200,0,200
1934,2001,200,0,200
1934,2002,200,0,200
1934,2003,200,0,200
1934,2004,200,0,200
1934,2005,200,0,200
1934,2006,200,0,200
1934,2007,200,0,200
1934,2008,200,0,200
1934,2009,200,0,200
1934,2010,200,0,200
1934,2011,200,0,200
1934,2012,200,0,200
1934,2013,200,0,200
1934,2014,200,0,200
1934,2015,200,0,200
1934,2016,200,0,200
1934,2017,200,0,200
1934,2018,200,0,200
1934,2019,200,0,200
1935,1998,200,0,200
1935,1999,200,0,200
1935,2000,200,0,200
1935,2001,200,0,200
1935,2002,200,0,200
1935,2003,200,0,200
1935,2004,200,0,200
1935,2005,200,0,200
1935,2006,200,0,200
1935,2007,200,0,200
1935,2008,200,0,200
1935,2009,200,0,200
1935,2010,200,0,200
1935,2011,200,0,200
1935,2012,200,0,200
1935,2013,200,0,200
1935,2014,200,0,200
1935,2015,200,0,200
1935,2016,200,0,200
1935,2017,200,0,200
1935,2018,200,0,200
1935,2019,200,0,200
1936,1998,200,0,200
1936,1999,200,0,200
1936,2000,200,0,200
1936,2001,200,0,200
1936,2002,200,0,200
1936,2003,200,0,200
1936,2004,200,0,200
1936,2005,200,0,200
1936,2006,200,0,200
1936,2007,200,0,200
1936,2008,200,0,200
1936,2009,200,0,200
1936,2010,200,0,200
1936,2011,200,0,200
1936,2012,200,0,200
1936,2013,200,0,200
1936,2014,200,0,200
1936,2015,200,0,200
1936,2016,200,0,200
1936,2017,200,0,200
1936,2018,200,0,200
1936,2019,200,0,200
1937,1998,200,0,200
1937,1999,200,0,200
1937,2000,200,0,200
1937,2001,200,0,200
1937,2002,200,0,200
1937,2003,200,0,200
1937,2004,200,0,200
1937,2005,200,0,200
1937,2006,200,0,200
1937,2007,200,0,200
1937,2008,200,0,200
1937,2009,200,0,200
1937,2010,200,0,200
1937,2011,200,0,200
1937,2012,200,0,200
1937,2013,200,0,200
1937,2014,200,0,200
1937,2015,200,0,200
1937,2016,200,0,200
1937,2017,200,0,200
1937,2018,200,0,200
1937,2019,200,0,200
1938,2003,0,200,200
1938,2004,0,200,200
1938,2005,0,200,200
1939,2008,199,0,199
1939,2009,199,0,199
1939,2010,199,0,199
1939,2011,199,0,199
1939,2012,199,0,199
1939,2013,199,0,199
1939,2014,199,0,199
1939,2015,199,0,199
1939,2016,199,0,199
1939,2017,199,0,199
1939,2018,199,0,199
1939,2019,199,0,199
1940,1998,199,0,199
1940,1999,199,0,199
1940,2000,199,0,199
1940,2001,199,0,199
1940,2002,199,0,199
1940,2003,199,0,199
1940,2004,199,0,199
1940,2005,199,0,199
1940,2006,199,0,199
1940,2007,199,0,199
1940,2008,199,0,199
1940,2009,199,0,199
1940,2010,199,0,199
1940,2011,199,0,199
1940,2012,199,0,199
1940,2013,199,0,199
1940,2014,199,0,199
1940,2015,199,0,199
1940,2016,199,0,199
1940,2017,199,0,199
1940,2018,199,0,199
1940,2019,199,0,199
1941,2003,0,199,199
1941,2004,0,199,199
1941,2005,0,199,199
1941,2006,0,199,199
1941,2007,0,199,199
1941,2008,0,199,199
1941,2009,0,199,199
1941,2010,0,199,199
1941,2011,0,199,199
1941,2012,0,199,199
1941,2013,0,199,199
1941,2014,0,199,199
1941,2015,0,199,199
1941,2016,0,199,199
1941,2017,0,199,199
1941,2018,0,199,199
1941,2019,0,199,199
1942,1998,199,0,199
1942,1999,199,0,199
1942,2000,199,0,199
1942,2001,199,0,199
1942,2002,199,0,199
1942,2003,199,0,199
1942,2004,199,0,199
1942,2005,199,0,199
1942,2006,199,0,199
1942,2007,199,0,199
1942,2008,199,0,199
1942,2009,199,0,199
1942,2010,199,0,199
1942,2011,199,0,199
1942,2012,199,0,199
1942,2013,199,0,199
1942,2014,199,0,199
1942,2015,199,0,199
1942,2016,199,0,199
1942,2017,199,0,199
1942,2018,199,0,199
1942,2019,199,0,199
1943,1998,199,0,199
1943,1999,199,0,199
1943,2000,199,0,199
1943,2001,199,0,199
1943,2002,199,0,199
1943,2003,199,0,199
1943,2004,199,0,199
1943,2005,199,0,199
1943,2006,199,0,199
1943,2007,199,0,199
1943,2008,199,0,199
1944,1998,199,0,199
1944,1999,199,0,199
1944,2000,199,0,199
1944,2001,199,0,199
1944,2002,199,0,199
1944,2003,199,0,199
1944,2004,199,0,199
1944,2005,199,0,199
1944,2006,199,0,199
1944,2007,199,0,199
1944,2008,199,0,199
1945,1998,0,199,199
1945,1999,0,199,199
1945,2000,0,199,199
1945,2001,0,199,199
1945,2002,0,199,199
1945,2003,0,199,199
1945,2004,0,199,199
1945,2005,0,199,199
1946,2002,0,199,199
1946,2003,0,199,199
1946,2004,0,199,199
1947,1998,199,0,199
1947,1999,199,0,199
1947,2000,199,0,199
1947,2001,199,0,199
1948,1998,198,0,198
1948,1999,198,0,198
1948,2000,198,0,198
1948,2001,198,0,198
1948,2002,198,0,198
1948,2003,198,0,198
1948,2004,198,0,198
1948,2005,198,0,198
1949,1998,198,0,198
1949,1999,198,0,198
1949,2000,198,0,198
1950,1998,0,179,179
1950,1999,0,179,179
1950,2000,0,179,179
1950,2001,0,179,179
1950,2002,0,179,179
1950,2003,0,179,179
1950,2004,0,197,197
1950,2005,0,197,197
1950,2006,0,197,197
1950,2007,0,197,197
1951,1998,190,0,190
1951,1999,190,0,190
1951,2000,190,0,190
1951,2001,195,0,195
1951,2002,195,0,195
1951,2003,195,0,195
1951,2004,195,0,195
1951,2005,195,0,195
1951,2006,195,0,195
1951,2007,195,0,195
1951,2008,195,0,195
1951,2009,195,0,195
1951,2010,195,0,195
1951,2011,195,0,195
1951,2012,195,0,195
1951,2013,195,0,195
1951,2014,195,0,195
1951,2015,196,0,196
1951,2016,196,0,196
1951,2017,196,0,196
1951,2018,196,0,196
1951,2019,196,0,196
1952,1998,196,0,196
1952,1999,196,0,196
1952,2000,196,0,196
1952,2001,196,0,196
1952,2002,196,0,196
1952,2003,196,0,196
1952,2004,196,0,196
1952,2005,196,0,196
1952,2006,196,0,196
1952,2007,196,0,196
1952,2008,196,0,196
1952,2009,196,0,196
1952,2010,196,0,196
1952,2011,196,0,196
1952,2012,196,0,196
1952,2013,196,0,196
1952,2014,196,0,196
1952,2015,196,0,196
1952,2016,196,0,196
1952,2017,196,0,196
1952,2018,196,0,196
1952,2019,196,0,196
1953,1998,196,0,196
1953,1999,196,0,196
1953,2000,196,0,196
1953,2001,196,0,196
1953,2002,196,0,196
1953,2003,196,0,196
1953,2004,196,0,196
1953,2005,196,0,196
1953,2006,196,0,196
1953,2007,196,0,196
1953,2008,196,0,196
1953,2009,196,0,196
1953,2010,196,0,196
1953,2011,196,0,196
1953,2012,196,0,196
1953,2013,196,0,196
1953,2014,196,0,196
1953,2015,196,0,196
1953,2016,196,0,196
1953,2017,196,0,196
1953,2018,196,0,196
1953,2019,196,0,196
1954,1998,0,196,196
1954,1999,0,196,196
1954,2000,0,196,196
1954,2001,0,196,196
1954,2002,0,196,196
1954,2003,0,196,196
1954,2004,0,196,196
1954,2005,0,196,196
1954,2006,0,196,196
1955,1999,196,0,196
1955,2000,196,0,196
1955,2001,196,0,196
1955,2002,196,0,196
1955,2003,196,0,196
1955,2004,196,0,196
1955,2005,196,0,196
1956,1998,195,0,195
1956,1999,195,0,195
1956,2000,195,0,195
1956,2001,195,0,195
1956,2002,195,0,195
1956,2003,195,0,195
1956,2004,195,0,195
1956,2005,195,0,195
1956,2006,195,0,195
1956,2007,195,0,195
1956,2008,195,0,195
1956,2009,195,0,195
1956,2010,195,0,195
1956,2011,195,0,195
1956,2012,195,0,195
1956,2013,195,0,195
1956,2014,195,0,195
1956,2015,195,0,195
1956,2016,195,0,195
1956,2017,195,0,195
1956,2018,195,0,195
1956,2019,195,0,195
1957,2002,0,195,195
1957,2003,0,195,195
1957,2004,0,195,195
1957,2005,0,195,195
1957,2006,0,195,195
1958,1998,194,0,194
1958,1999,194,0,194
1958,2000,194,0,194
1958,2001,194,0,194
1958,2002,194,0,194
1958,2003,194,0,194
1958,2004,194,0,194
1958,2005,194,0,194
1958,2006,194,0,194
1958,2007,194,0,194
1958,2008,194,0,194
1958,2009,194,0,194
1958,2010,194,0,194
1958,2011,194,0,194
1958,2012,194,0,194
1958,2013,194,0,194
1958,2014,194,0,194
1958,2015,194,0,194
1958,2016,194,0,194
1958,2017,194,0,194
1958,2018,194,0,194
1958,2019,194,0,194
1959,2001,0,194,194
1959,2002,0,194,194
1959,2003,0,194,194
1959,2004,0,194,194
1959,2005,0,194,194
1959,2006,0,194,194
1959,2007,0,194,194
1959,2008,0,194,194
1959,2009,0,194,194
1959,2010,0,194,194
1960,2005,194,0,194
1960,2006,194,0,194
1961,1998,0,194,194
1961,1999,0,194,194
1961,2000,0,194,194
1961,2001,0,194,194
1961,2002,0,194,194
1961,2003,0,194,194
1961,2004,0,194,194
1961,2005,0,194,194
1962,2002,0,194,194
1962,2003,0,194,194
1962,2004,0,194,194
1962,2005,0,194,194
1963,1998,193,0,193
1963,1999,193,0,193
1963,2000,193,0,193
1963,2001,193,0,193
1963,2002,193,0,193
1963,2003,193,0,193
1963,2004,193,0,193
1963,2005,193,0,193
1963,2006,193,0,193
1963,2007,193,0,193
1963,2008,193,0,193
1963,2009,193,0,193
1964,2003,193,0,193
1965,1998,0,193,193
1965,1999,0,193,193
1965,2000,0,193,193
1965,2001,0,193,193
1966,1998,192,0,192
1966,1999,192,0,192
1966,2000,192,0,192
1966,2001,192,0,192
1966,2002,192,0,192
1966,2003,192,0,192
1966,2004,192,0,192
1966,2005,192,0,192
1966,2006,192,0,192
1966,2007,192,0,192
1967,1998,191,0,191
1967,1999,191,0,191
1967,2000,191,0,191
1967,2001,191,0,191
1967,2002,191,0,191
1967,2003,191,0,191
1967,2004,191,0,191
1967,2005,191,0,191
1967,2006,191,0,191
1967,2007,191,0,191
1967,2008,191,0,191
1967,2009,191,0,191
1967,2010,191,0,191
1967,2011,191,0,191
1967,2012,191,0,191
1967,2013,191,0,191
1967,2014,191,0,191
1967,2015,191,0,191
1967,2016,191,0,191
1967,2017,191,0,191
1967,2018,191,0,191
1967,2019,191,0,191
1968,1998,191,0,191
1968,1999,191,0,191
1968,2000,191,0,191
1968,2001,191,0,191
1968,2002,191,0,191
1968,2003,191,0,191
1968,2004,191,0,191
1968,2005,191,0,191
1968,2006,191,0,191
1968,2007,191,0,191
1968,2008,191,0,191
1968,2009,191,0,191
1968,2010,191,0,191
1968,2011,191,0,191
1968,2012,191,0,191
1968,2013,191,0,191
1968,2014,191,0,191
1968,2015,191,0,191
1968,2016,191,0,191
1968,2017,191,0,191
1968,2018,191,0,191
1968,2019,191,0,191
1969,2002,0,191,191
1969,2003,0,191,191
1969,2004,0,191,191
1969,2005,0,191,191
1970,1998,145,0,145
1970,1999,145,0,145
1970,2000,145,0,145
1970,2001,145,0,145
1970,2002,145,0,145
1970,2003,145,0,145
1970,2004,145,0,145
1970,2005,145,0,145
1970,2006,145,0,145
1970,2007,145,0,145
1970,2008,145,0,145
1970,2009,145,0,145
1970,2010,145,0,145
1970,2011,145,0,145
1970,2012,145,0,145
1970,2013,145,0,145
1970,2014,145,0,145
1970,2015,145,0,145
1970,2016,190,0,190
1970,2017,190,0,190
1970,2018,190,0,190
1970,2019,190,0,190
1971,1998,186,0,186
1971,1999,186,0,186
1971,2000,186,0,186
1971,2001,186,0,186
1971,2002,186,0,186
1971,2003,186,0,186
1971,2004,186,0,186
1971,2005,186,0,186
1971,2006,186,0,186
1971,2007,186,0,186
1971,2008,186,0,186
1971,2009,186,0,186
1971,2010,186,0,186
1971,2011,186,0,186
1971,2012,186,0,186
1971,2013,186,0,186
1971,2014,186,0,186
1971,2015,190,0,190
1971,2016,190,0,190
1971,2017,190,0,190
1971,2018,190,0,190
1971,2019,190,0,190
1972,1998,0,190,190
1972,1999,0,190,190
1972,2000,0,190,190
1972,2001,0,190,190
1972,2002,0,190,190
1972,2003,0,190,190
1972,2004,0,190,190
1972,2005,0,190,190
1972,2006,0,190,190
1972,2007,0,190,190
1972,2008,0,190,190
1972,2009,0,190,190
1972,2010,0,190,190
1972,2011,0,190,190
1972,2012,0,190,190
1972,2013,0,190,190
1972,2014,0,190,190
1972,2015,0,190,190
1972,2016,0,190,190
1972,2017,0,190,190
1972,2018,0,190,190
1972,2019,0,190,190
1973,1998,190,0,190
1973,1999,190,0,190
1973,2000,190,0,190
1973,2001,190,0,190
1973,2002,190,0,190
1973,2003,190,0,190
1973,2004,190,0,190
1973,2005,190,0,190
1973,2006,190,0,190
1973,2007,190,0,190
1973,2008,170,0,170
1973,2009,170,0,170
1973,2010,170,0,170
1973,2011,56,0,56
1974,1998,190,0,190
1974,1999,190,0,190
1974,2000,190,0,190
1974,2001,190,0,190
1974,2002,190,0,190
1974,2003,190,0,190
1974,2004,190,0,190
1974,2005,190,0,190
1974,2006,190,0,190
1975,1998,0,190,190
1975,1999,0,190,190
1975,2000,0,190,190
1975,2001,0,190,190
1975,2002,0,190,190
1975,2003,0,190,190
1975,2004,0,190,190
1975,2005,0,190,190
1976,1998,189,0,189
1976,1999,189,0,189
1976,2000,189,0,189
1976,2001,189,0,189
1976,2002,189,0,189
1976,2003,189,0,189
1976,2004,189,0,189
1976,2005,189,0,189
1976,2006,189,0,189
1976,2007,189,0,189
1976,2008,189,0,189
1976,2009,189,0,189
1976,2010,189,0,189
1976,2011,189,0,189
1976,2012,189,0,189
1976,2013,189,0,189
1976,2014,189,0,189
1976,2015,189,0,189
1976,2016,189,0,189
1976,2017,189,0,189
1976,2018,189,0,189
1976,2019,189,0,189
1977,2015,0,189,189
1977,2016,0,189,189
1977,2017,0,189,189
1977,2018,0,189,189
1977,2019,0,189,189
1978,2009,189,0,189
1978,2010,189,0,189
1978,2011,189,0,189
1978,2012,189,0,189
1978,2013,189,0,189
1978,2014,189,0,189
1978,2015,189,0,189
1978,2016,189,0,189
1978,2017,189,0,189
1978,2018,189,0,189
1978,2019,189,0,189
1979,1998,189,0,189
1979,1999,189,0,189
1979,2000,189,0,189
1979,2001,189,0,189
1979,2002,189,0,189
1979,2003,189,0,189
1979,2004,189,0,189
1979,2005,189,0,189
1979,2006,189,0,189
1979,2007,189,0,189
1979,2008,189,0,189
1979,2009,189,0,189
1979,2010,189,0,189
1979,2011,189,0,189
1979,2012,189,0,189
1979,2013,189,0,189
1979,2014,189,0,189
1979,2015,189,0,189
1979,2016,189,0,189
1979,2017,189,0,189
1979,2018,189,0,189
1979,2019,189,0,189
1980,1998,189,0,189
1980,1999,189,0,189
1980,2000,189,0,189
1980,2001,189,0,189
1980,2002,189,0,189
1980,2003,189,0,189
1980,2004,189,0,189
1980,2005,189,0,189
1980,2006,189,0,189
1980,2007,189,0,189
1980,2008,189,0,189
1980,2009,189,0,189
1980,2010,189,0,189
1980,2011,189,0,189
1980,2012,189,0,189
1980,2013,189,0,189
1980,2014,189,0,189
1980,2015,189,0,189
1980,2016,189,0,189
1980,2017,189,0,189
1980,2018,189,0,189
1980,2019,189,0,189
1981,1998,189,0,189
1981,1999,189,0,189
1981,2000,189,0,189
1981,2001,189,0,189
1981,2002,189,0,189
1981,2003,189,0,189
1981,2004,189,0,189
1981,2005,189,0,189
1981,2006,189,0,189
1981,2007,189,0,189
1981,2008,189,0,189
1981,2009,189,0,189
1981,2010,189,0,189
1981,2011,189,0,189
1981,2012,189,0,189
1981,2013,189,0,189
1981,2014,189,0,189
1981,2015,189,0,189
1981,2016,189,0,189
1981,2017,189,0,189
1981,2018,189,0,189
1981,2019,189,0,189
1982,2002,0,189,189
1982,2003,0,189,189
1982,2004,0,189,189
1982,2005,0,189,189
1983,1998,189,0,189
1983,1999,189,0,189
1983,2000,189,0,189
1983,2001,189,0,189
1983,2002,189,0,189
1983,2003,189,0,189
1983,2004,189,0,189
1983,2005,189,0,189
1984,2001,0,189,189
1984,2002,0,189,189
1984,2003,0,189,189
1985,2012,188,0,188
1985,2013,188,0,188
1985,2014,188,0,188
1985,2015,188,0,188
1985,2016,188,0,188
1985,2017,188,0,188
1985,2018,188,0,188
1985,2019,188,0,188
1986,2008,0,188,188
1987,1998,187,0,187
1987,1999,187,0,187
1987,2000,187,0,187
1987,2001,187,0,187
1987,2002,187,0,187
1987,2003,187,0,187
1987,2004,187,0,187
1987,2005,187,0,187
1987,2006,187,0,187
1987,2007,187,0,187
1987,2008,187,0,187
1987,2009,187,0,187
1987,2010,187,0,187
1987,2011,187,0,187
1987,2012,187,0,187
1987,2013,187,0,187
1987,2014,187,0,187
1987,2015,187,0,187
1987,2016,187,0,187
1987,2017,187,0,187
1987,2018,187,0,187
1987,2019,187,0,187
1988,2015,0,187,187
1989,1998,0,187,187
1989,1999,0,187,187
1989,2000,0,187,187
1989,2001,0,187,187
1989,2002,0,187,187
1989,2003,0,187,187
1989,2004,0,187,187
1989,2005,0,187,187
1990,1998,0,187,187
1990,1999,0,187,187
1990,2000,0,187,187
1990,2001,0,187,187
1990,2002,0,187,187
1990,2003,0,187,187
1990,2004,0,187,187
1991,1998,0,186,186
1991,1999,0,186,186
1991,2000,0,186,186
1991,2001,0,186,186
1991,2002,0,186,186
1991,2003,0,186,186
1991,2004,0,186,186
1991,2005,0,186,186
1991,2006,0,186,186
1991,2007,0,186,186
1991,2008,0,186,186
1991,2009,0,186,186
1991,2010,0,186,186
1991,2011,0,186,186
1991,2012,0,186,186
1991,2013,0,186,186
1991,2014,0,186,186
1991,2015,0,186,186
1991,2016,0,186,186
1991,2017,0,186,186
1991,2018,0,186,186
1991,2019,0,186,186
1992,1998,180,0,180
1992,1999,180,0,180
1992,2000,180,0,180
1992,2001,186,0,186
1992,2002,186,0,186
1992,2003,186,0,186
1992,2004,186,0,186
1992,2005,186,0,186
1992,2006,186,0,186
1992,2007,186,0,186
1992,2008,186,0,186
1993,2005,0,186,186
1993,2006,0,186,186
1993,2007,0,186,186
1994,2004,186,0,186
1994,2005,186,0,186
1994,2006,186,0,186
1994,2007,186,0,186
1995,2005,0,186,186
1996,2004,0,185,185
1996,2005,0,185,185
1996,2006,0,185,185
1996,2007,0,185,185
1996,2008,0,185,185
1996,2009,0,185,185
1996,2010,0,185,185
1996,2011,0,185,185
1996,2012,0,185,185
1996,2013,0,185,185
1996,2014,0,185,185
1996,2015,0,185,185
1996,2016,0,185,185
1996,2017,0,185,185
1996,2018,0,185,185
1996,2019,0,185,185
1997,1998,185,0,185
1997,1999,185,0,185
1997,2000,185,0,185
1997,2001,185,0,185
1997,2002,185,0,185
1997,2003,185,0,185
1997,2004,185,0,185
1997,2005,185,0,185
1997,2006,185,0,185
1998,1998,184,0,184
1998,1999,184,0,184
1998,2000,184,0,184
1998,2001,184,0,184
1998,2002,184,0,184
1998,2003,184,0,184
1998,2004,184,0,184
1998,2005,184,0,184
1998,2006,184,0,184
1998,2007,184,0,184
1998,2008,184,0,184
1998,2009,184,0,184
1998,2010,184,0,184
1998,2011,184,0,184
1998,2012,184,0,184
1998,2013,184,0,184
1998,2014,184,0,184
1998,2015,184,0,184
1998,2016,184,0,184
1998,2017,184,0,184
1998,2018,184,0,184
1998,2019,184,0,184
1999,2002,184,0,184
1999,2003,184,0,184
1999,2004,184,0,184
1999,2005,184,0,184
1999,2006,184,0,184
1999,2007,184,0,184
1999,2008,184,0,184
1999,2009,184,0,184
1999,2010,184,0,184
1999,2011,184,0,184
1999,2012,184,0,184
1999,2013,184,0,184
1999,2014,184,0,184
1999,2015,184,0,184
1999,2016,184,0,184
1999,2017,184,0,184
1999,2018,184,0,184
1999,2019,184,0,184
2000,2005,0,184,184
2001,1998,183,0,183
2001,1999,183,0,183
2001,2000,183,0,183
2001,2001,183,0,183
2001,2002,183,0,183
2001,2003,183,0,183
2001,2004,183,0,183
2001,2005,183,0,183
2001,2006,183,0,183
2001,2007,183,0,183
2001,2008,183,0,183
2001,2009,183,0,183
2001,2010,183,0,183
2001,2011,183,0,183
2001,2012,183,0,183
2001,2013,183,0,183
2001,2014,183,0,183
2001,2015,183,0,183
2001,2016,183,0,183
2001,2017,183,0,183
2001,2018,183,0,183
2001,2019,183,0,183
2002,1998,183,0,183
2002,1999,183,0,183
2002,2000,183,0,183
2002,2001,183,0,183
2002,2002,183,0,183
2002,2003,183,0,183
2002,2004,183,0,183
2002,2005,183,0,183
2003,1998,182,0,182
2003,1999,182,0,182
2003,2000,182,0,182
2003,2001,182,0,182
2003,2002,182,0,182
2003,2003,182,0,182
2003,2004,182,0,182
2003,2005,182,0,182
2003,2006,182,0,182
2003,2007,182,0,182
2003,2008,182,0,182
2003,2009,182,0,182
2003,2010,182,0,182
2003,2011,182,0,182
2003,2012,182,0,182
2003,2013,182,0,182
2003,2014,182,0,182
2003,2015,182,0,182
2003,2016,181,0,181
2003,2017,181,0,181
2003,2018,181,0,181
2003,2019,181,0,181
2004,1998,182,0,182
2004,1999,182,0,182
2004,2000,182,0,182
2004,2001,182,0,182
2004,2002,182,0,182
2004,2003,182,0,182
2004,2004,182,0,182
2004,2005,182,0,182
2004,2006,182,0,182
2004,2007,182,0,182
2004,2008,182,0,182
2004,2009,182,0,182
2004,2010,182,0,182
2004,2011,182,0,182
2004,2012,182,0,182
2004,2013,182,0,182
2004,2014,182,0,182
2004,2015,182,0,182
2004,2016,182,0,182
2004,2017,182,0,182
2004,2018,182,0,182
2004,2019,182,0,182
2005,1998,182,0,182
2005,1999,182,0,182
2005,2000,182,0,182
2005,2001,182,0,182
2005,2002,182,0,182
2005,2003,182,0,182
2005,2004,182,0,182
2005,2005,182,0,182
2005,2006,182,0,182
2005,2007,182,0,182
2005,2008,182,0,182
2005,2009,182,0,182
2005,2010,182,0,182
2005,2011,182,0,182
2006,1998,182,0,182
2006,1999,182,0,182
2006,2000,182,0,182
2006,2001,182,0,182
2006,2002,182,0,182
2006,2003,182,0,182
2006,2004,182,0,182
2006,2005,182,0,182
2006,2006,182,0,182
2006,2007,182,0,182
2006,2008,182,0,182
2006,2009,182,0,182
2006,2010,182,0,182
2007,1998,182,0,182
2007,1999,182,0,182
2007,2000,182,0,182
2007,2001,182,0,182
2007,2002,182,0,182
2007,2003,182,0,182
2007,2004,182,0,182
2007,2005,182,0,182
2008,1998,182,0,182
2008,1999,182,0,182
2008,2000,182,0,182
2008,2001,182,0,182
2008,2002,182,0,182
2008,2003,182,0,182
2008,2004,182,0,182
2008,2005,182,0,182
2009,2002,181,0,181
2009,2003,181,0,181
2009,2004,181,0,181
2009,2005,181,0,181
2009,2006,181,0,181
2009,2007,181,0,181
2009,2008,181,0,181
2009,2009,181,0,181
2009,2010,181,0,181
2009,2011,181,0,181
2009,2012,181,0,181
2009,2013,181,0,181
2009,2014,181,0,181
2009,2015,181,0,181
2009,2016,181,0,181
2009,2017,181,0,181
2009,2018,181,0,181
2009,2019,181,0,181
2010,1998,181,0,181
2010,1999,181,0,181
2010,2000,181,0,181
2010,2001,181,0,181
2010,2002,181,0,181
2010,2003,181,0,181
2010,2004,181,0,181
2010,2005,181,0,181
2010,2006,181,0,181
2010,2007,181,0,181
2010,2008,181,0,181
2010,2009,181,0,181
2010,2010,181,0,181
2010,2011,181,0,181
2010,2012,181,0,181
2010,2013,181,0,181
2010,2014,181,0,181
2010,2015,181,0,181
2010,2016,181,0,181
2010,2017,181,0,181
2010,2018,181,0,181
2010,2019,181,0,181
2011,1998,0,181,181
2011,1999,0,181,181
2011,2000,0,181,181
2011,2001,0,181,181
2011,2002,0,181,181
2011,2003,0,181,181
2011,2004,0,181,181
2011,2005,0,181,181
2011,2006,0,181,181
2011,2007,0,181,181
2011,2008,0,181,181
2011,2009,0,181,181
2011,2010,0,181,181
2011,2011,0,181,181
2011,2012,0,181,181
2011,2013,0,181,181
2011,2014,0,181,181
2011,2015,0,181,181
2011,2016,0,181,181
2011,2017,0,181,181
2011,2018,0,181,181
2011,2019,0,181,181
2012,1998,181,0,181
2012,1999,181,0,181
2012,2000,181,0,181
2012,2001,181,0,181
2012,2002,181,0,181
2012,2003,181,0,181
2012,2004,181,0,181
2012,2005,181,0,181
2012,2006,181,0,181
2012,2007,181,0,181
2012,2008,181,0,181
2012,2009,181,0,181
2012,2010,181,0,181
2012,2011,181,0,181
2012,2012,181,0,181
2012,2013,181,0,181
2012,2014,181,0,181
2012,2015,181,0,181
2012,2016,181,0,181
2012,2017,181,0,181
2012,2018,181,0,181
2012,2019,181,0,181
2013,2016,44,137,181
2014,1998,0,181,181
2014,1999,0,181,181
2014,2000,0,181,181
2014,2001,0,181,181
2014,2002,0,181,181
2015,1999,181,0,181
2015,2000,181,0,181
2016,2016,180,0,180
2016,2017,180,0,180
2016,2018,180,0,180
2016,2019,180,0,180
2017,1998,180,0,180
2017,1999,180,0,180
2017,2000,180,0,180
2017,2001,180,0,180
2017,2002,180,0,180
2017,2003,180,0,180
2017,2004,180,0,180
2017,2005,180,0,180
2017,2006,180,0,180
2017,2007,180,0,180
2017,2008,180,0,180
2017,2009,180,0,180
2017,2010,180,0,180
2017,2011,180,0,180
2017,2012,180,0,180
2017,2013,180,0,180
2017,2014,180,0,180
2017,2015,180,0,180
2017,2016,180,0,180
2017,2017,180,0,180
2017,2018,180,0,180
2017,2019,180,0,180
2018,2001,179,0,179
2018,2002,179,0,179
2018,2003,179,0,179
2018,2004,179,0,179
2018,2005,179,0,179
2018,2006,179,0,179
2018,2007,179,0,179
2018,2008,179,0,179
2018,2009,179,0,179
2018,2010,179,0,179
2018,2011,179,0,179
2018,2012,179,0,179
2018,2013,179,0,179
2018,2014,179,0,179
2018,2015,179,0,179
2018,2016,179,0,179
2018,2017,179,0,179
2018,2018,179,0,179
2018,2019,179,0,179
2019,2001,179,0,179
2019,2002,179,0,179
2019,2003,179,0,179
2019,2004,179,0,179
2019,2005,179,0,179
2019,2006,179,0,179
2019,2007,179,0,179
2019,2008,179,0,179
2019,2009,179,0,179
2019,2010,179,0,179
2019,2011,179,0,179
2019,2012,179,0,179
2019,2013,179,0,179
2019,2014,179,0,179
2019,2015,179,0,179
2019,2016,179,0,179
2019,2017,179,0,179
2019,2018,179,0,179
2019,2019,179,0,179
2020,2001,179,0,179
2020,2002,179,0,179
2020,2003,179,0,179
2020,2004,179,0,179
2020,2005,179,0,179
2020,2006,179,0,179
2020,2007,179,0,179
2020,2008,179,0,179
2020,2009,179,0,179
2020,2010,179,0,179
2020,2011,179,0,179
2020,2012,179,0,179
2020,2013,179,0,179
2020,2014,179,0,179
2020,2015,179,0,179
2020,2016,179,0,179
2020,2017,179,0,179
2020,2018,179,0,179
2020,2019,179,0,179
2021,1998,179,0,179
2021,1999,179,0,179
2021,2000,179,0,179
2021,2001,179,0,179
2021,2002,179,0,179
2021,2003,179,0,179
2021,2004,179,0,179
2021,2005,179,0,179
2021,2006,179,0,179
2021,2007,179,0,179
2021,2008,179,0,179
2021,2009,179,0,179
2021,2010,179,0,179
2021,2011,179,0,179
2021,2012,179,0,179
2021,2013,179,0,179
2021,2014,179,0,179
2021,2015,179,0,179
2022,2004,179,0,179
2023,2007,178,0,178
2023,2008,178,0,178
2023,2009,178,0,178
2023,2010,178,0,178
2023,2011,178,0,178
2023,2012,178,0,178
2023,2013,178,0,178
2023,2014,178,0,178
2023,2015,178,0,178
2023,2016,178,0,178
2023,2017,178,0,178
2023,2018,178,0,178
2023,2019,150,0,150
2024,1998,0,178,178
2024,1999,0,178,178
2024,2000,0,178,178
2024,2001,0,178,178
2024,2002,0,178,178
2024,2003,0,178,178
2024,2004,0,178,178
2024,2005,0,178,178
2024,2006,0,178,178
2024,2007,0,178,178
2024,2008,0,178,178
2024,2009,0,178,178
2024,2010,0,178,178
2024,2011,0,178,178
2024,2012,0,178,178
2024,2013,0,178,178
2024,2014,0,178,178
2024,2015,0,178,178
2024,2016,0,178,178
2024,2017,0,178,178
2024,2018,0,178,178
2024,2019,0,178,178
2025,1998,178,0,178
2025,1999,178,0,178
2025,2000,178,0,178
2025,2001,178,0,178
2025,2002,178,0,178
2025,2003,178,0,178
2025,2004,178,0,178
2025,2005,178,0,178
2025,2006,178,0,178
2025,2007,178,0,178
2025,2008,178,0,178
2025,2009,178,0,178
2025,2010,178,0,178
2025,2011,178,0,178
2025,2012,178,0,178
2025,2013,178,0,178
2025,2014,178,0,178
2025,2015,178,0,178
2025,2016,178,0,178
2025,2017,178,0,178
2025,2018,178,0,178
2025,2019,178,0,178
2026,2002,178,0,178
2026,2003,178,0,178
2026,2004,178,0,178
2026,2005,178,0,178
2026,2006,178,0,178
2026,2007,178,0,178
2026,2008,178,0,178
2026,2009,178,0,178
2026,2010,178,0,178
2026,2011,178,0,178
2026,2012,178,0,178
2026,2013,178,0,178
2026,2014,178,0,178
2026,2015,178,0,178
2026,2016,178,0,178
2026,2017,178,0,178
2026,2018,178,0,178
2026,2019,178,0,178
2027,2006,178,0,178
2027,2007,178,0,178
2027,2008,178,0,178
2027,2009,178,0,178
2027,2010,178,0,178
2027,2011,178,0,178
2027,2012,178,0,178
2027,2013,178,0,178
2027,2014,178,0,178
2027,2015,178,0,178
2027,2016,178,0,178
2027,2017,178,0,178
2027,2018,178,0,178
2027,2019,178,0,178
2028,1998,0,178,178
2028,1999,0,178,178
2028,2000,0,178,178
2028,2001,0,178,178
2028,2002,0,178,178
2028,2003,0,178,178
2028,2004,0,178,178
2028,2005,0,178,178
2028,2006,0,178,178
2028,2007,0,178,178
2028,2008,0,178,178
2028,2009,0,178,178
2028,2010,0,178,178
2029,1998,0,177,177
2029,1999,0,177,177
2029,2000,0,177,177
2029,2001,0,177,177
2029,2002,0,177,177
2029,2003,0,177,177
2029,2004,0,177,177
2029,2005,0,177,177
2029,2006,0,177,177
2029,2007,0,177,177
2029,2008,0,177,177
2029,2009,0,177,177
2029,2010,0,177,177
2029,2011,0,177,177
2029,2012,0,177,177
2029,2013,0,177,177
2029,2014,0,177,177
2029,2015,0,177,177
2029,2016,0,177,177
2029,2017,0,177,177
2029,2018,0,177,177
2029,2019,0,177,177
2030,1998,171,0,171
2030,1999,171,0,171
2030,2000,171,0,171
2030,2001,177,0,177
2030,2002,177,0,177
2030,2003,177,0,177
2030,2004,177,0,177
2030,2005,177,0,177
2030,2006,177,0,177
2030,2007,177,0,177
2030,2008,177,0,177
2030,2009,177,0,177
2030,2010,177,0,177
2030,2011,177,0,177
2030,2012,177,0,177
2030,2013,177,0,177
2030,2014,177,0,177
2030,2015,177,0,177
2030,2016,177,0,177
2030,2017,177,0,177
2030,2018,177,0,177
2030,2019,177,0,177
2031,1998,177,0,177
2031,1999,177,0,177
2031,2000,177,0,177
2031,2001,177,0,177
2031,2002,177,0,177
2031,2003,177,0,177
2031,2004,177,0,177
2031,2005,177,0,177
2031,2006,177,0,177
2031,2007,177,0,177
2031,2008,177,0,177
2031,2009,177,0,177
2031,2010,177,0,177
2031,2011,177,0,177
2031,2012,177,0,177
2031,2013,177,0,177
2031,2014,177,0,177
2031,2015,177,0,177
2031,2016,177,0,177
2031,2017,177,0,177
2031,2018,177,0,177
2031,2019,177,0,177
2032,1998,171,0,171
2032,1999,171,0,171
2032,2000,171,0,171
2032,2001,177,0,177
2032,2002,177,0,177
2032,2003,177,0,177
2032,2004,177,0,177
2032,2005,177,0,177
2032,2006,177,0,177
2032,2007,177,0,177
2032,2008,177,0,177
2032,2009,177,0,177
2032,2010,177,0,177
2032,2011,177,0,177
2032,2012,177,0,177
2032,2013,177,0,177
2032,2014,177,0,177
2032,2015,177,0,177
2032,2016,177,0,177
2032,2017,177,0,177
2032,2018,177,0,177
2032,2019,177,0,177
2033,2009,0,177,177
2033,2010,0,177,177
2033,2011,0,177,177
2033,2012,0,177,177
2033,2013,0,177,177
2033,2014,0,177,177
2033,2015,0,177,177
2033,2016,0,177,177
2033,2017,0,177,177
2034,2003,177,0,177
2035,2000,177,0,177
2035,2001,177,0,177
2036,1998,177,0,177
2037,2005,0,176,176
2037,2006,0,176,176
2037,2007,0,176,176
2037,2008,0,176,176
2037,2009,0,176,176
2037,2010,0,176,176
2037,2011,0,176,176
2037,2012,0,176,176
2037,2013,0,176,176
2037,2014,0,176,176
2037,2015,0,176,176
2037,2016,0,176,176
2037,2017,0,176,176
2037,2018,0,176,176
2037,2019,0,176,176
2038,2002,176,0,176
2038,2003,176,0,176
2038,2004,176,0,176
2038,2005,176,0,176
2038,2006,176,0,176
2038,2007,176,0,176
2038,2008,176,0,176
2038,2009,176,0,176
2038,2010,176,0,176
2038,2011,176,0,176
2038,2012,176,0,176
2038,2013,176,0,176
2038,2014,176,0,176
2038,2015,176,0,176
2038,2016,176,0,176
2038,2017,176,0,176
2038,2018,176,0,176
2038,2019,176,0,176
2039,2005,0,176,176
2039,2006,0,176,176
2039,2007,0,176,176
2039,2008,0,176,176
2039,2009,0,176,176
2040,1998,176,0,176
2040,1999,176,0,176
2040,2000,176,0,176
2040,2001,176,0,176
2040,2002,176,0,176
2040,2003,176,0,176
2040,2004,176,0,176
2040,2005,176,0,176
2040,2006,176,0,176
2040,2007,176,0,176
2041,1998,176,0,176
2041,1999,176,0,176
2041,2000,176,0,176
2042,2003,175,0,175
2042,2004,175,0,175
2042,2005,175,0,175
2042,2006,175,0,175
2042,2007,175,0,175
2042,2008,175,0,175
2042,2009,175,0,175
2042,2010,175,0,175
2042,2011,175,0,175
2042,2012,175,0,175
2042,2013,175,0,175
2042,2014,175,0,175
2042,2015,175,0,175
2042,2016,175,0,175
2042,2017,175,0,175
2042,2018,175,0,175
2042,2019,175,0,175
2043,1998,0,175,175
2043,1999,0,175,175
2043,2000,0,175,175
2043,2001,0,175,175
2043,2002,0,175,175
2043,2003,0,175,175
2043,2004,0,175,175
2043,2005,0,175,175
2043,2006,0,175,175
2043,2007,0,175,175
2043,2008,0,175,175
2043,2009,0,175,175
2043,2010,0,175,175
2043,2011,0,175,175
2043,2012,0,175,175
2043,2013,0,175,175
2043,2014,0,175,175
2043,2015,0,175,175
2043,2016,0,175,175
2043,2017,0,175,175
2043,2018,0,175,175
2043,2019,0,175,175
2044,1998,175,0,175
2044,1999,175,0,175
2044,2000,175,0,175
2044,2001,175,0,175
2044,2002,175,0,175
2044,2003,175,0,175
2044,2004,175,0,175
2044,2005,175,0,175
2044,2006,175,0,175
2044,2007,175,0,175
2044,2008,175,0,175
2044,2009,175,0,175
2044,2010,175,0,175
2044,2011,175,0,175
2044,2012,175,0,175
2044,2013,175,0,175
2044,2014,175,0,175
2044,2015,175,0,175
2044,2016,175,0,175
2044,2017,175,0,175
2044,2018,175,0,175
2044,2019,175,0,175
2045,1998,175,0,175
2045,1999,175,0,175
2045,2000,175,0,175
2045,2001,175,0,175
2045,2002,175,0,175
2045,2003,175,0,175
2045,2004,175,0,175
2045,2005,175,0,175
2046,2010,174,0,174
2046,2011,174,0,174
2046,2012,174,0,174
2046,2013,174,0,174
2046,2014,174,0,174
2046,2015,174,0,174
2046,2016,174,0,174
2046,2017,174,0,174
2046,2018,174,0,174
2046,2019,174,0,174
2047,2018,44,130,174
2048,1998,0,173,173
2048,1999,0,173,173
2048,2000,0,173,173
2048,2001,0,173,173
2048,2002,0,173,173
2048,2003,0,173,173
2048,2004,0,173,173
2048,2005,0,173,173
2048,2006,0,173,173
2048,2007,0,173,173
2048,2008,0,173,173
2048,2009,0,173,173
2048,2010,0,173,173
2048,2011,0,173,173
2048,2012,0,173,173
2048,2013,0,173,173
2048,2014,0,173,173
2048,2015,0,173,173
2048,2016,0,173,173
2048,2017,0,173,173
2048,2018,0,173,173
2048,2019,0,173,173
2049,1998,0,173,173
2049,1999,0,173,173
2049,2000,0,173,173
2049,2001,0,173,173
2049,2002,0,173,173
2049,2003,0,173,173
2049,2004,0,173,173
2049,2005,0,173,173
2049,2006,0,173,173
2049,2007,0,173,173
2049,2008,0,173,173
2049,2009,0,173,173
2049,2010,0,173,173
2049,2011,0,173,173
2049,2012,0,173,173
2049,2013,0,173,173
2049,2014,0,173,173
2049,2015,0,173,173
2049,2016,0,173,173
2049,2017,0,173,173
2049,2018,0,173,173
2049,2019,0,173,173
2050,1998,173,0,173
2050,1999,173,0,173
2050,2000,173,0,173
2050,2001,173,0,173
2050,2002,173,0,173
2050,2003,173,0,173
2050,2004,173,0,173
2050,2005,173,0,173
2051,1998,172,0,172
2051,1999,172,0,172
2051,2000,172,0,172
2051,2001,172,0,172
2051,2002,172,0,172
2051,2003,172,0,172
2051,2004,172,0,172
2051,2005,172,0,172
2051,2006,172,0,172
2051,2007,172,0,172
2051,2008,172,0,172
2051,2009,172,0,172
2051,2010,172,0,172
2051,2011,172,0,172
2051,2012,172,0,172
2051,2013,172,0,172
2051,2014,172,0,172
2051,2015,172,0,172
2051,2016,172,0,172
2051,2017,172,0,172
2051,2018,172,0,172
2051,2019,172,0,172
2052,1999,0,172,172
2052,2000,0,172,172
2052,2001,0,172,172
2052,2002,0,172,172
2052,2003,0,172,172
2052,2004,0,172,172
2052,2005,0,172,172
2052,2006,0,172,172
2052,2007,0,172,172
2052,2008,0,172,172
2053,2000,172,0,172
2053,2001,172,0,172
2053,2002,172,0,172
2053,2003,172,0,172
2053,2004,172,0,172
2053,2005,172,0,172
2053,2006,172,0,172
2053,2007,172,0,172
2053,2008,172,0,172
2054,1998,171,0,171
2054,1999,171,0,171
2054,2000,171,0,171
2054,2001,171,0,171
2054,2002,171,0,171
2054,2003,171,0,171
2054,2004,171,0,171
2054,2005,171,0,171
2054,2006,171,0,171
2054,2007,171,0,171
2054,2008,171,0,171
2054,2009,171,0,171
2054,2010,171,0,171
2054,2011,171,0,171
2054,2012,171,0,171
2054,2013,171,0,171
2054,2014,171,0,171
2054,2015,171,0,171
2054,2016,171,0,171
2054,2017,171,0,171
2054,2018,171,0,171
2054,2019,171,0,171
2055,1998,168,0,168
2055,1999,168,0,168
2055,2000,168,0,168
2055,2001,171,0,171
2055,2002,171,0,171
2055,2003,171,0,171
2055,2004,171,0,171
2055,2005,171,0,171
2055,2006,129,0,129
2055,2007,129,0,129
2055,2008,129,0,129
2055,2009,129,0,129
2055,2010,129,0,129
2055,2011,129,0,129
2055,2012,129,0,129
2055,2013,129,0,129
2055,2014,129,0,129
2055,2015,129,0,129
2055,2016,129,0,129
2055,2017,129,0,129
2055,2018,129,0,129
2055,2019,129,0,129
2056,2014,171,0,171
2056,2015,171,0,171
2056,2016,171,0,171
2056,2017,171,0,171
2056,2018,171,0,171
2056,2019,171,0,171
2057,1998,171,0,171
2057,1999,171,0,171
2057,2000,171,0,171
2057,2001,171,0,171
2057,2002,171,0,171
2057,2003,171,0,171
2057,2004,171,0,171
2057,2005,171,0,171
2057,2006,171,0,171
2057,2007,171,0,171
2057,2008,171,0,171
2057,2009,171,0,171
2057,2010,171,0,171
2057,2011,171,0,171
2057,2012,171,0,171
2057,2013,171,0,171
2057,2014,171,0,171
2057,2015,171,0,171
2057,2016,171,0,171
2057,2017,171,0,171
2057,2018,171,0,171
2057,2019,171,0,171
2058,1998,0,171,171
2058,1999,0,171,171
2058,2000,0,171,171
2058,2001,0,171,171
2058,2002,0,171,171
2058,2003,0,171,171
2058,2004,0,171,171
2058,2005,0,171,171
2058,2006,0,171,171
2058,2007,0,171,171
2058,2008,0,171,171
2058,2009,0,171,171
2058,2010,0,171,171
2058,2011,0,171,171
2059,1998,0,171,171
2059,1999,0,171,171
2059,2000,0,171,171
2059,2001,0,171,171
2059,2002,0,171,171
2059,2003,0,171,171
2059,2004,0,171,171
2059,2005,0,171,171
2059,2006,0,171,171
2059,2007,0,171,171
2060,2005,0,171,171
2060,2006,0,171,171
2061,2006,167,0,167
2061,2007,167,0,167
2061,2008,167,0,167
2061,2009,167,0,167
2061,2010,167,0,167
2061,2011,167,0,167
2061,2012,167,0,167
2061,2013,167,0,167
2061,2014,167,0,167
2061,2015,170,0,170
2061,2016,170,0,170
2061,2017,170,0,170
2061,2018,170,0,170
2061,2019,170,0,170
2062,2013,0,170,170
2062,2014,0,170,170
2062,2015,0,170,170
2062,2016,0,170,170
2062,2017,0,170,170
2062,2018,0,170,170
2062,2019,0,170,170
2063,1998,170,0,170
2063,1999,170,0,170
2063,2000,170,0,170
2063,2001,170,0,170
2063,2002,170,0,170
2063,2003,170,0,170
2063,2004,170,0,170
2063,2005,170,0,170
2063,2006,170,0,170
2063,2007,170,0,170
2063,2008,170,0,170
2063,2009,170,0,170
2063,2010,170,0,170
2063,2011,170,0,170
2063,2012,170,0,170
2063,2013,170,0,170
2063,2014,170,0,170
2063,2015,170,0,170
2063,2016,170,0,170
2063,2017,170,0,170
2063,2018,170,0,170
2063,2019,170,0,170
2064,1998,0,170,170
2064,1999,0,170,170
2064,2000,0,170,170
2064,2001,0,170,170
2064,2002,0,170,170
2064,2003,0,170,170
2064,2004,0,170,170
2064,2005,0,170,170
2064,2006,0,170,170
2064,2007,0,170,170
2064,2008,0,170,170
2064,2009,0,170,170
2064,2010,0,170,170
2064,2011,0,170,170
2064,2012,0,170,170
2064,2013,0,170,170
2064,2014,0,170,170
2064,2015,0,170,170
2064,2016,0,170,170
2064,2017,0,170,170
2064,2018,0,170,170
2064,2019,0,170,170
2065,2001,0,170,170
2065,2002,0,170,170
2065,2003,0,170,170
2065,2004,0,170,170
2065,2005,0,170,170
2065,2006,0,170,170
2065,2007,0,170,170
2065,2008,0,170,170
2065,2009,0,170,170
2065,2010,0,170,170
2065,2011,0,170,170
2065,2012,0,170,170
2065,2013,0,170,170
2065,2014,0,170,170
2065,2015,0,170,170
2066,1998,0,170,170
2066,1999,0,170,170
2066,2000,0,170,170
2066,2001,0,170,170
2066,2002,0,170,170
2066,2003,0,170,170
2066,2004,0,170,170
2066,2005,0,170,170
2067,1998,169,0,169
2067,1999,169,0,169
2067,2000,169,0,169
2067,2001,169,0,169
2067,2002,169,0,169
2067,2003,169,0,169
2067,2004,169,0,169
2067,2005,169,0,169
2067,2006,169,0,169
2067,2007,169,0,169
2067,2008,169,0,169
2067,2009,169,0,169
2067,2010,169,0,169
2067,2011,169,0,169
2067,2012,169,0,169
2067,2013,169,0,169
2067,2014,169,0,169
2067,2015,169,0,169
2067,2016,169,0,169
2067,2017,169,0,169
2067,2018,169,0,169
2067,2019,169,0,169
2068,1998,0,169,169
2068,1999,0,169,169
2068,2000,0,169,169
2068,2001,0,169,169
2068,2002,0,169,169
2068,2003,0,169,169
2068,2004,0,169,169
2068,2005,0,169,169
2068,2006,0,169,169
2068,2007,0,169,169
2068,2008,0,169,169
2068,2009,0,169,169
2068,2010,0,169,169
2068,2011,0,169,169
2068,2012,0,169,169
2068,2013,0,169,169
2068,2014,0,169,169
2068,2015,0,169,169
2068,2016,0,169,169
2068,2017,0,169,169
2068,2018,0,169,169
2068,2019,0,169,169
2069,1998,0,169,169
2069,1999,0,169,169
2069,2000,0,169,169
2069,2001,0,169,169
2069,2002,0,169,169
2069,2003,0,169,169
2069,2004,0,169,169
2069,2005,0,169,169
2069,2006,0,169,169
2069,2007,0,169,169
2069,2008,0,169,169
2069,2009,0,169,169
2069,2010,0,169,169
2069,2011,0,169,169
2069,2012,0,169,169
2069,2013,0,169,169
2069,2014,0,169,169
2069,2015,0,169,169
2069,2016,0,169,169
2069,2017,0,169,169
2069,2018,0,169,169
2069,2019,0,169,169
2070,1998,0,169,169
2070,1999,0,169,169
2070,2000,0,169,169
2070,2001,0,169,169
2070,2002,0,169,169
2070,2003,0,169,169
2070,2004,0,169,169
2070,2005,0,169,169
2070,2006,0,169,169
2070,2007,0,169,169
2070,2008,0,169,169
2070,2009,0,169,169
2070,2010,0,169,169
2070,2011,0,169,169
2070,2012,0,169,169
2070,2013,0,169,169
2070,2014,0,169,169
2070,2015,0,169,169
2070,2016,0,169,169
2070,2017,0,169,169
2070,2018,0,169,169
2070,2019,0,169,169
2071,1998,169,0,169
2071,1999,169,0,169
2071,2000,169,0,169
2071,2001,169,0,169
2071,2002,169,0,169
2071,2003,169,0,169
2071,2004,169,0,169
2071,2005,169,0,169
2071,2006,169,0,169
2071,2007,169,0,169
2071,2008,169,0,169
2071,2009,169,0,169
2071,2010,169,0,169
2071,2011,169,0,169
2071,2012,169,0,169
2071,2013,169,0,169
2071,2014,169,0,169
2071,2015,169,0,169
2071,2016,169,0,169
2071,2017,169,0,169
2071,2018,169,0,169
2071,2019,169,0,169
2072,1998,0,169,169
2072,1999,0,169,169
2072,2000,0,169,169
2072,2001,0,169,169
2072,2002,0,169,169
2072,2003,0,169,169
2072,2004,0,169,169
2072,2005,0,169,169
2072,2006,0,169,169
2072,2007,0,169,169
2072,2008,0,169,169
2072,2009,0,169,169
2072,2010,0,169,169
2072,2011,0,169,169
2072,2012,0,169,169
2072,2013,0,169,169
2072,2014,0,169,169
2072,2015,0,169,169
2072,2016,0,169,169
2072,2017,0,169,169
2072,2018,0,169,169
2072,2019,0,169,169
2073,2013,0,162,162
2073,2014,0,162,162
2073,2015,0,169,169
2073,2016,0,169,169
2073,2017,0,169,169
2074,1998,168,0,168
2074,1999,168,0,168
2074,2000,168,0,168
2074,2001,168,0,168
2074,2002,168,0,168
2074,2003,168,0,168
2074,2004,168,0,168
2074,2005,168,0,168
2074,2006,168,0,168
2074,2007,168,0,168
2074,2008,168,0,168
2074,2009,168,0,168
2074,2010,168,0,168
2074,2011,168,0,168
2074,2012,168,0,168
2074,2013,168,0,168
2074,2014,168,0,168
2074,2015,168,0,168
2074,2016,168,0,168
2074,2017,168,0,168
2074,2018,168,0,168
2074,2019,168,0,168
2075,1998,0,168,168
2075,1999,0,168,168
2075,2000,0,168,168
2075,2001,0,168,168
2075,2002,0,168,168
2076,2002,0,167,167
2076,2003,0,167,167
2076,2004,0,167,167
2076,2005,0,167,167
2076,2006,0,167,167
2076,2007,0,167,167
2076,2008,0,167,167
2076,2009,0,167,167
2076,2010,0,167,167
2076,2011,0,167,167
2076,2012,0,167,167
2076,2013,0,167,167
2076,2014,0,167,167
2076,2015,0,167,167
2076,2016,0,167,167
2076,2017,0,167,167
2076,2018,0,167,167
2076,2019,0,167,167
2077,2015,167,0,167
2077,2016,167,0,167
2077,2017,167,0,167
2077,2018,167,0,167
2077,2019,167,0,167
2078,2015,167,0,167
2078,2016,167,0,167
2078,2017,167,0,167
2078,2018,167,0,167
2078,2019,167,0,167
2079,1999,0,167,167
2079,2000,0,167,167
2079,2001,0,167,167
2079,2002,0,167,167
2079,2003,0,167,167
2079,2004,0,167,167
2079,2005,0,167,167
2079,2006,0,167,167
2079,2007,0,167,167
2079,2008,0,167,167
2080,1998,167,0,167
2080,1999,167,0,167
2080,2000,167,0,167
2080,2001,167,0,167
2080,2002,167,0,167
2080,2003,167,0,167
2080,2004,167,0,167
2080,2005,167,0,167
2080,2006,167,0,167
2080,2007,167,0,167
2081,1998,167,0,167
2081,1999,167,0,167
2081,2000,167,0,167
2081,2001,167,0,167
2081,2002,167,0,167
2081,2003,167,0,167
2082,1998,166,0,166
2082,1999,166,0,166
2082,2000,166,0,166
2082,2001,166,0,166
2082,2002,166,0,166
2082,2003,166,0,166
2082,2004,166,0,166
2082,2005,166,0,166
2082,2006,166,0,166
2082,2007,166,0,166
2082,2008,166,0,166
2082,2009,166,0,166
2082,2010,166,0,166
2082,2011,166,0,166
2082,2012,166,0,166
2082,2013,166,0,166
2082,2014,166,0,166
2082,2015,166,0,166
2082,2016,166,0,166
2082,2017,166,0,166
2082,2018,166,0,166
2082,2019,166,0,166
2083,2017,166,0,166
2083,2018,166,0,166
2083,2019,166,0,166
2084,1998,166,0,166
2084,1999,166,0,166
2084,2000,166,0,166
2084,2001,166,0,166
2084,2002,166,0,166
2084,2003,166,0,166
2084,2004,166,0,166
2084,2005,166,0,166
2084,2006,166,0,166
2084,2007,166,0,166
2084,2008,166,0,166
2084,2009,166,0,166
2084,2010,166,0,166
2084,2011,166,0,166
2084,2012,166,0,166
2084,2013,166,0,166
2084,2014,166,0,166
2084,2015,166,0,166
2084,2016,93,0,93
2084,2017,93,0,93
2084,2018,93,0,93
2084,2019,93,0,93
2085,1998,166,0,166
2085,1999,166,0,166
2085,2000,166,0,166
2085,2001,166,0,166
2085,2002,166,0,166
2085,2003,166,0,166
2085,2004,166,0,166
2085,2005,166,0,166
2086,1998,166,0,166
2087,1998,165,0,165
2087,1999,165,0,165
2087,2000,165,0,165
2087,2001,165,0,165
2087,2002,165,0,165
2087,2003,165,0,165
2087,2004,165,0,165
2087,2005,165,0,165
2087,2006,165,0,165
2087,2007,165,0,165
2087,2008,165,0,165
2087,2009,165,0,165
2087,2010,163,0,163
2087,2011,163,0,163
2087,2012,163,0,163
2087,2013,163,0,163
2087,2014,163,0,163
2087,2015,163,0,163
2087,2016,163,0,163
2087,2017,163,0,163
2087,2018,163,0,163
2087,2019,163,0,163
2088,1998,165,0,165
2088,1999,165,0,165
2088,2000,165,0,165
2088,2001,165,0,165
2088,2002,165,0,165
2088,2003,165,0,165
2088,2004,165,0,165
2088,2005,165,0,165
2088,2006,165,0,165
2088,2007,165,0,165
2088,2008,165,0,165
2088,2009,165,0,165
2088,2010,165,0,165
2088,2011,165,0,165
2088,2012,165,0,165
2088,2013,165,0,165
2088,2014,165,0,165
2088,2015,165,0,165
2088,2016,165,0,165
2088,2017,165,0,165
2088,2018,165,0,165
2088,2019,165,0,165
2089,2001,165,0,165
2089,2002,165,0,165
2089,2003,165,0,165
2089,2004,165,0,165
2089,2005,165,0,165
2089,2006,165,0,165
2089,2007,165,0,165
2089,2008,165,0,165
2089,2009,165,0,165
2089,2010,165,0,165
2089,2011,165,0,165
2089,2012,165,0,165
2089,2013,165,0,165
2089,2014,165,0,165
2089,2015,165,0,165
2089,2016,165,0,165
2089,2017,165,0,165
2089,2018,165,0,165
2089,2019,165,0,165
2090,1998,0,165,165
2090,1999,0,165,165
2090,2000,0,165,165
2090,2001,0,165,165
2090,2002,0,165,165
2090,2003,0,165,165
2090,2004,0,165,165
2090,2005,0,165,165
2090,2006,0,165,165
2090,2007,0,165,165
2090,2008,0,165,165
2090,2009,0,165,165
2090,2010,0,165,165
2090,2011,0,165,165
2090,2012,0,165,165
2091,2000,165,0,165
2091,2001,165,0,165
2091,2002,165,0,165
2091,2003,165,0,165
2091,2004,165,0,165
2091,2005,165,0,165
2091,2006,165,0,165
2091,2007,165,0,165
2091,2008,165,0,165
2092,1998,65,0,65
2092,1999,65,0,65
2092,2000,65,0,65
2092,2001,65,0,65
2092,2002,65,100,165
2092,2003,65,100,165
2092,2004,65,100,165
2092,2005,65,100,165
2093,2002,165,0,165
2094,2002,164,0,164
2094,2003,164,0,164
2094,2004,164,0,164
2094,2005,164,0,164
2094,2006,164,0,164
2094,2007,164,0,164
2094,2008,164,0,164
2094,2009,164,0,164
2094,2010,164,0,164
2094,2011,164,0,164
2094,2012,164,0,164
2094,2013,164,0,164
2094,2014,164,0,164
2094,2015,164,0,164
2094,2016,164,0,164
2094,2017,164,0,164
2094,2018,164,0,164
2094,2019,164,0,164
2095,2011,0,164,164
2095,2012,0,164,164
2095,2013,0,164,164
2095,2014,0,164,164
2095,2015,0,164,164
2095,2016,0,164,164
2095,2017,0,164,164
2095,2018,0,164,164
2095,2019,0,164,164
2096,1998,161,0,161
2096,1999,161,0,161
2096,2000,161,0,161
2096,2001,161,0,161
2096,2002,161,0,161
2096,2003,164,0,164
2096,2004,164,0,164
2096,2005,164,0,164
2096,2006,161,0,161
2096,2007,161,0,161
2096,2008,161,0,161
2096,2009,161,0,161
2096,2010,161,0,161
2096,2011,161,0,161
2096,2012,161,0,161
2096,2013,161,0,161
2096,2014,161,0,161
2096,2015,161,0,161
2096,2016,161,0,161
2096,2017,161,0,161
2096,2018,161,0,161
2096,2019,161,0,161
2097,2003,0,164,164
2097,2004,0,164,164
2097,2005,0,164,164
2097,2006,0,164,164
2097,2007,0,164,164
2097,2008,0,164,164
2097,2009,0,164,164
2097,2010,0,164,164
2097,2011,0,164,164
2097,2012,0,164,164
2098,1998,0,164,164
2098,1999,0,164,164
2098,2000,0,164,164
2098,2001,0,164,164
2098,2002,0,164,164
2098,2003,0,164,164
2098,2004,0,164,164
2098,2005,0,164,164
2099,1998,0,162,162
2099,1999,0,164,164
2099,2000,0,164,164
2100,1998,160,0,160
2100,1999,160,0,160
2100,2000,160,0,160
2100,2001,163,0,163
2100,2002,163,0,163
2100,2003,163,0,163
2100,2004,163,0,163
2100,2005,163,0,163
2100,2006,163,0,163
2100,2007,163,0,163
2100,2008,163,0,163
2101,1998,0,163,163
2101,1999,0,163,163
2101,2000,0,163,163
2101,2001,0,163,163
2101,2002,0,163,163
2101,2003,0,163,163
2101,2004,0,163,163
2101,2005,0,163,163
2102,1998,0,163,163
2103,1998,0,162,162
2103,1999,0,162,162
2103,2000,0,162,162
2103,2001,0,162,162
2103,2002,0,162,162
2103,2003,0,162,162
2103,2004,0,162,162
2103,2005,0,162,162
2103,2006,0,162,162
2103,2007,0,162,162
2103,2008,0,162,162
2103,2009,0,162,162
2103,2010,0,162,162
2103,2011,0,162,162
2103,2012,0,162,162
2103,2013,0,162,162
2103,2014,0,162,162
2103,2015,0,162,162
2103,2016,0,162,162
2103,2017,0,162,162
2103,2018,0,162,162
2103,2019,0,162,162
2104,2002,0,162,162
2104,2003,0,162,162
2104,2004,0,162,162
2104,2005,0,162,162
2104,2006,0,162,162
2104,2007,0,162,162
2104,2008,0,162,162
2105,2003,162,0,162
2106,1999,0,162,162
2106,2000,0,162,162
2107,2013,161,0,161
2107,2014,161,0,161
2107,2015,161,0,161
2107,2016,161,0,161
2107,2017,161,0,161
2107,2018,161,0,161
2107,2019,161,0,161
2108,1998,152,0,152
2108,1999,152,0,152
2108,2000,152,0,152
2108,2001,152,0,152
2108,2002,152,0,152
2108,2003,152,0,152
2108,2004,152,0,152
2108,2005,152,0,152
2108,2006,152,0,152
2108,2007,158,0,158
2108,2008,158,0,158
2108,2009,158,0,158
2108,2010,158,0,158
2108,2011,158,0,158
2108,2012,158,0,158
2108,2013,158,0,158
2108,2014,158,0,158
2108,2015,161,0,161
2108,2016,161,0,161
2108,2017,161,0,161
2108,2018,161,0,161
2108,2019,161,0,161
2109,1998,0,161,161
2109,1999,0,161,161
2109,2000,0,161,161
2109,2001,0,161,161
2109,2002,0,161,161
2109,2003,0,161,161
2109,2004,0,161,161
2109,2005,0,161,161
2110,1998,160,0,160
2110,1999,160,0,160
2110,2000,160,0,160
2110,2001,160,0,160
2110,2002,160,0,160
2110,2003,160,0,160
2110,2004,160,0,160
2110,2005,160,0,160
2110,2006,160,0,160
2110,2007,160,0,160
2110,2008,160,0,160
2110,2009,160,0,160
2110,2010,160,0,160
2110,2011,160,0,160
2110,2012,160,0,160
2110,2013,160,0,160
2110,2014,160,0,160
2110,2015,160,0,160
2110,2016,160,0,160
2110,2017,160,0,160
2110,2018,160,0,160
2110,2019,160,0,160
2111,1998,0,160,160
2111,1999,0,160,160
2111,2000,0,160,160
2111,2001,0,160,160
2111,2002,0,160,160
2111,2003,0,160,160
2111,2004,0,155,155
2111,2005,0,155,155
2111,2006,0,155,155
2111,2007,0,155,155
2111,2008,0,155,155
2111,2009,0,155,155
2111,2010,0,155,155
2111,2011,0,155,155
2111,2012,0,155,155
2111,2013,0,125,125
2111,2014,0,125,125
2111,2015,0,125,125
2111,2016,0,125,125
2111,2017,0,125,125
2111,2018,0,125,125
2111,2019,0,125,125
2112,2017,160,0,160
2112,2018,160,0,160
2112,2019,160,0,160
2113,1998,160,0,160
2113,1999,160,0,160
2113,2000,160,0,160
2113,2001,160,0,160
2113,2002,160,0,160
2113,2003,160,0,160
2113,2004,160,0,160
2113,2005,160,0,160
2113,2006,160,0,160
2113,2007,160,0,160
2113,2008,160,0,160
2113,2009,160,0,160
2113,2010,160,0,160
2113,2011,160,0,160
2113,2012,160,0,160
2113,2013,160,0,160
2113,2014,160,0,160
2113,2015,160,0,160
2113,2016,160,0,160
2113,2017,160,0,160
2113,2018,160,0,160
2113,2019,160,0,160
2114,1998,0,157,157
2114,1999,0,157,157
2114,2000,0,157,157
2114,2001,0,160,160
2114,2002,0,160,160
2114,2003,0,160,160
2114,2004,0,160,160
2114,2005,0,160,160
2114,2006,0,160,160
2115,1998,0,160,160
2115,1999,0,160,160
2115,2000,0,160,160
2115,2001,0,160,160
2115,2002,0,160,160
2115,2003,0,160,160
2115,2004,0,160,160
2115,2005,0,160,160
2116,1998,0,160,160
2116,1999,0,160,160
2116,2000,0,160,160
2116,2001,0,160,160
2116,2002,0,160,160
2116,2003,0,160,160
2116,2004,0,160,160
2116,2005,0,160,160
2117,1998,159,0,159
2117,1999,159,0,159
2117,2000,159,0,159
2117,2001,159,0,159
2117,2002,89,0,89
2117,2003,90,0,90
2117,2004,90,0,90
2117,2005,90,0,90
2117,2006,90,0,90
2117,2007,90,0,90
2117,2008,90,0,90
2117,2009,90,0,90
2117,2010,90,0,90
2117,2011,90,0,90
2117,2012,90,0,90
2117,2013,90,0,90
2117,2014,90,0,90
2117,2015,90,0,90
2117,2016,90,0,90
2117,2017,90,0,90
2117,2018,90,0,90
2117,2019,90,0,90
2118,1998,158,0,158
2118,1999,158,0,158
2118,2000,158,0,158
2118,2001,158,0,158
2118,2002,158,0,158
2118,2003,158,0,158
2118,2004,158,0,158
2118,2005,158,0,158
2118,2006,158,0,158
2118,2007,158,0,158
2118,2008,158,0,158
2118,2009,158,0,158
2118,2010,158,0,158
2118,2011,158,0,158
2118,2012,158,0,158
2118,2013,158,0,158
2118,2014,158,0,158
2118,2015,158,0,158
2118,2016,158,0,158
2118,2017,158,0,158
2118,2018,158,0,158
2118,2019,158,0,158
2119,2005,0,158,158
2119,2006,0,158,158
2119,2007,0,158,158
2119,2008,0,158,158
2119,2009,0,158,158
2119,2010,0,158,158
2119,2011,0,158,158
2119,2012,0,158,158
2119,2013,0,158,158
2119,2014,0,158,158
2119,2015,0,158,158
2119,2016,0,158,158
2119,2017,0,158,158
2119,2018,0,158,158
2119,2019,0,158,158
2120,1998,158,0,158
2120,1999,158,0,158
2120,2000,158,0,158
2120,2001,158,0,158
2120,2002,158,0,158
2120,2003,158,0,158
2120,2004,158,0,158
2120,2005,158,0,158
2121,2004,0,158,158
2122,1998,157,0,157
2122,1999,157,0,157
2122,2000,157,0,157
2122,2001,157,0,157
2122,2002,157,0,157
2122,2003,157,0,157
2122,2004,157,0,157
2122,2005,157,0,157
2122,2006,157,0,157
2122,2007,157,0,157
2122,2008,157,0,157
2122,2009,157,0,157
2122,2010,157,0,157
2122,2011,157,0,157
2122,2012,157,0,157
2122,2013,157,0,157
2122,2014,157,0,157
2122,2015,157,0,157
2122,2016,157,0,157
2122,2017,157,0,157
2122,2018,157,0,157
2122,2019,157,0,157
2123,2019,0,157,157
2124,2005,0,157,157
2124,2006,0,157,157
2124,2007,0,157,157
2124,2008,0,157,157
2124,2009,0,157,157
2124,2010,0,157,157
2124,2011,0,157,157
2124,2012,0,157,157
2124,2013,0,157,157
2124,2014,0,157,157
2124,2015,0,157,157
2124,2016,0,157,157
2124,2017,0,157,157
2124,2018,0,157,157
2124,2019,0,157,157
2125,1998,157,0,157
2125,1999,157,0,157
2125,2000,157,0,157
2125,2001,157,0,157
2125,2002,157,0,157
2125,2003,157,0,157
2125,2004,157,0,157
2125,2005,157,0,157
2125,2006,157,0,157
2125,2007,157,0,157
2125,2008,157,0,157
2125,2009,157,0,157
2125,2010,157,0,157
2125,2011,157,0,157
2125,2012,157,0,157
2125,2013,157,0,157
2125,2014,157,0,157
2125,2015,157,0,157
2125,2016,157,0,157
2125,2017,157,0,157
2125,2018,157,0,157
2125,2019,157,0,157
2126,2016,0,157,157
2126,2017,0,157,157
2126,2018,0,157,157
2126,2019,0,157,157
2127,2017,157,0,157
2128,1998,157,0,157
2128,1999,157,0,157
2128,2000,157,0,157
2128,2001,157,0,157
2128,2002,157,0,157
2128,2003,157,0,157
2128,2004,157,0,157
2128,2005,157,0,157
2129,2000,0,157,157
2129,2001,0,157,157
2129,2002,0,157,157
2129,2003,0,157,157
2130,1998,156,0,156
2130,1999,156,0,156
2130,2000,156,0,156
2130,2001,156,0,156
2130,2002,156,0,156
2130,2003,156,0,156
2130,2004,156,0,156
2130,2005,156,0,156
2130,2006,156,0,156
2130,2007,156,0,156
2130,2008,156,0,156
2130,2009,156,0,156
2130,2010,156,0,156
2130,2011,156,0,156
2130,2012,156,0,156
2130,2013,156,0,156
2130,2014,156,0,156
2130,2015,156,0,156
2130,2016,156,0,156
2130,2017,156,0,156
2130,2018,156,0,156
2130,2019,156,0,156
2131,1998,0,156,156
2131,1999,0,156,156
2131,2000,0,156,156
2131,2001,0,156,156
2131,2002,0,156,156
2131,2003,0,156,156
2131,2004,0,156,156
2131,2005,0,156,156
2131,2006,0,156,156
2131,2007,0,156,156
2131,2008,0,156,156
2131,2009,0,156,156
2131,2010,0,156,156
2131,2011,0,156,156
2131,2012,0,156,156
2131,2013,0,156,156
2131,2014,0,156,156
2131,2015,0,156,156
2131,2016,0,156,156
2131,2017,0,156,156
2131,2018,0,156,156
2131,2019,0,156,156
2132,1999,156,0,156
2132,2000,156,0,156
2132,2001,156,0,156
2132,2002,156,0,156
2132,2003,156,0,156
2132,2004,156,0,156
2132,2005,156,0,156
2132,2006,156,0,156
2132,2007,156,0,156
2133,1998,156,0,156
2133,1999,156,0,156
2133,2000,156,0,156
2133,2001,156,0,156
2133,2002,156,0,156
2133,2003,156,0,156
2133,2004,156,0,156
2133,2005,156,0,156
2134,1998,0,155,155
2134,1999,0,155,155
2134,2000,0,155,155
2134,2001,0,155,155
2134,2002,0,155,155
2134,2003,0,155,155
2134,2004,0,155,155
2134,2005,0,155,155
2134,2006,0,155,155
2134,2007,0,155,155
2134,2008,0,155,155
2134,2009,0,155,155
2134,2010,0,155,155
2134,2011,0,155,155
2134,2012,0,155,155
2134,2013,0,155,155
2134,2014,0,155,155
2134,2015,0,155,155
2134,2016,0,155,155
2134,2017,0,155,155
2134,2018,0,155,155
2134,2019,0,155,155
2135,1998,155,0,155
2135,1999,155,0,155
2135,2000,155,0,155
2135,2001,155,0,155
2135,2002,155,0,155
2135,2003,155,0,155
2135,2004,155,0,155
2135,2005,155,0,155
2135,2006,155,0,155
2135,2007,155,0,155
2135,2008,155,0,155
2135,2009,155,0,155
2135,2010,155,0,155
2135,2011,155,0,155
2135,2012,155,0,155
2135,2013,155,0,155
2135,2014,155,0,155
2135,2015,155,0,155
2135,2016,155,0,155
2135,2017,155,0,155
2135,2018,155,0,155
2135,2019,155,0,155
2136,1998,155,0,155
2136,1999,155,0,155
2136,2000,155,0,155
2136,2001,155,0,155
2136,2002,155,0,155
2136,2003,155,0,155
2136,2004,155,0,155
2136,2005,155,0,155
2136,2006,155,0,155
2136,2007,155,0,155
2136,2008,155,0,155
2136,2009,155,0,155
2136,2010,155,0,155
2136,2011,155,0,155
2136,2012,155,0,155
2136,2013,155,0,155
2136,2014,155,0,155
2136,2015,155,0,155
2136,2016,155,0,155
2136,2017,155,0,155
2136,2018,155,0,155
2136,2019,155,0,155
2137,1998,155,0,155
2137,1999,155,0,155
2137,2000,155,0,155
2137,2001,155,0,155
2137,2002,155,0,155
2137,2003,155,0,155
2137,2004,155,0,155
2137,2005,155,0,155
2138,2002,154,0,154
2138,2003,154,0,154
2138,2004,154,0,154
2138,2005,154,0,154
2138,2006,154,0,154
2138,2007,154,0,154
2138,2008,154,0,154
2138,2009,154,0,154
2138,2010,154,0,154
2138,2011,154,0,154
2138,2012,154,0,154
2138,2013,154,0,154
2138,2014,154,0,154
2138,2015,154,0,154
2138,2016,154,0,154
2138,2017,154,0,154
2138,2018,154,0,154
2138,2019,154,0,154
2139,2002,0,154,154
2139,2003,0,154,154
2139,2004,0,154,154
2139,2005,0,154,154
2139,2006,0,154,154
2139,2007,0,154,154
2139,2008,0,154,154
2139,2009,0,154,154
2139,2010,0,154,154
2139,2011,0,154,154
2139,2012,0,154,154
2139,2013,0,154,154
2139,2014,0,154,154
2139,2015,0,154,154
2139,2016,0,154,154
2139,2017,0,154,154
2139,2018,0,154,154
2139,2019,0,154,154
2140,1998,153,0,153
2140,1999,153,0,153
2140,2000,153,0,153
2140,2001,153,0,153
2140,2002,153,0,153
2140,2003,153,0,153
2140,2004,153,0,153
2140,2005,153,0,153
2140,2006,153,0,153
2140,2007,153,0,153
2140,2008,153,0,153
2140,2009,153,0,153
2140,2010,153,0,153
2140,2011,153,0,153
2140,2012,153,0,153
2140,2013,153,0,153
2140,2014,153,0,153
2140,2015,153,0,153
2140,2016,153,0,153
2140,2017,153,0,153
2140,2018,153,0,153
2140,2019,153,0,153
2141,2018,0,153,153
2141,2019,0,153,153
2142,2002,0,153,153
2142,2003,0,153,153
2142,2004,0,153,153
2142,2005,0,153,153
2142,2006,0,153,153
2142,2007,0,153,153
2142,2008,0,153,153
2142,2009,0,153,153
2142,2010,0,153,153
2142,2011,0,153,153
2142,2012,0,153,153
2142,2013,0,153,153
2142,2014,0,153,153
2142,2015,0,153,153
2142,2016,0,153,153
2142,2017,0,153,153
2142,2018,0,153,153
2142,2019,0,153,153
2143,2017,153,0,153
2143,2018,153,0,153
2143,2019,153,0,153
2144,1998,148,0,148
2144,1999,148,0,148
2144,2000,148,0,148
2144,2001,153,0,153
2144,2002,153,0,153
2144,2003,153,0,153
2144,2004,153,0,153
2144,2005,153,0,153
2144,2006,153,0,153
2144,2007,153,0,153
2144,2008,153,0,153
2145,1998,153,0,153
2145,1999,153,0,153
2145,2000,153,0,153
2145,2001,153,0,153
2145,2002,153,0,153
2145,2003,153,0,153
2145,2004,153,0,153
2145,2005,153,0,153
2146,2005,0,152,152
2146,2006,0,152,152
2146,2007,0,152,152
2146,2008,0,152,152
2146,2009,0,152,152
2146,2010,0,152,152
2146,2011,0,152,152
2146,2012,0,152,152
2146,2013,0,152,152
2146,2014,0,152,152
2146,2015,0,152,152
2146,2016,0,152,152
2146,2017,0,152,152
2146,2018,0,152,152
2146,2019,0,152,152
2147,2017,0,152,152
2147,2018,0,152,152
2148,1998,0,152,152
2148,1999,0,152,152
2148,2000,0,152,152
2148,2001,0,152,152
2148,2002,0,152,152
2148,2003,0,152,152
2148,2004,0,152,152
2148,2005,0,152,152
2148,2006,0,152,152
2148,2007,0,152,152
2148,2008,0,152,152
2149,1998,152,0,152
2149,1999,152,0,152
2149,2000,152,0,152
2149,2001,152,0,152
2149,2002,152,0,152
2149,2003,152,0,152
2149,2004,152,0,152
2149,2005,152,0,152
2149,2006,152,0,152
2150,2002,0,152,152
2150,2003,0,152,152
2150,2004,0,152,152
2150,2005,0,152,152
2151,1999,152,0,152
2151,2000,152,0,152
2151,2001,152,0,152
2151,2002,152,0,152
2151,2003,152,0,152
2151,2004,152,0,152
2151,2005,152,0,152
2152,1998,148,0,148
2152,1999,148,0,148
2152,2000,148,0,148
2152,2001,148,0,148
2152,2002,148,0,148
2152,2003,148,0,148
2152,2004,148,0,148
2152,2005,148,0,148
2152,2006,148,0,148
2152,2007,148,0,148
2152,2008,148,0,148
2152,2009,148,0,148
2152,2010,148,0,148
2152,2011,148,0,148
2152,2012,148,0,148
2152,2013,148,0,148
2152,2014,148,0,148
2152,2015,151,0,151
2152,2016,151,0,151
2152,2017,151,0,151
2152,2018,151,0,151
2152,2019,151,0,151
2153,1998,151,0,151
2153,1999,151,0,151
2153,2000,151,0,151
2153,2001,151,0,151
2153,2002,151,0,151
2153,2003,151,0,151
2153,2004,151,0,151
2153,2005,151,0,151
2153,2006,151,0,151
2153,2007,151,0,151
2153,2008,151,0,151
2153,2009,151,0,151
2153,2010,151,0,151
2153,2011,151,0,151
2153,2012,151,0,151
2153,2013,151,0,151
2153,2014,151,0,151
2153,2015,151,0,151
2153,2016,151,0,151
2153,2017,151,0,151
2153,2018,151,0,151
2153,2019,151,0,151
2154,1998,0,151,151
2154,1999,0,151,151
2154,2000,0,151,151
2154,2001,0,151,151
2154,2002,0,151,151
2154,2003,0,151,151
2154,2004,0,151,151
2154,2005,0,151,151
2154,2006,0,151,151
2154,2007,0,151,151
2154,2008,0,151,151
2154,2009,0,151,151
2154,2010,0,151,151
2154,2011,0,151,151
2154,2012,0,151,151
2154,2013,0,151,151
2154,2014,0,151,151
2154,2015,0,151,151
2154,2016,0,151,151
2154,2017,0,151,151
2154,2018,0,151,151
2154,2019,0,151,151
2155,1998,151,0,151
2155,1999,151,0,151
2155,2000,151,0,151
2155,2001,151,0,151
2155,2002,151,0,151
2155,2003,151,0,151
2155,2004,151,0,151
2155,2005,151,0,151
2155,2006,151,0,151
2155,2007,151,0,151
2155,2008,151,0,151
2155,2009,151,0,151
2155,2010,151,0,151
2155,2011,151,0,151
2155,2012,151,0,151
2155,2013,151,0,151
2155,2014,151,0,151
2155,2015,151,0,151
2155,2016,151,0,151
2155,2017,151,0,151
2155,2018,151,0,151
2155,2019,151,0,151
2156,2004,0,151,151
2156,2005,0,151,151
2156,2006,0,151,151
2156,2007,0,151,151
2156,2008,0,151,151
2156,2009,0,151,151
2156,2010,0,151,151
2156,2011,0,151,151
2156,2012,0,151,151
2156,2013,0,151,151
2156,2014,0,151,151
2156,2015,0,151,151
2156,2016,0,151,151
2156,2017,0,151,151
2156,2018,0,151,151
2156,2019,0,151,151
2157,1998,151,0,151
2157,1999,151,0,151
2157,2000,151,0,151
2157,2001,151,0,151
2157,2002,151,0,151
2157,2003,151,0,151
2157,2004,151,0,151
2157,2005,151,0,151
2157,2006,151,0,151
2157,2007,151,0,151
2157,2008,151,0,151
2157,2009,151,0,151
2157,2010,151,0,151
2157,2011,151,0,151
2157,2012,151,0,151
2157,2013,151,0,151
2157,2014,151,0,151
2157,2015,151,0,151
2157,2016,151,0,151
2157,2017,151,0,151
2157,2018,151,0,151
2157,2019,151,0,151
2158,1998,151,0,151
2158,1999,151,0,151
2158,2000,151,0,151
2158,2001,151,0,151
2158,2002,95,0,95
2158,2003,95,0,95
2158,2004,95,0,95
2159,1998,136,0,136
2159,1999,136,0,136
2159,2000,136,0,136
2159,2001,139,0,139
2159,2002,139,0,139
2159,2003,139,0,139
2159,2004,139,0,139
2159,2005,139,0,139
2159,2006,139,0,139
2159,2007,139,0,139
2159,2008,139,0,139
2159,2009,139,0,139
2159,2010,139,0,139
2159,2011,139,0,139
2159,2012,139,0,139
2159,2013,139,0,139
2159,2014,139,0,139
2159,2015,150,0,150
2159,2016,150,0,150
2159,2017,150,0,150
2159,2018,150,0,150
2159,2019,150,0,150
2160,1998,150,0,150
2160,1999,150,0,150
2160,2000,150,0,150
2160,2001,150,0,150
2160,2002,150,0,150
2160,2003,150,0,150
2160,2004,150,0,150
2160,2005,150,0,150
2160,2006,150,0,150
2160,2007,150,0,150
2160,2008,150,0,150
2160,2009,150,0,150
2160,2010,150,0,150
2160,2011,150,0,150
2160,2012,150,0,150
2160,2013,150,0,150
2160,2014,150,0,150
2160,2015,150,0,150
2160,2016,150,0,150
2160,2017,150,0,150
2160,2018,150,0,150
2160,2019,150,0,150
2161,2007,0,150,150
2161,2008,0,150,150
2161,2009,0,150,150
2161,2010,0,143,143
2161,2011,0,143,143
2161,2012,0,143,143
2161,2013,0,143,143
2162,2005,0,150,150
2162,2006,0,150,150
2162,2007,0,150,150
2162,2008,0,150,150
2162,2009,0,150,150
2163,1998,0,150,150
2163,1999,0,150,150
2163,2000,0,150,150
2163,2001,0,150,150
2163,2002,0,150,150
2163,2003,0,150,150
2163,2004,0,150,150
2163,2005,0,150,150
2164,2005,0,149,149
2164,2006,0,149,149
2164,2007,0,149,149
2164,2008,0,149,149
2164,2009,0,149,149
2164,2010,0,149,149
2164,2011,0,149,149
2164,2012,0,149,149
2164,2013,0,149,149
2164,2014,0,149,149
2164,2015,0,149,149
2164,2016,0,149,149
2164,2017,0,149,149
2164,2018,0,149,149
2164,2019,0,149,149
2165,1998,149,0,149
2165,1999,149,0,149
2165,2000,149,0,149
2165,2001,149,0,149
2165,2002,149,0,149
2165,2003,149,0,149
2165,2004,149,0,149
2165,2005,149,0,149
2165,2006,149,0,149
2165,2007,149,0,149
2165,2008,149,0,149
2165,2009,149,0,149
2165,2010,149,0,149
2165,2011,149,0,149
2165,2012,149,0,149
2165,2013,149,0,149
2165,2014,149,0,149
2165,2015,149,0,149
2165,2016,149,0,149
2165,2017,149,0,149
2165,2018,149,0,149
2165,2019,149,0,149
2166,1998,149,0,149
2166,1999,149,0,149
2166,2000,149,0,149
2166,2001,149,0,149
2166,2002,149,0,149
2166,2003,149,0,149
2166,2004,149,0,149
2166,2005,149,0,149
2166,2006,149,0,149
2166,2007,149,0,149
2166,2008,149,0,149
2166,2009,149,0,149
2166,2010,149,0,149
2166,2011,149,0,149
2166,2012,149,0,149
2166,2013,149,0,149
2166,2014,149,0,149
2166,2015,149,0,149
2166,2016,149,0,149
2166,2017,149,0,149
2166,2018,149,0,149
2166,2019,149,0,149
2167,2005,0,149,149
2167,2006,0,149,149
2167,2007,0,149,149
2167,2008,0,149,149
2167,2009,0,149,149
2167,2010,0,149,149
2167,2011,0,149,149
2167,2012,0,149,149
2167,2013,0,149,149
2167,2014,0,149,149
2167,2015,0,149,149
2168,1998,0,149,149
2168,1999,0,149,149
2168,2000,0,149,149
2168,2001,0,149,149
2168,2002,0,149,149
2168,2003,0,149,149
2168,2004,0,149,149
2168,2005,0,149,149
2168,2006,0,149,149
2169,1998,0,149,149
2169,1999,0,149,149
2169,2000,0,149,149
2169,2001,0,149,149
2169,2002,0,149,149
2169,2003,0,149,149
2170,1998,0,149,149
2170,1999,0,149,149
2171,2004,148,0,148
2171,2005,148,0,148
2171,2006,148,0,148
2171,2007,148,0,148
2171,2008,148,0,148
2171,2009,148,0,148
2171,2010,148,0,148
2171,2011,148,0,148
2171,2012,148,0,148
2171,2013,148,0,148
2171,2014,148,0,148
2171,2015,148,0,148
2171,2016,148,0,148
2171,2017,148,0,148
2171,2018,148,0,148
2171,2019,148,0,148
2172,1998,0,148,148
2172,1999,0,148,148
2172,2000,0,148,148
2172,2001,0,148,148
2172,2002,0,148,148
2172,2003,0,148,148
2172,2004,0,148,148
2172,2005,0,148,148
2172,2006,0,148,148
2172,2007,0,148,148
2172,2008,0,148,148
2172,2009,0,148,148
2172,2010,0,148,148
2172,2011,0,148,148
2172,2012,0,148,148
2172,2013,0,148,148
2172,2014,0,148,148
2172,2015,0,148,148
2172,2016,0,148,148
2172,2017,0,148,148
2172,2018,0,148,148
2172,2019,0,148,148
2173,1998,0,148,148
2173,1999,0,148,148
2173,2000,0,148,148
2173,2001,0,148,148
2173,2002,0,148,148
2173,2003,0,148,148
2173,2004,0,148,148
2173,2005,0,148,148
2173,2006,0,148,148
2173,2007,0,148,148
2173,2008,0,148,148
2173,2009,0,148,148
2173,2010,0,148,148
2173,2011,0,148,148
2173,2012,0,148,148
2173,2013,0,148,148
2173,2014,0,148,148
2173,2015,0,148,148
2173,2016,0,148,148
2173,2017,0,148,148
2173,2018,0,148,148
2173,2019,0,148,148
2174,1998,148,0,148
2174,1999,148,0,148
2174,2000,148,0,148
2174,2001,148,0,148
2174,2002,148,0,148
2174,2003,148,0,148
2174,2004,148,0,148
2174,2005,148,0,148
2174,2006,148,0,148
2174,2007,148,0,148
2175,2004,0,148,148
2176,1998,148,0,148
2176,1999,148,0,148
2177,2010,0,147,147
2177,2011,0,147,147
2177,2012,0,147,147
2177,2013,0,147,147
2177,2014,0,147,147
2177,2015,0,147,147
2177,2016,0,147,147
2177,2017,0,147,147
2177,2018,0,147,147
2177,2019,0,147,147
2178,2006,0,147,147
2178,2007,0,147,147
2178,2008,0,147,147
2178,2009,0,147,147
2178,2010,0,147,147
2178,2011,0,147,147
2178,2012,0,147,147
2178,2013,0,147,147
2178,2014,0,147,147
2178,2015,0,147,147
2178,2016,0,147,147
2178,2017,0,147,147
2178,2018,0,147,147
2178,2019,0,147,147
2179,1998,147,0,147
2179,1999,147,0,147
2179,2000,147,0,147
2179,2001,147,0,147
2179,2002,147,0,147
2179,2003,147,0,147
2179,2004,147,0,147
2179,2005,147,0,147
2180,2001,0,147,147
2180,2002,0,147,147
2180,2003,0,147,147
2181,1998,0,147,147
2182,2001,146,0,146
2182,2002,146,0,146
2182,2003,146,0,146
2182,2004,146,0,146
2182,2005,146,0,146
2182,2006,146,0,146
2182,2007,146,0,146
2182,2008,146,0,146
2182,2009,146,0,146
2182,2010,146,0,146
2182,2011,146,0,146
2182,2012,146,0,146
2182,2013,146,0,146
2182,2014,146,0,146
2182,2015,146,0,146
2182,2016,146,0,146
2182,2017,146,0,146
2182,2018,146,0,146
2182,2019,146,0,146
2183,2002,0,146,146
2183,2003,0,146,146
2183,2004,0,146,146
2183,2005,0,146,146
2183,2006,0,146,146
2183,2007,0,146,146
2183,2008,0,146,146
2183,2009,0,146,146
2183,2010,0,146,146
2183,2011,0,146,146
2183,2012,0,146,146
2183,2013,0,146,146
2183,2014,0,146,146
2183,2015,0,146,146
2183,2016,0,146,146
2183,2017,0,146,146
2183,2018,0,146,146
2183,2019,0,146,146
2184,1998,0,146,146
2184,1999,0,146,146
2184,2000,0,146,146
2184,2001,0,146,146
2184,2002,0,146,146
2184,2003,0,146,146
2184,2004,0,146,146
2184,2005,0,146,146
2184,2006,0,146,146
2184,2007,0,146,146
2184,2008,0,146,146
2184,2009,0,146,146
2184,2010,0,109,109
2184,2011,0,109,109
2184,2012,0,109,109
2184,2013,0,109,109
2184,2014,0,109,109
2184,2015,0,109,109
2184,2016,0,109,109
2184,2017,0,109,109
2184,2018,0,109,109
2184,2019,0,109,109
2185,2002,0,146,146
2185,2003,0,146,146
2185,2004,0,146,146
2185,2005,0,146,146
2186,2002,0,146,146
2186,2003,0,146,146
2186,2004,0,146,146
2186,2005,0,146,146
2187,1998,146,0,146
2187,1999,146,0,146
2187,2000,146,0,146
2187,2001,146,0,146
2187,2002,146,0,146
2187,2003,146,0,146
2187,2004,146,0,146
2187,2005,146,0,146
2188,1998,146,0,146
2188,1999,146,0,146
2188,2000,146,0,146
2189,2010,145,0,145
2189,2011,145,0,145
2189,2012,145,0,145
2189,2013,145,0,145
2189,2014,145,0,145
2189,2015,145,0,145
2189,2016,145,0,145
2189,2017,145,0,145
2189,2018,145,0,145
2189,2019,145,0,145
2190,1998,145,0,145
2190,1999,145,0,145
2190,2000,145,0,145
2190,2001,145,0,145
2190,2002,145,0,145
2190,2003,145,0,145
2190,2004,145,0,145
2190,2005,145,0,145
2190,2006,145,0,145
2190,2007,145,0,145
2190,2008,145,0,145
2190,2009,145,0,145
2190,2010,145,0,145
2190,2011,145,0,145
2190,2012,145,0,145
2190,2013,145,0,145
2190,2014,145,0,145
2190,2015,145,0,145
2190,2016,145,0,145
2190,2017,145,0,145
2190,2018,145,0,145
2190,2019,145,0,145
2191,2016,145,0,145
2191,2017,145,0,145
2191,2018,145,0,145
2191,2019,145,0,145
2192,1998,145,0,145
2192,1999,145,0,145
2192,2000,145,0,145
2192,2001,145,0,145
2192,2002,145,0,145
2192,2003,145,0,145
2192,2004,145,0,145
2192,2005,145,0,145
2192,2006,145,0,145
2192,2007,145,0,145
2192,2008,145,0,145
2192,2009,145,0,145
2192,2010,145,0,145
2192,2011,145,0,145
2192,2012,145,0,145
2192,2013,145,0,145
2192,2014,145,0,145
2192,2015,145,0,145
2192,2016,145,0,145
2192,2017,145,0,145
2192,2018,145,0,145
2192,2019,145,0,145
2193,2001,0,143,143
2193,2002,0,143,143
2193,2003,0,143,143
2193,2004,0,143,143
2193,2005,0,145,145
2193,2006,0,145,145
2193,2007,0,145,145
2193,2008,0,145,145
2193,2009,0,145,145
2193,2010,0,145,145
2193,2011,0,145,145
2193,2012,0,145,145
2194,2008,145,0,145
2194,2009,145,0,145
2195,1998,145,0,145
2195,1999,145,0,145
2195,2000,145,0,145
2195,2001,145,0,145
2195,2002,145,0,145
2195,2003,145,0,145
2195,2004,145,0,145
2195,2005,145,0,145
2195,2006,145,0,145
2195,2007,145,0,145
2195,2008,145,0,145
2196,2002,0,145,145
2196,2003,0,145,145
2196,2004,0,145,145
2196,2005,0,145,145
2197,2000,142,0,142
2197,2001,142,0,142
2197,2002,142,0,142
2197,2003,145,0,145
2198,1998,144,0,144
2198,1999,144,0,144
2198,2000,144,0,144
2198,2001,144,0,144
2198,2002,144,0,144
2198,2003,144,0,144
2198,2004,144,0,144
2198,2005,144,0,144
2198,2006,144,0,144
2198,2007,144,0,144
2198,2008,144,0,144
2198,2009,144,0,144
2198,2010,144,0,144
2198,2011,144,0,144
2198,2012,144,0,144
2198,2013,144,0,144
2198,2014,144,0,144
2198,2015,144,0,144
2198,2016,144,0,144
2198,2017,144,0,144
2198,2018,144,0,144
2198,2019,144,0,144
2199,2016,144,0,144
2199,2017,144,0,144
2199,2018,144,0,144
2199,2019,144,0,144
2200,1998,144,0,144
2200,1999,144,0,144
2200,2000,144,0,144
2200,2001,144,0,144
2201,2017,0,143,143
2202,1998,143,0,143
2202,1999,143,0,143
2202,2000,143,0,143
2202,2001,143,0,143
2202,2002,143,0,143
2202,2003,143,0,143
2202,2004,143,0,143
2202,2005,143,0,143
2202,2006,143,0,143
2202,2007,143,0,143
2202,2008,143,0,143
2203,1998,88,54,142
2203,1999,88,54,142
2203,2000,88,54,142
2203,2001,88,54,142
2203,2002,88,54,142
2203,2003,88,54,142
2203,2004,88,0,88
2203,2005,88,0,88
2204,2002,0,142,142
2204,2003,0,142,142
2204,2004,0,142,142
2204,2005,0,142,142
2205,2002,0,142,142
2205,2003,0,142,142
2205,2004,0,142,142
2205,2005,0,142,142
2206,2001,142,0,142
2206,2002,142,0,142
2206,2003,142,0,142
2206,2004,142,0,142
2207,1998,141,0,141
2207,1999,141,0,141
2207,2000,141,0,141
2207,2001,141,0,141
2207,2002,141,0,141
2207,2003,141,0,141
2207,2004,141,0,141
2207,2005,141,0,141
2207,2006,141,0,141
2207,2007,141,0,141
2207,2008,141,0,141
2207,2009,141,0,141
2207,2010,141,0,141
2207,2011,141,0,141
2207,2012,141,0,141
2207,2013,141,0,141
2207,2014,141,0,141
2207,2015,141,0,141
2207,2016,141,0,141
2207,2017,141,0,141
2207,2018,141,0,141
2207,2019,141,0,141
2208,1998,141,0,141
2208,1999,141,0,141
2208,2000,141,0,141
2208,2001,141,0,141
2208,2002,141,0,141
2208,2003,141,0,141
2208,2004,141,0,141
2208,2005,141,0,141
2208,2006,141,0,141
2208,2007,141,0,141
2208,2008,141,0,141
2208,2009,141,0,141
2208,2010,141,0,141
2208,2011,141,0,141
2208,2012,141,0,141
2208,2013,141,0,141
2208,2014,141,0,141
2208,2015,141,0,141
2208,2016,141,0,141
2208,2017,141,0,141
2208,2018,141,0,141
2208,2019,141,0,141
2209,1998,141,0,141
2209,1999,141,0,141
2209,2000,141,0,141
2209,2001,141,0,141
2209,2002,141,0,141
2209,2003,141,0,141
2209,2004,141,0,141
2209,2005,141,0,141
2209,2006,141,0,141
2209,2007,141,0,141
2209,2008,141,0,141
2209,2009,141,0,141
2209,2010,141,0,141
2209,2011,141,0,141
2209,2012,141,0,141
2209,2013,141,0,141
2209,2014,141,0,141
2209,2015,141,0,141
2209,2016,141,0,141
2209,2017,141,0,141
2209,2018,141,0,141
2209,2019,141,0,141
2210,1998,141,0,141
2210,1999,141,0,141
2210,2000,141,0,141
2210,2001,141,0,141
2210,2002,141,0,141
2210,2003,141,0,141
2210,2004,141,0,141
2210,2005,141,0,141
2211,1998,0,141,141
2211,1999,0,141,141
2211,2000,0,141,141
2211,2001,0,141,141
2211,2002,0,141,141
2211,2003,0,141,141
2211,2004,0,141,141
2211,2005,0,141,141
2212,2002,141,0,141
2212,2003,141,0,141
2213,1998,141,0,141
2213,1999,141,0,141
2213,2000,141,0,141
2214,1998,0,140,140
2214,1999,0,140,140
2214,2000,0,140,140
2214,2001,0,140,140
2214,2002,0,140,140
2214,2003,0,140,140
2214,2004,0,140,140
2214,2005,0,140,140
2214,2006,0,140,140
2214,2007,0,140,140
2215,1998,0,140,140
2215,1999,0,140,140
2215,2000,0,140,140
2215,2001,0,140,140
2215,2002,0,140,140
2215,2003,0,140,140
2215,2004,0,140,140
2215,2005,0,140,140
2216,2002,0,140,140
2216,2003,0,140,140
2216,2004,0,140,140
2217,1998,0,139,139
2217,1999,0,139,139
2217,2000,0,139,139
2217,2001,0,139,139
2217,2002,0,139,139
2217,2003,0,139,139
2217,2004,0,139,139
2217,2005,0,139,139
2218,1998,138,0,138
2218,1999,138,0,138
2218,2000,138,0,138
2218,2001,138,0,138
2218,2002,138,0,138
2218,2003,138,0,138
2218,2004,138,0,138
2218,2005,138,0,138
2218,2006,138,0,138
2218,2007,138,0,138
2218,2008,138,0,138
2218,2009,138,0,138
2218,2010,138,0,138
2218,2011,138,0,138
2218,2012,138,0,138
2218,2013,138,0,138
2218,2014,138,0,138
2218,2015,138,0,138
2218,2016,138,0,138
2218,2017,138,0,138
2218,2018,138,0,138
2218,2019,138,0,138
2219,1998,0,138,138
2219,1999,0,138,138
2219,2000,0,138,138
2219,2001,0,138,138
2219,2002,0,138,138
2219,2003,0,138,138
2219,2004,0,138,138
2219,2005,0,138,138
2220,1998,0,137,137
2220,1999,0,137,137
2220,2000,0,137,137
2220,2001,0,137,137
2220,2002,0,137,137
2220,2003,0,137,137
2220,2004,0,137,137
2220,2005,0,137,137
2220,2006,0,137,137
2220,2007,0,137,137
2220,2008,0,137,137
2220,2009,0,137,137
2220,2010,0,137,137
2220,2011,0,137,137
2220,2012,0,137,137
2220,2013,0,137,137
2220,2014,0,137,137
2220,2015,0,137,137
2220,2016,0,137,137
2220,2017,0,137,137
2220,2018,0,137,137
2220,2019,0,137,137
2221,1998,137,0,137
2221,1999,137,0,137
2221,2000,137,0,137
2221,2001,137,0,137
2221,2002,137,0,137
2221,2003,137,0,137
2221,2004,137,0,137
2221,2005,137,0,137
2221,2006,137,0,137
2221,2007,137,0,137
2221,2008,137,0,137
2222,1998,137,0,137
2222,1999,137,0,137
2222,2000,137,0,137
2222,2001,137,0,137
2222,2002,137,0,137
2222,2003,137,0,137
2222,2004,137,0,137
2222,2005,137,0,137
2223,1998,136,0,136
2223,1999,136,0,136
2223,2000,136,0,136
2223,2001,136,0,136
2223,2002,136,0,136
2223,2003,136,0,136
2223,2004,136,0,136
2223,2005,136,0,136
2223,2006,136,0,136
2223,2007,136,0,136
2223,2008,136,0,136
2223,2009,136,0,136
2223,2010,136,0,136
2223,2011,136,0,136
2223,2012,136,0,136
2223,2013,136,0,136
2223,2014,136,0,136
2223,2015,136,0,136
2223,2016,136,0,136
2223,2017,136,0,136
2223,2018,136,0,136
2223,2019,136,0,136
2224,1998,0,136,136
2224,1999,0,136,136
2224,2000,0,136,136
2224,2001,0,136,136
2224,2002,0,136,136
2224,2003,0,136,136
2224,2004,0,136,136
2224,2005,0,136,136
2225,2004,0,135,135
2225,2005,0,135,135
2225,2006,0,135,135
2225,2007,0,135,135
2225,2008,0,135,135
2225,2009,0,135,135
2225,2010,0,135,135
2225,2011,0,135,135
2225,2012,0,135,135
2225,2013,0,135,135
2225,2014,0,135,135
2225,2015,0,135,135
2225,2016,0,135,135
2225,2017,0,135,135
2225,2018,0,135,135
2225,2019,0,135,135
2226,2016,0,135,135
2226,2017,0,135,135
2226,2018,0,135,135
2226,2019,0,135,135
2227,1998,132,0,132
2227,1999,132,0,132
2227,2000,132,0,132
2227,2001,132,0,132
2227,2002,132,0,132
2227,2003,135,0,135
2227,2004,135,0,135
2227,2005,135,0,135
2227,2006,132,0,132
2227,2007,132,0,132
2227,2008,132,0,132
2228,2002,0,135,135
2228,2003,0,135,135
2228,2004,0,135,135
2228,2005,0,135,135
2229,1998,134,0,134
2229,1999,134,0,134
2229,2000,134,0,134
2229,2001,134,0,134
2229,2002,134,0,134
2229,2003,134,0,134
2229,2004,134,0,134
2229,2005,134,0,134
2229,2006,134,0,134
2229,2007,134,0,134
2229,2008,134,0,134
2229,2009,134,0,134
2229,2010,134,0,134
2229,2011,134,0,134
2229,2012,134,0,134
2229,2013,134,0,134
2229,2014,134,0,134
2229,2015,134,0,134
2229,2016,134,0,134
2229,2017,134,0,134
2229,2018,134,0,134
2229,2019,134,0,134
2230,1998,134,0,134
2230,1999,134,0,134
2230,2000,134,0,134
2230,2001,134,0,134
2230,2002,134,0,134
2230,2003,134,0,134
2230,2004,134,0,134
2230,2005,134,0,134
2230,2006,134,0,134
2230,2007,134,0,134
2230,2008,134,0,134
2231,1998,132,0,132
2231,1999,132,0,132
2231,2000,132,0,132
2231,2001,134,0,134
2231,2002,134,0,134
2231,2003,134,0,134
2231,2004,134,0,134
2231,2005,134,0,134
2231,2006,134,0,134
2231,2007,134,0,134
2231,2008,134,0,134
2232,1998,134,0,134
2232,1999,134,0,134
2232,2000,134,0,134
2232,2001,134,0,134
2232,2002,134,0,134
2232,2003,134,0,134
2232,2004,134,0,134
2232,2005,134,0,134
2233,2008,133,0,133
2233,2009,133,0,133
2233,2010,133,0,133
2233,2011,133,0,133
2233,2012,133,0,133
2233,2013,133,0,133
2233,2014,133,0,133
2233,2015,133,0,133
2233,2016,133,0,133
2233,2017,133,0,133
2233,2018,133,0,133
2233,2019,133,0,133
2234,1998,0,133,133
2234,1999,0,133,133
2234,2000,0,133,133
2234,2001,0,133,133
2234,2002,0,133,133
2234,2003,0,133,133
2234,2004,0,133,133
2234,2005,0,133,133
2234,2006,0,133,133
2234,2007,0,133,133
2234,2008,0,133,133
2234,2009,0,133,133
2234,2010,0,133,133
2234,2011,0,133,133
2234,2012,0,133,133
2234,2013,0,133,133
2234,2014,0,133,133
2234,2015,0,133,133
2234,2016,0,133,133
2234,2017,0,133,133
2234,2018,0,133,133
2234,2019,0,133,133
2235,2001,133,0,133
2235,2002,133,0,133
2235,2003,133,0,133
2235,2004,133,0,133
2235,2005,133,0,133
2235,2006,133,0,133
2235,2007,133,0,133
2235,2008,133,0,133
2235,2009,133,0,133
2235,2010,133,0,133
2235,2011,133,0,133
2235,2012,133,0,133
2235,2013,133,0,133
2235,2014,133,0,133
2235,2015,133,0,133
2235,2016,133,0,133
2235,2017,133,0,133
2235,2018,133,0,133
2235,2019,133,0,133
2236,2004,131,0,131
2236,2005,131,0,131
2236,2006,131,0,131
2236,2007,131,0,131
2236,2008,131,0,131
2236,2009,133,0,133
2236,2010,133,0,133
2236,2011,133,0,133
2236,2012,133,0,133
2236,2013,133,0,133
2236,2014,133,0,133
2236,2015,133,0,133
2236,2016,133,0,133
2236,2017,133,0,133
2236,2018,133,0,133
2236,2019,133,0,133
2237,1998,0,133,133
2237,1999,0,133,133
2237,2000,0,133,133
2237,2001,0,133,133
2237,2002,0,133,133
2237,2003,0,133,133
2237,2004,0,133,133
2237,2005,0,133,133
2237,2006,0,133,133
2237,2007,0,133,133
2237,2008,0,133,133
2237,2009,0,133,133
2237,2010,0,133,133
2237,2011,0,133,133
2237,2012,0,133,133
2237,2013,0,133,133
2237,2014,0,133,133
2237,2015,0,133,133
2238,1998,133,0,133
2238,1999,133,0,133
2238,2000,133,0,133
2238,2001,133,0,133
2238,2002,133,0,133
2238,2003,133,0,133
2238,2004,133,0,133
2238,2005,133,0,133
2238,2006,133,0,133
2238,2007,133,0,133
2238,2008,133,0,133
2238,2009,133,0,133
2238,2010,74,0,74
2239,1998,133,0,133
2239,1999,133,0,133
2239,2000,133,0,133
2239,2001,133,0,133
2239,2002,133,0,133
2239,2003,133,0,133
2239,2004,133,0,133
2239,2005,133,0,133
2240,2002,0,133,133
2240,2003,0,133,133
2240,2004,0,133,133
2241,1998,133,0,133
2241,1999,133,0,133
2241,2000,133,0,133
2241,2001,133,0,133
2242,1998,133,0,133
2242,1999,133,0,133
2243,2015,132,0,132
2243,2016,132,0,132
2243,2017,132,0,132
2243,2018,132,0,132
2243,2019,132,0,132
2244,1998,132,0,132
2244,1999,132,0,132
2244,2000,132,0,132
2244,2001,132,0,132
2244,2002,132,0,132
2244,2003,132,0,132
2244,2004,132,0,132
2244,2005,132,0,132
2244,2006,132,0,132
2244,2007,132,0,132
2244,2008,132,0,132
2244,2009,132,0,132
2244,2010,132,0,132
2244,2011,132,0,132
2244,2012,132,0,132
2244,2013,132,0,132
2244,2014,132,0,132
2244,2015,132,0,132
2244,2016,132,0,132
2244,2017,132,0,132
2244,2018,132,0,132
2244,2019,132,0,132
2245,1998,0,132,132
2245,1999,0,132,132
2245,2000,0,132,132
2245,2001,0,132,132
2245,2002,0,132,132
2245,2003,0,132,132
2245,2004,0,132,132
2245,2005,0,132,132
2245,2006,0,132,132
2245,2007,0,132,132
2245,2008,0,132,132
2245,2009,0,132,132
2246,1998,132,0,132
2246,1999,132,0,132
2246,2000,132,0,132
2246,2001,132,0,132
2246,2002,132,0,132
2246,2003,132,0,132
2246,2004,132,0,132
2246,2005,132,0,132
2246,2006,132,0,132
2246,2007,132,0,132
2246,2008,132,0,132
2247,1998,0,132,132
2247,1999,0,132,132
2247,2000,0,132,132
2247,2001,0,132,132
2247,2002,0,132,132
2247,2003,0,132,132
2247,2004,0,132,132
2247,2005,0,132,132
2248,1998,132,0,132
2248,1999,132,0,132
2248,2000,132,0,132
2248,2001,132,0,132
2248,2002,132,0,132
2248,2003,132,0,132
2248,2004,132,0,132
2248,2005,132,0,132
2249,1998,0,132,132
2249,1999,0,132,132
2249,2000,0,132,132
2249,2001,0,132,132
2249,2002,0,132,132
2249,2003,0,132,132
2249,2004,0,132,132
2249,2005,0,132,132
2250,1998,132,0,132
2250,1999,132,0,132
2250,2000,132,0,132
2250,2001,132,0,132
2250,2002,132,0,132
2250,2003,132,0,132
2250,2004,132,0,132
2250,2005,132,0,132
2251,1998,0,132,132
2251,1999,0,132,132
2251,2000,0,132,132
2251,2001,0,132,132
2251,2002,0,132,132
2251,2003,0,132,132
2251,2004,0,132,132
2251,2005,0,132,132
2252,1998,132,0,132
2252,1999,132,0,132
2252,2000,132,0,132
2252,2001,132,0,132
2252,2002,132,0,132
2252,2003,132,0,132
2252,2004,132,0,132
2252,2005,132,0,132
2253,1998,0,132,132
2253,1999,0,132,132
2253,2000,0,132,132
2254,2018,0,131,131
2254,2019,0,131,131
2255,2012,131,0,131
2255,2013,131,0,131
2255,2014,131,0,131
2255,2015,131,0,131
2255,2016,131,0,131
2255,2017,131,0,131
2255,2018,131,0,131
2255,2019,131,0,131
2256,2008,0,131,131
2256,2009,0,131,131
2256,2010,0,131,131
2256,2011,0,131,131
2256,2012,0,131,131
2256,2013,0,131,131
2257,2002,0,127,127
2257,2003,0,127,127
2257,2004,0,127,127
2257,2005,0,130,130
2257,2006,0,130,130
2257,2007,0,130,130
2257,2008,0,130,130
2257,2009,0,130,130
2257,2010,0,130,130
2257,2011,0,130,130
2258,1998,130,0,130
2258,1999,130,0,130
2258,2000,130,0,130
2258,2001,130,0,130
2258,2002,130,0,130
2258,2003,130,0,130
2258,2004,130,0,130
2258,2005,130,0,130
2258,2006,130,0,130
2258,2007,130,0,130
2258,2008,130,0,130
2259,1998,0,130,130
2259,1999,0,130,130
2259,2000,0,130,130
2259,2001,0,130,130
2259,2002,0,130,130
2259,2003,0,130,130
2259,2004,0,130,130
2259,2005,0,130,130
2260,1998,0,130,130
2260,1999,0,130,130
2260,2000,0,130,130
2260,2001,0,130,130
2260,2002,0,130,130
2260,2003,0,130,130
2260,2004,0,130,130
2260,2005,0,130,130
2261,2002,0,129,129
2261,2003,0,129,129
2261,2004,0,129,129
2261,2005,0,129,129
2261,2006,0,129,129
2261,2007,0,129,129
2261,2008,0,129,129
2261,2009,0,129,129
2261,2010,0,129,129
2261,2011,0,129,129
2261,2012,0,129,129
2261,2013,0,129,129
2261,2014,0,129,129
2261,2015,0,129,129
2261,2016,0,129,129
2261,2017,0,129,129
2261,2018,0,129,129
2261,2019,0,129,129
2262,1998,129,0,129
2262,1999,129,0,129
2262,2000,129,0,129
2262,2001,129,0,129
2262,2002,129,0,129
2262,2003,129,0,129
2262,2004,129,0,129
2262,2005,129,0,129
2262,2006,129,0,129
2262,2007,129,0,129
2262,2008,129,0,129
2262,2009,129,0,129
2262,2010,129,0,129
2262,2011,129,0,129
2262,2012,129,0,129
2262,2013,129,0,129
2262,2014,129,0,129
2262,2015,129,0,129
2262,2016,129,0,129
2262,2017,129,0,129
2262,2018,129,0,129
2262,2019,129,0,129
2263,1998,129,0,129
2263,1999,129,0,129
2263,2000,129,0,129
2263,2001,129,0,129
2263,2002,129,0,129
2263,2003,129,0,129
2263,2004,129,0,129
2263,2005,129,0,129
2263,2006,129,0,129
2263,2007,129,0,129
2263,2008,129,0,129
2264,1998,128,0,128
2264,1999,128,0,128
2264,2000,128,0,128
2264,2001,128,0,128
2264,2002,128,0,128
2264,2003,128,0,128
2264,2004,128,0,128
2264,2005,128,0,128
2264,2006,128,0,128
2264,2007,128,0,128
2264,2008,128,0,128
2264,2009,128,0,128
2264,2010,128,0,128
2264,2011,128,0,128
2264,2012,128,0,128
2264,2013,128,0,128
2264,2014,128,0,128
2264,2015,126,0,126
2264,2016,126,0,126
2264,2017,126,0,126
2264,2018,126,0,126
2264,2019,126,0,126
2265,1998,128,0,128
2265,1999,128,0,128
2265,2000,128,0,128
2265,2001,128,0,128
2265,2002,128,0,128
2265,2003,128,0,128
2265,2004,128,0,128
2265,2005,128,0,128
2265,2006,128,0,128
2265,2007,128,0,128
2265,2008,128,0,128
2265,2009,128,0,128
2265,2010,128,0,128
2265,2011,128,0,128
2265,2012,128,0,128
2265,2013,128,0,128
2265,2014,128,0,128
2265,2015,128,0,128
2265,2016,128,0,128
2265,2017,128,0,128
2265,2018,128,0,128
2265,2019,128,0,128
2266,1998,128,0,128
2266,1999,128,0,128
2266,2000,128,0,128
2266,2001,128,0,128
2266,2002,128,0,128
2266,2003,128,0,128
2266,2004,128,0,128
2266,2005,128,0,128
2266,2006,128,0,128
2266,2007,128,0,128
2266,2008,128,0,128
2267,1998,128,0,128
2267,1999,128,0,128
2267,2000,128,0,128
2267,2001,128,0,128
2267,2002,128,0,128
2267,2003,128,0,128
2267,2004,128,0,128
2267,2005,128,0,128
2268,1998,0,128,128
2269,1998,127,0,127
2269,1999,127,0,127
2269,2000,127,0,127
2269,2001,127,0,127
2269,2002,127,0,127
2269,2003,127,0,127
2269,2004,127,0,127
2269,2005,127,0,127
2269,2006,127,0,127
2269,2007,127,0,127
2269,2008,127,0,127
2269,2009,127,0,127
2269,2010,127,0,127
2269,2011,127,0,127
2269,2012,127,0,127
2269,2013,127,0,127
2269,2014,127,0,127
2269,2015,127,0,127
2269,2016,127,0,127
2269,2017,127,0,127
2269,2018,127,0,127
2269,2019,127,0,127
2270,1998,0,127,127
2270,1999,0,127,127
2270,2000,0,127,127
2270,2001,0,127,127
2270,2002,0,127,127
2270,2003,0,127,127
2270,2004,0,127,127
2270,2005,0,127,127
2270,2006,0,127,127
2270,2007,0,127,127
2270,2008,0,127,127
2270,2009,0,127,127
2270,2010,0,127,127
2270,2011,0,127,127
2270,2012,0,127,127
2270,2013,0,127,127
2270,2014,0,127,127
2270,2015,0,127,127
2270,2016,0,127,127
2270,2017,0,127,127
2270,2018,0,127,127
2270,2019,0,127,127
2271,1998,0,127,127
2271,1999,0,127,127
2271,2000,0,127,127
2271,2001,0,127,127
2271,2002,0,127,127
2271,2003,0,127,127
2271,2004,0,127,127
2271,2005,0,127,127
2271,2006,0,127,127
2271,2007,0,127,127
2271,2008,0,127,127
2271,2009,0,127,127
2271,2010,0,127,127
2271,2011,0,127,127
2271,2012,0,127,127
2271,2013,0,127,127
2271,2014,0,127,127
2271,2015,0,127,127
2271,2016,0,127,127
2271,2017,0,127,127
2271,2018,0,127,127
2271,2019,0,127,127
2272,2003,0,127,127
2272,2004,0,127,127
2272,2005,0,127,127
2273,2019,0,126,126
2274,2005,0,126,126
2274,2006,0,126,126
2274,2007,0,126,126
2274,2008,0,126,126
2274,2009,0,126,126
2274,2010,0,126,126
2274,2011,0,126,126
2274,2012,0,126,126
2274,2013,0,126,126
2274,2014,0,126,126
2274,2015,0,126,126
2274,2016,0,126,126
2274,2017,0,126,126
2274,2018,0,126,126
2274,2019,0,126,126
2275,2007,0,126,126
2275,2008,0,126,126
2275,2009,0,126,126
2275,2010,0,126,126
2275,2011,0,126,126
2275,2012,0,126,126
2275,2013,0,126,126
2275,2014,0,126,126
2275,2015,0,126,126
2275,2016,0,126,126
2275,2017,0,126,126
2276,1998,126,0,126
2276,1999,126,0,126
2276,2000,126,0,126
2276,2001,126,0,126
2276,2002,126,0,126
2276,2003,126,0,126
2276,2004,126,0,126
2276,2005,126,0,126
2276,2006,126,0,126
2276,2007,126,0,126
2277,1998,126,0,126
2277,1999,126,0,126
2277,2000,126,0,126
2277,2001,126,0,126
2277,2002,126,0,126
2277,2003,126,0,126
2277,2004,126,0,126
2277,2005,82,0,82
2278,1998,0,125,125
2278,1999,0,125,125
2278,2000,0,125,125
2278,2001,0,125,125
2278,2002,0,125,125
2278,2003,0,125,125
2278,2004,0,125,125
2278,2005,0,125,125
2278,2006,0,125,125
2278,2007,0,125,125
2278,2008,0,125,125
2278,2009,0,125,125
2278,2010,0,125,125
2278,2011,0,125,125
2278,2012,0,125,125
2278,2013,0,125,125
2278,2014,0,125,125
2278,2015,0,125,125
2278,2016,0,125,125
2278,2017,0,125,125
2278,2018,0,125,125
2278,2019,0,125,125
2279,1998,0,125,125
2279,1999,0,125,125
2279,2000,0,125,125
2279,2001,0,125,125
2279,2002,0,125,125
2279,2003,0,125,125
2279,2004,0,125,125
2279,2005,0,125,125
2280,1998,0,125,125
2280,1999,0,125,125
2280,2000,0,125,125
2280,2001,0,125,125
2280,2002,0,125,125
2280,2003,0,125,125
2280,2004,0,125,125
2280,2005,0,125,125
2281,1999,125,0,125
2281,2000,125,0,125
2281,2001,125,0,125
2282,1998,124,0,124
2282,1999,124,0,124
2282,2000,124,0,124
2282,2001,124,0,124
2282,2002,124,0,124
2282,2003,124,0,124
2282,2004,124,0,124
2282,2005,124,0,124
2282,2006,124,0,124
2282,2007,124,0,124
2282,2008,124,0,124
2282,2009,124,0,124
2282,2010,124,0,124
2282,2011,124,0,124
2282,2012,124,0,124
2282,2013,124,0,124
2282,2014,124,0,124
2282,2015,124,0,124
2282,2016,124,0,124
2282,2017,124,0,124
2282,2018,124,0,124
2282,2019,124,0,124
2283,2017,0,124,124
2283,2018,0,124,124
2283,2019,0,124,124
2284,2017,0,124,124
2284,2018,0,124,124
2284,2019,0,124,124
2285,1998,124,0,124
2285,1999,124,0,124
2285,2000,124,0,124
2285,2001,124,0,124
2285,2002,124,0,124
2285,2003,124,0,124
2285,2004,124,0,124
2285,2005,124,0,124
2286,1998,0,123,123
2286,1999,0,123,123
2286,2000,0,123,123
2286,2001,0,123,123
2286,2002,0,123,123
2286,2003,0,123,123
2286,2004,0,123,123
2286,2005,0,123,123
2286,2006,0,123,123
2286,2007,0,123,123
2286,2008,0,123,123
2286,2009,0,123,123
2286,2010,0,123,123
2286,2011,0,123,123
2286,2012,0,123,123
2286,2013,0,123,123
2286,2014,0,123,123
2286,2015,0,123,123
2286,2016,0,123,123
2286,2017,0,123,123
2286,2018,0,123,123
2286,2019,0,123,123
2287,2017,0,123,123
2287,2018,0,123,123
2287,2019,0,123,123
2288,2004,123,0,123
2288,2005,123,0,123
2288,2006,123,0,123
2288,2007,123,0,123
2288,2008,123,0,123
2288,2009,123,0,123
2288,2010,123,0,123
2288,2011,123,0,123
2288,2012,123,0,123
2288,2013,123,0,123
2288,2014,123,0,123
2288,2015,123,0,123
2288,2016,123,0,123
2288,2017,123,0,123
2288,2018,123,0,123
2288,2019,123,0,123
2289,2013,0,123,123
2289,2014,0,123,123
2289,2015,0,123,123
2289,2016,0,123,123
2289,2017,0,123,123
2289,2018,0,123,123
2289,2019,0,123,123
2290,1998,123,0,123
2290,1999,123,0,123
2290,2000,123,0,123
2290,2001,123,0,123
2291,1998,122,0,122
2291,1999,122,0,122
2291,2000,122,0,122
2291,2001,122,0,122
2291,2002,122,0,122
2291,2003,122,0,122
2291,2004,122,0,122
2291,2005,122,0,122
2291,2006,122,0,122
2291,2007,122,0,122
2291,2008,122,0,122
2291,2009,122,0,122
2291,2010,122,0,122
2291,2011,122,0,122
2291,2012,122,0,122
2291,2013,122,0,122
2291,2014,122,0,122
2291,2015,122,0,122
2291,2016,122,0,122
2291,2017,122,0,122
2291,2018,122,0,122
2291,2019,122,0,122
2292,1998,122,0,122
2292,1999,122,0,122
2292,2000,122,0,122
2292,2001,122,0,122
2292,2002,122,0,122
2292,2003,122,0,122
2292,2004,122,0,122
2292,2005,122,0,122
2292,2006,122,0,122
2292,2007,122,0,122
2292,2008,122,0,122
2292,2009,122,0,122
2292,2010,122,0,122
2292,2011,122,0,122
2292,2012,122,0,122
2292,2013,122,0,122
2292,2014,122,0,122
2292,2015,122,0,122
2292,2016,122,0,122
2292,2017,122,0,122
2292,2018,122,0,122
2292,2019,122,0,122
2293,1998,122,0,122
2293,1999,122,0,122
2293,2000,122,0,122
2293,2001,122,0,122
2293,2002,122,0,122
2293,2003,122,0,122
2293,2004,122,0,122
2293,2005,122,0,122
2293,2006,122,0,122
2293,2007,122,0,122
2293,2008,122,0,122
2293,2009,122,0,122
2293,2010,122,0,122
2293,2011,122,0,122
2293,2012,122,0,122
2293,2013,122,0,122
2293,2014,122,0,122
2293,2015,122,0,122
2293,2016,122,0,122
2293,2017,122,0,122
2293,2018,122,0,122
2293,2019,122,0,122
2294,2005,121,0,121
2294,2006,121,0,121
2294,2007,121,0,121
2294,2008,121,0,121
2294,2009,121,0,121
2294,2010,121,0,121
2294,2011,121,0,121
2294,2012,121,0,121
2294,2013,121,0,121
2294,2014,121,0,121
2294,2015,121,0,121
2294,2016,121,0,121
2294,2017,117,0,117
2294,2018,117,0,117
2294,2019,117,0,117
2295,1998,121,0,121
2295,1999,121,0,121
2295,2000,121,0,121
2295,2001,121,0,121
2295,2002,121,0,121
2295,2003,121,0,121
2295,2004,121,0,121
2295,2005,121,0,121
2295,2006,121,0,121
2295,2007,121,0,121
2295,2008,121,0,121
2295,2009,121,0,121
2295,2010,121,0,121
2295,2011,121,0,121
2295,2012,121,0,121
2295,2013,121,0,121
2295,2014,121,0,121
2295,2015,121,0,121
2295,2016,121,0,121
2295,2017,121,0,121
2295,2018,121,0,121
2295,2019,121,0,121
2296,1998,120,0,120
2296,1999,120,0,120
2296,2000,120,0,120
2296,2001,120,0,120
2296,2002,120,0,120
2296,2003,121,0,121
2296,2004,121,0,121
2296,2005,121,0,121
2296,2006,120,0,120
2296,2007,98,0,98
2296,2008,98,0,98
2296,2009,98,0,98
2296,2010,98,0,98
2296,2011,98,0,98
2296,2012,98,0,98
2296,2013,98,0,98
2296,2014,98,0,98
2296,2015,98,0,98
2296,2016,98,0,98
2296,2017,98,0,98
2296,2018,98,0,98
2296,2019,98,0,98
2297,2005,121,0,121
2297,2006,121,0,121
2297,2007,121,0,121
2297,2008,121,0,121
2297,2009,121,0,121
2297,2010,121,0,121
2297,2011,121,0,121
2297,2012,121,0,121
2297,2013,121,0,121
2297,2014,121,0,121
2297,2015,121,0,121
2297,2016,121,0,121
2297,2017,121,0,121
2297,2018,121,0,121
2297,2019,121,0,121
2298,1998,118,0,118
2298,1999,118,0,118
2298,2000,118,0,118
2298,2001,118,0,118
2298,2002,118,0,118
2298,2003,118,0,118
2298,2004,118,0,118
2298,2005,118,0,118
2298,2006,118,0,118
2298,2007,118,0,118
2298,2008,118,0,118
2298,2009,118,0,118
2298,2010,118,0,118
2298,2011,118,0,118
2298,2012,118,0,118
2298,2013,118,0,118
2298,2014,118,0,118
2298,2015,121,0,121
2298,2016,121,0,121
2298,2017,121,0,121
2298,2018,121,0,121
2298,2019,121,0,121
2299,1998,121,0,121
2299,1999,121,0,121
2299,2000,121,0,121
2299,2001,121,0,121
2299,2002,121,0,121
2299,2003,121,0,121
2299,2004,121,0,121
2299,2005,121,0,121
2299,2006,121,0,121
2299,2007,121,0,121
2299,2008,121,0,121
2299,2009,121,0,121
2299,2010,121,0,121
2299,2011,121,0,121
2299,2012,121,0,121
2299,2013,121,0,121
2299,2014,121,0,121
2299,2015,121,0,121
2299,2016,121,0,121
2299,2017,121,0,121
2299,2018,121,0,121
2299,2019,121,0,121
2300,1998,0,121,121
2300,1999,0,121,121
2300,2000,0,121,121
2300,2001,0,121,121
2300,2002,0,121,121
2300,2003,0,121,121
2300,2004,0,121,121
2300,2005,0,121,121
2300,2006,0,121,121
2300,2007,0,121,121
2300,2008,0,121,121
2300,2009,0,121,121
2300,2010,0,121,121
2300,2011,0,32,32
2300,2012,0,32,32
2300,2013,0,32,32
2300,2014,0,32,32
2300,2015,0,32,32
2301,1998,121,0,121
2301,1999,121,0,121
2301,2000,121,0,121
2301,2001,121,0,121
2301,2002,121,0,121
2301,2003,121,0,121
2301,2004,121,0,121
2301,2005,121,0,121
2302,1998,121,0,121
2302,1999,121,0,121
2302,2000,121,0,121
2302,2001,121,0,121
2302,2002,121,0,121
2302,2003,121,0,121
2302,2004,121,0,121
2302,2005,121,0,121
2303,1998,120,0,120
2303,1999,120,0,120
2303,2000,120,0,120
2303,2001,120,0,120
2303,2002,120,0,120
2303,2003,120,0,120
2303,2004,120,0,120
2303,2005,120,0,120
2303,2006,120,0,120
2303,2007,120,0,120
2303,2008,120,0,120
2303,2009,120,0,120
2303,2010,120,0,120
2303,2011,120,0,120
2303,2012,120,0,120
2303,2013,120,0,120
2303,2014,120,0,120
2303,2015,120,0,120
2303,2016,120,0,120
2303,2017,120,0,120
2303,2018,120,0,120
2303,2019,120,0,120
2304,1998,0,120,120
2304,1999,0,120,120
2304,2000,0,120,120
2304,2001,0,120,120
2304,2002,0,120,120
2304,2003,0,120,120
2304,2004,0,120,120
2304,2005,0,120,120
2304,2006,0,120,120
2304,2007,0,120,120
2305,1998,120,0,120
2305,1999,120,0,120
2305,2000,120,0,120
2305,2001,120,0,120
2305,2002,120,0,120
2305,2003,120,0,120
2305,2004,120,0,120
2305,2005,120,0,120
2306,1998,120,0,120
2306,1999,120,0,120
2306,2000,120,0,120
2306,2001,120,0,120
2306,2002,120,0,120
2306,2003,120,0,120
2307,1998,0,120,120
2307,1999,0,120,120
2307,2000,0,120,120
2307,2001,0,120,120
2307,2002,0,120,120
2308,1998,119,0,119
2308,1999,119,0,119
2308,2000,119,0,119
2308,2001,119,0,119
2308,2002,119,0,119
2308,2003,119,0,119
2308,2004,119,0,119
2308,2005,119,0,119
2308,2006,119,0,119
2308,2007,119,0,119
2308,2008,119,0,119
2308,2009,119,0,119
2308,2010,119,0,119
2308,2011,119,0,119
2308,2012,119,0,119
2308,2013,119,0,119
2308,2014,119,0,119
2308,2015,119,0,119
2308,2016,119,0,119
2308,2017,119,0,119
2308,2018,119,0,119
2308,2019,119,0,119
2309,2005,0,119,119
2309,2006,0,119,119
2309,2007,0,119,119
2309,2008,0,119,119
2309,2009,0,119,119
2309,2010,0,119,119
2309,2011,0,119,119
2309,2012,0,119,119
2309,2013,0,119,119
2309,2014,0,119,119
2309,2015,0,119,119
2309,2016,0,119,119
2309,2017,0,119,119
2309,2018,0,119,119
2309,2019,0,119,119
2310,1998,119,0,119
2310,1999,119,0,119
2310,2000,119,0,119
2310,2001,119,0,119
2310,2002,119,0,119
2310,2003,119,0,119
2310,2004,119,0,119
2310,2005,119,0,119
2310,2006,119,0,119
2310,2007,119,0,119
2310,2008,119,0,119
2311,1998,0,119,119
2311,1999,0,119,119
2311,2000,0,119,119
2311,2001,0,119,119
2311,2002,0,119,119
2311,2003,0,119,119
2311,2004,0,119,119
2311,2005,0,119,119
2311,2006,0,119,119
2312,1998,0,119,119
2312,1999,0,119,119
2312,2000,0,119,119
2312,2001,0,119,119
2312,2002,0,119,119
2312,2003,0,119,119
2312,2004,0,119,119
2312,2005,0,119,119
2312,2006,0,119,119
2313,1998,0,119,119
2313,1999,0,119,119
2313,2000,0,119,119
2313,2001,0,119,119
2313,2002,0,119,119
2313,2003,0,119,119
2313,2004,0,119,119
2313,2005,0,119,119
2313,2006,0,119,119
2314,1998,119,0,119
2314,1999,119,0,119
2314,2000,119,0,119
2314,2001,119,0,119
2314,2002,119,0,119
2314,2003,119,0,119
2314,2004,119,0,119
2314,2005,119,0,119
2315,1998,119,0,119
2315,1999,119,0,119
2315,2000,119,0,119
2315,2001,119,0,119
2315,2002,119,0,119
2315,2003,119,0,119
2315,2004,119,0,119
2315,2005,119,0,119
2316,1998,119,0,119
2316,1999,119,0,119
2316,2000,119,0,119
2316,2001,119,0,119
2316,2002,119,0,119
2316,2003,119,0,119
2316,2004,119,0,119
2317,1998,118,0,118
2317,1999,118,0,118
2317,2000,118,0,118
2317,2001,118,0,118
2317,2002,118,0,118
2317,2003,118,0,118
2317,2004,118,0,118
2317,2005,118,0,118
2317,2006,118,0,118
2317,2007,118,0,118
2317,2008,118,0,118
2317,2009,118,0,118
2317,2010,118,0,118
2317,2011,118,0,118
2317,2012,118,0,118
2317,2013,118,0,118
2317,2014,118,0,118
2317,2015,118,0,118
2317,2016,118,0,118
2317,2017,118,0,118
2317,2018,118,0,118
2317,2019,118,0,118
2318,1998,0,117,117
2318,1999,0,117,117
2318,2000,0,117,117
2318,2001,0,117,117
2318,2002,0,117,117
2318,2003,0,117,117
2318,2004,0,117,117
2318,2005,0,117,117
2318,2006,0,117,117
2318,2007,0,117,117
2318,2008,0,117,117
2318,2009,0,117,117
2318,2010,0,117,117
2318,2011,0,117,117
2318,2012,0,117,117
2318,2013,0,117,117
2318,2014,0,117,117
2318,2015,0,117,117
2318,2016,0,117,117
2318,2017,0,117,117
2318,2018,0,117,117
2318,2019,0,117,117
2319,1998,0,117,117
2319,1999,0,117,117
2319,2000,0,117,117
2319,2001,0,117,117
2319,2002,0,117,117
2319,2003,0,117,117
2319,2004,0,117,117
2319,2005,0,117,117
2320,1998,116,0,116
2320,1999,116,0,116
2320,2000,116,0,116
2320,2001,116,0,116
2320,2002,116,0,116
2320,2003,116,0,116
2320,2004,116,0,116
2320,2005,116,0,116
2320,2006,116,0,116
2320,2007,116,0,116
2320,2008,116,0,116
2320,2009,116,0,116
2320,2010,116,0,116
2320,2011,116,0,116
2320,2012,116,0,116
2320,2013,116,0,116
2320,2014,116,0,116
2320,2015,116,0,116
2320,2016,116,0,116
2320,2017,116,0,116
2320,2018,116,0,116
2320,2019,116,0,116
2321,1998,0,116,116
2321,1999,0,116,116
2321,2000,0,116,116
2321,2001,0,116,116
2321,2002,0,116,116
2321,2003,0,116,116
2321,2004,0,116,116
2321,2005,0,116,116
2321,2006,0,116,116
2321,2007,0,116,116
2321,2008,0,116,116
2321,2009,0,116,116
2321,2010,0,116,116
2321,2011,0,116,116
2321,2012,0,116,116
2321,2013,0,116,116
2321,2014,0,116,116
2321,2015,0,116,116
2321,2016,0,116,116
2321,2017,0,116,116
2321,2018,0,116,116
2321,2019,0,116,116
2322,1998,116,0,116
2322,1999,116,0,116
2322,2000,116,0,116
2322,2001,116,0,116
2322,2002,116,0,116
2322,2003,116,0,116
2322,2004,116,0,116
2322,2005,116,0,116
2322,2006,116,0,116
2322,2007,116,0,116
2322,2008,116,0,116
2322,2009,116,0,116
2322,2010,116,0,116
2322,2011,116,0,116
2322,2012,116,0,116
2322,2013,116,0,116
2322,2014,116,0,116
2322,2015,116,0,116
2322,2016,116,0,116
2322,2017,116,0,116
2322,2018,116,0,116
2322,2019,116,0,116
2323,1998,116,0,116
2323,1999,116,0,116
2323,2000,116,0,116
2323,2001,116,0,116
2323,2002,116,0,116
2323,2003,116,0,116
2323,2004,116,0,116
2323,2005,116,0,116
2323,2006,116,0,116
2323,2007,116,0,116
2323,2008,116,0,116
2323,2009,116,0,116
2323,2010,116,0,116
2323,2011,116,0,116
2323,2012,116,0,116
2323,2013,116,0,116
2323,2014,116,0,116
2323,2015,116,0,116
2323,2016,116,0,116
2323,2017,116,0,116
2323,2018,116,0,116
2323,2019,116,0,116
2324,2015,116,0,116
2324,2016,116,0,116
2324,2017,116,0,116
2324,2018,116,0,116
2324,2019,116,0,116
2325,1998,116,0,116
2325,1999,116,0,116
2325,2000,116,0,116
2325,2001,116,0,116
2325,2002,116,0,116
2325,2003,116,0,116
2325,2004,116,0,116
2325,2005,116,0,116
2325,2006,116,0,116
2325,2007,116,0,116
2325,2008,116,0,116
2325,2009,116,0,116
2325,2010,116,0,116
2325,2011,116,0,116
2325,2012,116,0,116
2325,2013,116,0,116
2325,2014,116,0,116
2325,2015,116,0,116
2325,2016,116,0,116
2325,2017,116,0,116
2325,2018,116,0,116
2325,2019,116,0,116
2326,2016,0,116,116
2327,1998,116,0,116
2327,1999,116,0,116
2327,2000,116,0,116
2327,2001,116,0,116
2327,2002,116,0,116
2327,2003,116,0,116
2327,2004,116,0,116
2327,2005,116,0,116
2328,1998,116,0,116
2328,1999,116,0,116
2328,2000,116,0,116
2328,2001,116,0,116
2329,1998,115,0,115
2329,1999,115,0,115
2329,2000,115,0,115
2329,2001,115,0,115
2329,2002,115,0,115
2329,2003,115,0,115
2329,2004,115,0,115
2329,2005,115,0,115
2329,2006,115,0,115
2329,2007,115,0,115
2329,2008,115,0,115
2329,2009,115,0,115
2329,2010,115,0,115
2329,2011,115,0,115
2329,2012,115,0,115
2329,2013,115,0,115
2329,2014,115,0,115
2329,2015,115,0,115
2329,2016,115,0,115
2329,2017,115,0,115
2329,2018,115,0,115
2329,2019,115,0,115
2330,1998,114,0,114
2330,1999,114,0,114
2330,2000,114,0,114
2330,2001,114,0,114
2330,2002,114,0,114
2330,2003,114,0,114
2330,2004,114,0,114
2330,2005,114,0,114
2330,2006,114,0,114
2330,2007,114,0,114
2330,2008,114,0,114
2330,2009,114,0,114
2330,2010,114,0,114
2330,2011,114,0,114
2330,2012,114,0,114
2330,2013,114,0,114
2330,2014,114,0,114
2330,2015,114,0,114
2330,2016,114,0,114
2330,2017,114,0,114
2330,2018,114,0,114
2330,2019,114,0,114
2331,1998,114,0,114
2331,1999,114,0,114
2331,2000,114,0,114
2331,2001,114,0,114
2331,2002,114,0,114
2331,2003,114,0,114
2331,2004,114,0,114
2331,2005,114,0,114
2331,2006,114,0,114
2331,2007,114,0,114
2331,2008,114,0,114
2331,2009,114,0,114
2332,1998,114,0,114
2332,1999,114,0,114
2332,2000,114,0,114
2332,2001,114,0,114
2333,1998,110,0,110
2333,1999,110,0,110
2333,2000,110,0,110
2333,2001,110,0,110
2333,2002,110,0,110
2333,2003,110,0,110
2333,2004,110,0,110
2333,2005,110,0,110
2333,2006,110,0,110
2333,2007,110,0,110
2333,2008,110,0,110
2333,2009,110,0,110
2333,2010,110,0,110
2333,2011,110,0,110
2333,2012,110,0,110
2333,2013,110,0,110
2333,2014,110,0,110
2333,2015,113,0,113
2333,2016,113,0,113
2333,2017,113,0,113
2333,2018,113,0,113
2333,2019,113,0,113
2334,1998,0,113,113
2334,1999,0,113,113
2334,2000,0,113,113
2334,2001,0,113,113
2334,2002,0,113,113
2334,2003,0,113,113
2334,2004,0,113,113
2334,2005,0,113,113
2334,2006,0,113,113
2334,2007,0,113,113
2334,2008,0,113,113
2334,2009,0,113,113
2334,2010,0,113,113
2334,2011,0,113,113
2334,2012,0,113,113
2334,2013,0,113,113
2334,2014,0,113,113
2334,2015,0,113,113
2334,2016,0,113,113
2334,2017,0,113,113
2334,2018,0,113,113
2334,2019,0,113,113
2335,1998,113,0,113
2335,1999,113,0,113
2335,2000,113,0,113
2335,2001,113,0,113
2335,2002,113,0,113
2335,2003,113,0,113
2335,2004,113,0,113
2335,2005,113,0,113
2336,1998,112,0,112
2336,1999,112,0,112
2336,2000,112,0,112
2336,2001,112,0,112
2336,2002,112,0,112
2336,2003,112,0,112
2336,2004,112,0,112
2336,2005,112,0,112
2336,2006,112,0,112
2336,2007,112,0,112
2336,2008,112,0,112
2336,2009,112,0,112
2336,2010,112,0,112
2336,2011,112,0,112
2336,2012,112,0,112
2336,2013,112,0,112
2336,2014,112,0,112
2336,2015,112,0,112
2336,2016,112,0,112
2336,2017,112,0,112
2336,2018,112,0,112
2336,2019,112,0,112
2337,1998,112,0,112
2337,1999,112,0,112
2337,2000,112,0,112
2337,2001,112,0,112
2337,2002,112,0,112
2337,2003,112,0,112
2337,2004,112,0,112
2337,2005,112,0,112
2337,2006,112,0,112
2337,2007,112,0,112
2337,2008,112,0,112
2337,2009,112,0,112
2337,2010,112,0,112
2337,2011,112,0,112
2337,2012,112,0,112
2337,2013,112,0,112
2337,2014,112,0,112
2337,2015,112,0,112
2337,2016,112,0,112
2337,2017,112,0,112
2337,2018,112,0,112
2337,2019,112,0,112
2338,2015,0,112,112
2338,2016,0,112,112
2338,2017,0,112,112
2339,2009,0,107,107
2339,2010,0,107,107
2339,2011,0,107,107
2339,2012,0,107,107
2339,2013,0,112,112
2340,2005,112,0,112
2340,2006,112,0,112
2341,1998,112,0,112
2341,1999,112,0,112
2341,2000,112,0,112
2341,2001,112,0,112
2341,2002,112,0,112
2341,2003,112,0,112
2341,2004,112,0,112
2341,2005,112,0,112
2342,1998,111,0,111
2342,1999,111,0,111
2342,2000,111,0,111
2342,2001,111,0,111
2342,2002,111,0,111
2342,2003,111,0,111
2342,2004,111,0,111
2342,2005,111,0,111
2342,2006,111,0,111
2342,2007,111,0,111
2342,2008,111,0,111
2342,2009,111,0,111
2342,2010,37,0,37
2342,2011,37,0,37
2342,2012,37,0,37
2342,2013,37,0,37
2342,2014,37,0,37
2342,2015,37,0,37
2342,2016,37,0,37
2342,2017,37,0,37
2342,2018,37,0,37
2342,2019,37,0,37
2343,1998,111,0,111
2343,1999,111,0,111
2343,2000,111,0,111
2343,2001,111,0,111
2343,2002,111,0,111
2343,2003,111,0,111
2343,2004,111,0,111
2343,2005,111,0,111
2343,2006,111,0,111
2343,2007,111,0,111
2343,2008,111,0,111
2343,2009,111,0,111
2343,2010,111,0,111
2343,2011,111,0,111
2343,2012,111,0,111
2343,2013,111,0,111
2343,2014,111,0,111
2343,2015,111,0,111
2343,2016,111,0,111
2343,2017,111,0,111
2343,2018,111,0,111
2343,2019,111,0,111
2344,1998,111,0,111
2344,1999,111,0,111
2344,2000,111,0,111
2344,2001,111,0,111
2344,2002,111,0,111
2344,2003,111,0,111
2344,2004,111,0,111
2344,2005,111,0,111
2344,2006,111,0,111
2344,2007,111,0,111
2344,2008,111,0,111
2344,2009,111,0,111
2344,2010,111,0,111
2344,2011,111,0,111
2344,2012,111,0,111
2344,2013,111,0,111
2344,2014,111,0,111
2344,2015,111,0,111
2344,2016,111,0,111
2344,2017,111,0,111
2344,2018,111,0,111
2344,2019,111,0,111
2345,1998,111,0,111
2345,1999,111,0,111
2345,2000,111,0,111
2345,2001,111,0,111
2345,2002,111,0,111
2345,2003,111,0,111
2345,2004,111,0,111
2345,2005,111,0,111
2345,2006,111,0,111
2345,2007,111,0,111
2345,2008,111,0,111
2345,2009,111,0,111
2345,2010,111,0,111
2345,2011,111,0,111
2345,2012,111,0,111
2345,2013,111,0,111
2345,2014,111,0,111
2345,2015,111,0,111
2345,2016,111,0,111
2345,2017,111,0,111
2345,2018,111,0,111
2345,2019,111,0,111
2346,1998,0,111,111
2346,1999,0,111,111
2346,2000,0,111,111
2346,2001,0,111,111
2346,2002,0,111,111
2346,2003,0,111,111
2346,2004,0,111,111
2346,2005,0,111,111
2346,2006,0,111,111
2347,1998,0,111,111
2347,1999,0,111,111
2347,2000,0,111,111
2347,2001,0,111,111
2347,2002,0,111,111
2347,2003,0,111,111
2347,2004,0,111,111
2347,2005,0,111,111
2347,2006,0,111,111
2348,1998,110,0,110
2348,1999,110,0,110
2348,2000,110,0,110
2348,2001,110,0,110
2348,2002,110,0,110
2348,2003,110,0,110
2348,2004,110,0,110
2348,2005,110,0,110
2348,2006,110,0,110
2348,2007,110,0,110
2348,2008,110,0,110
2348,2009,110,0,110
2348,2010,110,0,110
2348,2011,110,0,110
2348,2012,110,0,110
2348,2013,110,0,110
2348,2014,110,0,110
2348,2015,110,0,110
2348,2016,110,0,110
2348,2017,110,0,110
2348,2018,110,0,110
2348,2019,110,0,110
2349,1998,0,110,110
2349,1999,0,110,110
2349,2000,0,110,110
2349,2001,0,110,110
2349,2002,0,110,110
2349,2003,0,110,110
2349,2004,0,110,110
2349,2005,0,110,110
2349,2006,0,110,110
2349,2007,0,110,110
2349,2008,0,110,110
2349,2009,0,110,110
2349,2010,0,110,110
2349,2011,0,110,110
2349,2012,0,110,110
2349,2013,0,110,110
2349,2014,0,110,110
2349,2015,0,110,110
2349,2016,0,110,110
2349,2017,0,110,110
2349,2018,0,110,110
2349,2019,0,110,110
2350,1998,110,0,110
2350,1999,110,0,110
2350,2000,110,0,110
2350,2001,110,0,110
2350,2002,110,0,110
2350,2003,110,0,110
2350,2004,110,0,110
2350,2005,110,0,110
2350,2006,110,0,110
2350,2007,110,0,110
2350,2008,110,0,110
2350,2009,110,0,110
2350,2010,110,0,110
2350,2011,110,0,110
2350,2012,110,0,110
2350,2013,110,0,110
2350,2014,110,0,110
2350,2015,110,0,110
2350,2016,110,0,110
2350,2017,110,0,110
2350,2018,110,0,110
2350,2019,110,0,110
2351,1998,0,110,110
2351,1999,0,110,110
2351,2000,0,110,110
2351,2001,0,110,110
2351,2002,0,110,110
2351,2003,0,110,110
2351,2004,0,110,110
2351,2005,0,110,110
2351,2006,0,110,110
2351,2007,0,110,110
2351,2008,0,110,110
2351,2009,0,110,110
2352,1998,0,110,110
2352,1999,0,110,110
2352,2000,0,110,110
2352,2001,0,110,110
2352,2002,0,110,110
2352,2003,0,110,110
2352,2004,0,110,110
2352,2005,0,110,110
2352,2006,0,110,110
2352,2007,0,110,110
2353,1998,0,110,110
2353,1999,0,110,110
2353,2000,0,110,110
2353,2001,0,110,110
2353,2002,0,110,110
2353,2003,0,110,110
2353,2004,0,110,110
2353,2005,0,110,110
2353,2006,0,110,110
2354,2001,0,110,110
2354,2002,0,110,110
2354,2003,0,110,110
2354,2004,0,110,110
2354,2005,0,110,110
2355,2003,0,110,110
2355,2004,0,110,110
2355,2005,0,110,110
2356,1998,110,0,110
2356,1999,110,0,110
2356,2000,110,0,110
2356,2001,110,0,110
2356,2002,110,0,110
2356,2003,110,0,110
2356,2004,110,0,110
2356,2005,110,0,110
2357,2001,0,110,110
2357,2002,0,110,110
2357,2003,0,110,110
2358,1998,109,0,109
2358,1999,109,0,109
2358,2000,109,0,109
2358,2001,109,0,109
2358,2002,109,0,109
2358,2003,109,0,109
2358,2004,109,0,109
2358,2005,109,0,109
2358,2006,109,0,109
2358,2007,109,0,109
2358,2008,109,0,109
2358,2009,109,0,109
2358,2010,109,0,109
2358,2011,109,0,109
2358,2012,109,0,109
2358,2013,109,0,109
2358,2014,109,0,109
2358,2015,109,0,109
2358,2016,109,0,109
2358,2017,109,0,109
2358,2018,109,0,109
2358,2019,109,0,109
2359,1998,109,0,109
2359,1999,109,0,109
2359,2000,109,0,109
2359,2001,109,0,109
2359,2002,109,0,109
2359,2003,109,0,109
2359,2004,109,0,109
2359,2005,109,0,109
2359,2006,109,0,109
2359,2007,109,0,109
2359,2008,109,0,109
2359,2009,109,0,109
2359,2010,109,0,109
2359,2011,109,0,109
2359,2012,109,0,109
2359,2013,109,0,109
2359,2014,109,0,109
2359,2015,109,0,109
2359,2016,109,0,109
2359,2017,109,0,109
2359,2018,109,0,109
2359,2019,109,0,109
2360,2007,109,0,109
2360,2008,109,0,109
2360,2009,109,0,109
2360,2010,109,0,109
2360,2011,109,0,109
2360,2012,109,0,109
2360,2013,109,0,109
2360,2014,109,0,109
2360,2015,109,0,109
2360,2016,109,0,109
2360,2017,109,0,109
2360,2018,109,0,109
2360,2019,109,0,109
2361,2002,0,109,109
2361,2003,0,109,109
2361,2004,0,109,109
2362,1998,109,0,109
2362,1999,109,0,109
2362,2000,109,0,109
2362,2001,109,0,109
2362,2002,109,0,109
2362,2003,109,0,109
2363,1998,108,0,108
2363,1999,108,0,108
2363,2000,108,0,108
2363,2001,108,0,108
2363,2002,108,0,108
2363,2003,108,0,108
2363,2004,108,0,108
2363,2005,108,0,108
2363,2006,108,0,108
2363,2007,108,0,108
2363,2008,108,0,108
2363,2009,108,0,108
2363,2010,108,0,108
2363,2011,108,0,108
2363,2012,108,0,108
2363,2013,108,0,108
2363,2014,108,0,108
2363,2015,108,0,108
2363,2016,108,0,108
2363,2017,108,0,108
2363,2018,108,0,108
2363,2019,108,0,108
2364,1998,108,0,108
2364,1999,108,0,108
2364,2000,108,0,108
2364,2001,108,0,108
2364,2002,108,0,108
2364,2003,108,0,108
2364,2004,108,0,108
2364,2005,108,0,108
2364,2006,108,0,108
2364,2007,108,0,108
2365,2003,0,108,108
2365,2004,0,108,108
2365,2005,0,108,108
2366,1998,108,0,108
2366,1999,108,0,108
2366,2000,108,0,108
2366,2001,108,0,108
2366,2002,108,0,108
2366,2003,108,0,108
2366,2004,108,0,108
2366,2005,108,0,108
2367,1998,107,0,107
2367,1999,107,0,107
2367,2000,107,0,107
2367,2001,107,0,107
2367,2002,107,0,107
2367,2003,107,0,107
2367,2004,107,0,107
2367,2005,107,0,107
2367,2006,107,0,107
2367,2007,107,0,107
2367,2008,107,0,107
2367,2009,107,0,107
2367,2010,107,0,107
2367,2011,107,0,107
2367,2012,107,0,107
2367,2013,107,0,107
2367,2014,107,0,107
2367,2015,107,0,107
2367,2016,107,0,107
2367,2017,107,0,107
2367,2018,107,0,107
2367,2019,107,0,107
2368,1998,107,0,107
2368,1999,107,0,107
2368,2000,107,0,107
2368,2001,107,0,107
2368,2002,107,0,107
2368,2003,107,0,107
2368,2004,107,0,107
2368,2005,107,0,107
2368,2006,107,0,107
2368,2007,107,0,107
2368,2008,107,0,107
2368,2009,107,0,107
2368,2010,107,0,107
2368,2011,107,0,107
2368,2012,107,0,107
2368,2013,107,0,107
2368,2014,107,0,107
2368,2015,107,0,107
2368,2016,107,0,107
2368,2017,107,0,107
2368,2018,107,0,107
2368,2019,107,0,107
2369,2016,0,107,107
2369,2017,0,107,107
2369,2018,0,107,107
2369,2019,0,107,107
2370,1998,107,0,107
2370,1999,107,0,107
2370,2000,107,0,107
2370,2001,107,0,107
2370,2002,107,0,107
2370,2003,107,0,107
2370,2004,107,0,107
2370,2005,107,0,107
2371,2005,0,107,107
2372,2012,106,0,106
2372,2013,106,0,106
2372,2014,106,0,106
2372,2015,106,0,106
2372,2016,106,0,106
2372,2017,106,0,106
2372,2018,106,0,106
2372,2019,106,0,106
2373,2018,0,106,106
2373,2019,0,106,106
2374,1998,106,0,106
2374,1999,106,0,106
2374,2000,106,0,106
2374,2001,106,0,106
2374,2002,106,0,106
2374,2003,106,0,106
2374,2004,106,0,106
2374,2005,106,0,106
2374,2006,106,0,106
2374,2007,106,0,106
2374,2008,106,0,106
2374,2009,106,0,106
2374,2010,106,0,106
2374,2011,106,0,106
2374,2012,106,0,106
2374,2013,106,0,106
2374,2014,106,0,106
2374,2015,106,0,106
2374,2016,106,0,106
2374,2017,106,0,106
2374,2018,106,0,106
2374,2019,106,0,106
2375,1998,106,0,106
2375,1999,106,0,106
2375,2000,106,0,106
2375,2001,106,0,106
2375,2002,106,0,106
2375,2003,106,0,106
2375,2004,106,0,106
2375,2005,106,0,106
2375,2006,106,0,106
2375,2007,106,0,106
2375,2008,106,0,106
2375,2009,106,0,106
2375,2010,106,0,106
2375,2011,106,0,106
2375,2012,106,0,106
2375,2013,106,0,106
2375,2014,106,0,106
2375,2015,106,0,106
2375,2016,106,0,106
2375,2017,106,0,106
2375,2018,106,0,106
2375,2019,106,0,106
2376,1998,0,105,105
2376,1999,0,105,105
2376,2000,0,105,105
2376,2001,0,105,105
2376,2002,0,105,105
2376,2003,0,105,105
2376,2004,0,105,105
2376,2005,0,105,105
2376,2006,0,105,105
2376,2007,0,105,105
2376,2008,0,105,105
2376,2009,0,105,105
2376,2010,0,105,105
2376,2011,0,105,105
2377,1998,102,0,102
2377,1999,102,0,102
2377,2000,102,0,102
2377,2001,105,0,105
2377,2002,105,0,105
2377,2003,105,0,105
2377,2004,105,0,105
2377,2005,105,0,105
2377,2006,105,0,105
2377,2007,105,0,105
2377,2008,105,0,105
2378,2001,0,105,105
2378,2002,0,105,105
2378,2003,0,105,105
2379,1998,0,104,104
2379,1999,0,104,104
2379,2000,0,104,104
2379,2001,0,104,104
2379,2002,0,104,104
2379,2003,0,104,104
2379,2004,0,104,104
2379,2005,0,104,104
2379,2006,0,104,104
2379,2007,0,104,104
2379,2008,0,104,104
2379,2009,0,104,104
2379,2010,0,104,104
2379,2011,0,104,104
2379,2012,0,104,104
2379,2013,0,104,104
2379,2014,0,104,104
2379,2015,0,104,104
2379,2016,0,104,104
2379,2017,0,104,104
2379,2018,0,104,104
2379,2019,0,104,104
2380,1998,0,104,104
2380,1999,0,104,104
2380,2000,0,104,104
2380,2001,0,104,104
2380,2002,0,104,104
2380,2003,0,104,104
2380,2004,0,104,104
2380,2005,0,104,104
2380,2006,0,104,104
2380,2007,0,104,104
2380,2008,0,104,104
2380,2009,0,104,104
2380,2010,0,104,104
2380,2011,0,104,104
2380,2012,0,104,104
2380,2013,0,104,104
2380,2014,0,104,104
2380,2015,0,104,104
2380,2016,0,104,104
2380,2017,0,104,104
2380,2018,0,104,104
2380,2019,0,104,104
2381,2010,0,104,104
2381,2011,0,104,104
2381,2012,0,104,104
2381,2013,0,104,104
2381,2014,0,104,104
2381,2015,0,104,104
2381,2016,0,104,104
2381,2017,0,104,104
2381,2018,0,104,104
2381,2019,0,104,104
2382,2005,104,0,104
2382,2006,104,0,104
2382,2007,104,0,104
2382,2008,104,0,104
2382,2009,104,0,104
2382,2010,104,0,104
2382,2011,104,0,104
2382,2012,104,0,104
2382,2013,104,0,104
2382,2014,104,0,104
2382,2015,104,0,104
2382,2016,104,0,104
2382,2017,104,0,104
2382,2018,104,0,104
2382,2019,104,0,104
2383,2002,0,104,104
2383,2003,0,104,104
2383,2004,0,104,104
2383,2005,0,104,104
2383,2006,0,104,104
2383,2007,0,104,104
2383,2008,0,104,104
2383,2009,0,104,104
2383,2010,0,104,104
2383,2011,0,104,104
2383,2012,0,104,104
2383,2013,0,104,104
2383,2014,0,104,104
2383,2015,0,104,104
2383,2016,0,104,104
2383,2017,0,104,104
2383,2018,0,104,104
2383,2019,0,104,104
2384,2014,0,104,104
2384,2015,0,104,104
2384,2016,0,104,104
2384,2017,0,104,104
2384,2018,0,104,104
2384,2019,0,104,104
2385,1998,0,104,104
2385,1999,0,104,104
2385,2000,0,104,104
2385,2001,0,104,104
2385,2002,0,104,104
2385,2003,0,104,104
2385,2004,0,104,104
2385,2005,0,104,104
2386,1998,104,0,104
2386,1999,104,0,104
2386,2000,104,0,104
2386,2001,104,0,104
2386,2002,104,0,104
2387,2005,103,0,103
2387,2006,103,0,103
2387,2007,103,0,103
2387,2008,103,0,103
2387,2009,103,0,103
2387,2010,103,0,103
2387,2011,103,0,103
2387,2012,103,0,103
2387,2013,103,0,103
2387,2014,103,0,103
2387,2015,103,0,103
2387,2016,103,0,103
2387,2017,103,0,103
2387,2018,103,0,103
2387,2019,103,0,103
2388,1998,103,0,103
2388,1999,103,0,103
2388,2000,103,0,103
2388,2001,103,0,103
2388,2002,103,0,103
2388,2003,103,0,103
2388,2004,103,0,103
2388,2005,103,0,103
2388,2006,103,0,103
2388,2007,103,0,103
2388,2008,103,0,103
2388,2009,103,0,103
2389,1998,103,0,103
2389,1999,103,0,103
2389,2000,103,0,103
2389,2001,103,0,103
2389,2002,103,0,103
2389,2003,103,0,103
2389,2004,103,0,103
2389,2005,103,0,103
2389,2006,103,0,103
2390,2005,103,0,103
2391,1998,103,0,103
2391,1999,103,0,103
2391,2000,103,0,103
2391,2001,103,0,103
2392,1998,102,0,102
2392,1999,102,0,102
2392,2000,102,0,102
2392,2001,102,0,102
2392,2002,102,0,102
2392,2003,102,0,102
2392,2004,102,0,102
2392,2005,102,0,102
2392,2006,102,0,102
2392,2007,102,0,102
2392,2008,102,0,102
2392,2009,102,0,102
2392,2010,102,0,102
2392,2011,102,0,102
2392,2012,102,0,102
2392,2013,102,0,102
2392,2014,102,0,102
2392,2015,102,0,102
2392,2016,102,0,102
2392,2017,102,0,102
2392,2018,102,0,102
2392,2019,102,0,102
2393,1998,0,102,102
2393,1999,0,102,102
2393,2000,0,102,102
2393,2001,0,102,102
2393,2002,0,102,102
2393,2003,0,102,102
2393,2004,0,102,102
2393,2005,0,102,102
2393,2006,0,102,102
2393,2007,0,102,102
2393,2008,0,102,102
2393,2009,0,102,102
2393,2010,0,102,102
2393,2011,0,102,102
2393,2012,0,102,102
2393,2013,0,102,102
2393,2014,0,102,102
2393,2015,0,102,102
2393,2016,0,102,102
2393,2017,0,102,102
2393,2018,0,102,102
2393,2019,0,102,102
2394,1998,102,0,102
2394,1999,102,0,102
2394,2000,102,0,102
2394,2001,102,0,102
2394,2002,102,0,102
2394,2003,102,0,102
2394,2004,102,0,102
2394,2005,102,0,102
2394,2006,102,0,102
2394,2007,102,0,102
2394,2008,102,0,102
2394,2009,102,0,102
2395,1998,102,0,102
2395,1999,102,0,102
2395,2000,102,0,102
2395,2001,102,0,102
2395,2002,102,0,102
2395,2003,102,0,102
2395,2004,102,0,102
2395,2005,102,0,102
2395,2006,102,0,102
2396,1998,102,0,102
2396,1999,102,0,102
2396,2000,102,0,102
2396,2001,102,0,102
2396,2002,102,0,102
2396,2003,102,0,102
2396,2004,102,0,102
2396,2005,102,0,102
2397,1998,101,0,101
2397,1999,101,0,101
2397,2000,101,0,101
2397,2001,101,0,101
2397,2002,101,0,101
2397,2003,101,0,101
2397,2004,101,0,101
2397,2005,101,0,101
2397,2006,101,0,101
2397,2007,101,0,101
2397,2008,101,0,101
2397,2009,101,0,101
2397,2010,101,0,101
2397,2011,101,0,101
2397,2012,101,0,101
2397,2013,101,0,101
2397,2014,101,0,101
2397,2015,101,0,101
2397,2016,101,0,101
2397,2017,101,0,101
2397,2018,101,0,101
2397,2019,101,0,101
2398,2008,0,96,96
2398,2009,0,96,96
2398,2010,0,96,96
2398,2011,0,96,96
2398,2012,0,96,96
2398,2013,0,96,96
2398,2014,0,96,96
2398,2015,0,101,101
2398,2016,0,101,101
2399,2004,0,101,101
2399,2005,0,101,101
2399,2006,0,101,101
2399,2007,0,101,101
2400,1998,0,101,101
2400,1999,0,101,101
2400,2000,0,101,101
2400,2001,0,101,101
2400,2002,0,101,101
2400,2003,0,101,101
2400,2004,0,101,101
2400,2005,0,101,101
2400,2006,0,101,101
2401,1998,0,101,101
2401,1999,0,101,101
2401,2000,0,101,101
2401,2001,0,101,101
2401,2002,0,101,101
2401,2003,0,101,101
2401,2004,0,101,101
2401,2005,0,101,101
2402,2000,100,0,100
2402,2001,100,0,100
2402,2002,100,0,100
2402,2003,100,0,100
2402,2004,100,0,100
2402,2005,100,0,100
2402,2006,100,0,100
2402,2007,100,0,100
2402,2008,100,0,100
2402,2009,100,0,100
2402,2010,100,0,100
2402,2011,100,0,100
2402,2012,100,0,100
2402,2013,100,0,100
2402,2014,100,0,100
2402,2015,100,0,100
2402,2016,100,0,100
2402,2017,100,0,100
2402,2018,100,0,100
2402,2019,100,0,100
2403,1998,100,0,100
2403,1999,100,0,100
2403,2000,100,0,100
2403,2001,100,0,100
2403,2002,100,0,100
2403,2003,100,0,100
2403,2004,100,0,100
2403,2005,100,0,100
2404,2003,99,0,99
2404,2004,99,0,99
2404,2005,99,0,99
2404,2006,99,0,99
2404,2007,99,0,99
2404,2008,99,0,99
2404,2009,99,0,99
2404,2010,99,0,99
2404,2011,99,0,99
2404,2012,99,0,99
2404,2013,99,0,99
2404,2014,99,0,99
2404,2015,99,0,99
2404,2016,99,0,99
2404,2017,99,0,99
2404,2018,99,0,99
2404,2019,99,0,99
2405,1998,99,0,99
2405,1999,99,0,99
2405,2000,99,0,99
2405,2001,99,0,99
2405,2002,99,0,99
2405,2003,99,0,99
2405,2004,99,0,99
2405,2005,99,0,99
2405,2006,99,0,99
2405,2007,99,0,99
2405,2008,99,0,99
2405,2009,99,0,99
2405,2010,99,0,99
2405,2011,99,0,99
2405,2012,99,0,99
2405,2013,99,0,99
2405,2014,99,0,99
2405,2015,99,0,99
2405,2016,99,0,99
2405,2017,99,0,99
2405,2018,99,0,99
2405,2019,99,0,99
2406,1998,99,0,99
2406,1999,99,0,99
2406,2000,99,0,99
2406,2001,99,0,99
2406,2002,99,0,99
2406,2003,99,0,99
2406,2004,99,0,99
2406,2005,99,0,99
2406,2006,99,0,99
2406,2007,99,0,99
2406,2008,99,0,99
2406,2009,99,0,99
2406,2010,99,0,99
2406,2011,99,0,99
2406,2012,99,0,99
2406,2013,99,0,99
2406,2014,99,0,99
2406,2015,99,0,99
2406,2016,99,0,99
2406,2017,99,0,99
2406,2018,99,0,99
2406,2019,99,0,99
2407,2011,98,0,98
2407,2012,98,0,98
2407,2013,98,0,98
2407,2014,98,0,98
2407,2015,98,0,98
2407,2016,98,0,98
2407,2017,98,0,98
2407,2018,98,0,98
2407,2019,98,0,98
2408,1998,98,0,98
2408,1999,98,0,98
2408,2000,98,0,98
2408,2001,98,0,98
2408,2002,98,0,98
2408,2003,98,0,98
2408,2004,98,0,98
2408,2005,98,0,98
2408,2006,98,0,98
2408,2007,98,0,98
2408,2008,98,0,98
2408,2009,98,0,98
2408,2010,98,0,98
2408,2011,98,0,98
2408,2012,98,0,98
2408,2013,98,0,98
2408,2014,98,0,98
2408,2015,98,0,98
2408,2016,98,0,98
2408,2017,98,0,98
2408,2018,98,0,98
2408,2019,98,0,98
2409,2004,98,0,98
2409,2005,98,0,98
2409,2006,98,0,98
2409,2007,98,0,98
2409,2008,98,0,98
2409,2009,98,0,98
2410,1998,98,0,98
2410,1999,98,0,98
2410,2000,98,0,98
2410,2001,98,0,98
2410,2002,98,0,98
2410,2003,98,0,98
2410,2004,98,0,98
2410,2005,98,0,98
2410,2006,98,0,98
2410,2007,98,0,98
2410,2008,98,0,98
2411,2005,0,97,97
2411,2006,0,97,97
2411,2007,0,97,97
2411,2008,0,97,97
2411,2009,0,97,97
2411,2010,0,97,97
2411,2011,0,97,97
2411,2012,0,97,97
2411,2013,0,97,97
2411,2014,0,97,97
2411,2015,0,97,97
2411,2016,0,97,97
2411,2017,0,97,97
2411,2018,0,97,97
2411,2019,0,97,97
2412,2000,0,97,97
2412,2001,0,97,97
2412,2002,0,97,97
2412,2003,0,97,97
2412,2004,0,97,97
2412,2005,0,97,97
2412,2006,0,97,97
2412,2007,0,97,97
2412,2008,0,97,97
2412,2009,0,97,97
2412,2010,0,97,97
2412,2011,0,97,97
2412,2012,0,97,97
2412,2013,0,97,97
2412,2014,0,97,97
2412,2015,0,97,97
2412,2016,0,97,97
2412,2017,0,97,97
2412,2018,0,97,97
2412,2019,0,97,97
2413,1998,97,0,97
2413,1999,97,0,97
2413,2000,97,0,97
2413,2001,97,0,97
2413,2002,97,0,97
2413,2003,97,0,97
2413,2004,97,0,97
2413,2005,97,0,97
2413,2006,97,0,97
2413,2007,97,0,97
2413,2008,97,0,97
2413,2009,97,0,97
2413,2010,97,0,97
2413,2011,97,0,97
2413,2012,97,0,97
2413,2013,97,0,97
2413,2014,97,0,97
2413,2015,97,0,97
2413,2016,97,0,97
2413,2017,97,0,97
2413,2018,97,0,97
2413,2019,97,0,97
2414,1998,97,0,97
2414,1999,97,0,97
2414,2000,97,0,97
2414,2001,97,0,97
2414,2002,97,0,97
2414,2003,97,0,97
2414,2004,97,0,97
2414,2005,97,0,97
2414,2006,97,0,97
2414,2007,97,0,97
2414,2008,97,0,97
2414,2009,97,0,97
2414,2010,97,0,97
2414,2011,97,0,97
2414,2012,97,0,97
2415,1998,96,0,96
2415,1999,96,0,96
2415,2000,96,0,96
2415,2001,96,0,96
2415,2002,96,0,96
2415,2003,96,0,96
2415,2004,96,0,96
2415,2005,96,0,96
2415,2006,96,0,96
2415,2007,96,0,96
2415,2008,96,0,96
2415,2009,96,0,96
2415,2010,96,0,96
2415,2011,96,0,96
2415,2012,96,0,96
2415,2013,96,0,96
2415,2014,96,0,96
2415,2015,96,0,96
2415,2016,96,0,96
2415,2017,96,0,96
2415,2018,96,0,96
2415,2019,96,0,96
2416,2004,96,0,96
2416,2005,96,0,96
2416,2006,96,0,96
2416,2007,96,0,96
2416,2008,96,0,96
2416,2009,96,0,96
2416,2010,96,0,96
2416,2011,96,0,96
2416,2012,96,0,96
2416,2013,96,0,96
2416,2014,96,0,96
2416,2015,96,0,96
2416,2016,96,0,96
2416,2017,96,0,96
2416,2018,96,0,96
2416,2019,96,0,96
2417,1998,96,0,96
2417,1999,96,0,96
2417,2000,96,0,96
2417,2001,96,0,96
2417,2002,96,0,96
2417,2003,96,0,96
2417,2004,96,0,96
2417,2005,96,0,96
2417,2006,96,0,96
2417,2007,96,0,96
2417,2008,96,0,96
2417,2009,96,0,96
2417,2010,96,0,96
2417,2011,96,0,96
2417,2012,96,0,96
2417,2013,96,0,96
2417,2014,96,0,96
2417,2015,96,0,96
2417,2016,96,0,96
2417,2017,96,0,96
2417,2018,96,0,96
2417,2019,96,0,96
2418,1998,96,0,96
2418,1999,96,0,96
2418,2000,96,0,96
2418,2001,96,0,96
2418,2002,96,0,96
2418,2003,96,0,96
2418,2004,96,0,96
2418,2005,96,0,96
2418,2006,96,0,96
2418,2007,96,0,96
2418,2008,96,0,96
2419,1998,96,0,96
2419,1999,96,0,96
2419,2000,96,0,96
2419,2001,96,0,96
2419,2002,96,0,96
2419,2003,96,0,96
2419,2004,96,0,96
2419,2005,96,0,96
2420,1998,96,0,96
2420,1999,96,0,96
2420,2000,96,0,96
2420,2001,96,0,96
2420,2002,96,0,96
2420,2003,96,0,96
2420,2004,96,0,96
2420,2005,96,0,96
2421,1998,95,0,95
2421,1999,95,0,95
2421,2000,95,0,95
2421,2001,95,0,95
2421,2002,95,0,95
2421,2003,95,0,95
2421,2004,95,0,95
2421,2005,95,0,95
2421,2006,95,0,95
2421,2007,95,0,95
2421,2008,95,0,95
2421,2009,95,0,95
2422,2006,95,0,95
2422,2007,95,0,95
2422,2008,95,0,95
2422,2009,95,0,95
2423,2002,95,0,95
2423,2003,95,0,95
2423,2004,95,0,95
2423,2005,95,0,95
2423,2006,95,0,95
2423,2007,55,0,55
2424,1998,0,95,95
2424,1999,0,95,95
2424,2000,0,95,95
2424,2001,0,95,95
2424,2002,0,95,95
2424,2003,0,95,95
2424,2004,0,95,95
2424,2005,0,95,95
2425,2001,95,0,95
2425,2002,95,0,95
2425,2003,95,0,95
2425,2004,95,0,95
2425,2005,95,0,95
2426,2018,0,94,94
2426,2019,0,94,94
2427,2000,94,0,94
2427,2001,94,0,94
2427,2002,94,0,94
2427,2003,94,0,94
2427,2004,94,0,94
2427,2005,94,0,94
2427,2006,94,0,94
2427,2007,94,0,94
2427,2008,94,0,94
2428,2002,0,94,94
2428,2003,0,94,94
2428,2004,0,94,94
2429,1998,93,0,93
2429,1999,93,0,93
2429,2000,93,0,93
2429,2001,93,0,93
2429,2002,93,0,93
2429,2003,93,0,93
2429,2004,93,0,93
2429,2005,93,0,93
2429,2006,93,0,93
2429,2007,93,0,93
2429,2008,93,0,93
2429,2009,93,0,93
2429,2010,93,0,93
2429,2011,93,0,93
2429,2012,93,0,93
2429,2013,93,0,93
2429,2014,93,0,93
2429,2015,93,0,93
2429,2016,93,0,93
2429,2017,93,0,93
2429,2018,93,0,93
2429,2019,93,0,93
2430,1998,93,0,93
2430,1999,93,0,93
2430,2000,93,0,93
2430,2001,93,0,93
2430,2002,93,0,93
2430,2003,93,0,93
2430,2004,93,0,93
2430,2005,93,0,93
2430,2006,93,0,93
2430,2007,93,0,93
2430,2008,93,0,93
2430,2009,93,0,93
2430,2010,93,0,93
2430,2011,93,0,93
2430,2012,93,0,93
2430,2013,93,0,93
2430,2014,93,0,93
2430,2015,93,0,93
2430,2016,93,0,93
2430,2017,93,0,93
2430,2018,93,0,93
2430,2019,93,0,93
2431,2015,93,0,93
2431,2016,93,0,93
2431,2017,93,0,93
2431,2018,93,0,93
2431,2019,93,0,93
2432,1998,93,0,93
2432,1999,93,0,93
2432,2000,93,0,93
2432,2001,93,0,93
2432,2002,93,0,93
2432,2003,93,0,93
2432,2004,93,0,93
2432,2005,93,0,93
2432,2006,93,0,93
2432,2007,93,0,93
2432,2008,93,0,93
2432,2009,93,0,93
2432,2010,93,0,93
2433,2008,93,0,93
2434,1998,0,93,93
2434,1999,0,93,93
2434,2000,0,93,93
2434,2001,0,93,93
2434,2002,0,93,93
2434,2003,0,93,93
2434,2004,0,93,93
2434,2005,0,93,93
2434,2006,0,93,93
2435,1998,0,93,93
2435,1999,0,93,93
2435,2000,0,93,93
2435,2001,0,93,93
2435,2002,0,93,93
2435,2003,0,93,93
2435,2004,0,93,93
2435,2005,0,93,93
2435,2006,0,93,93
2436,2005,0,93,93
2437,2005,0,93,93
2438,1998,0,93,93
2438,1999,0,93,93
2438,2000,0,93,93
2438,2001,0,93,93
2438,2002,0,93,93
2438,2003,0,93,93
2438,2004,0,93,93
2438,2005,0,93,93
2439,1998,0,93,93
2439,1999,0,93,93
2439,2000,0,93,93
2439,2001,0,93,93
2439,2002,0,93,93
2439,2003,0,93,93
2439,2004,0,93,93
2439,2005,0,93,93
2440,2017,0,92,92
2440,2018,0,92,92
2440,2019,0,92,92
2441,2010,92,0,92
2441,2011,92,0,92
2441,2012,92,0,92
2441,2013,92,0,92
2441,2014,92,0,92
2441,2015,92,0,92
2441,2016,92,0,92
2441,2017,92,0,92
2441,2018,92,0,92
2441,2019,92,0,92
2442,2015,92,0,92
2442,2016,92,0,92
2442,2017,92,0,92
2443,1998,0,92,92
2443,1999,0,92,92
2443,2000,0,92,92
2443,2001,0,92,92
2443,2002,0,92,92
2443,2003,0,92,92
2443,2004,0,92,92
2443,2005,0,92,92
2444,1998,92,0,92
2444,1999,92,0,92
2444,2000,92,0,92
2444,2001,92,0,92
2444,2002,92,0,92
2444,2003,92,0,92
2444,2004,92,0,92
2444,2005,92,0,92
2445,1998,0,91,91
2445,1999,0,91,91
2445,2000,0,91,91
2445,2001,0,91,91
2445,2002,0,91,91
2445,2003,0,91,91
2445,2004,0,91,91
2445,2005,0,91,91
2445,2006,0,91,91
2445,2007,0,91,91
2445,2008,0,91,91
2445,2009,0,91,91
2445,2010,0,91,91
2445,2011,0,91,91
2445,2012,0,91,91
2445,2013,0,91,91
2445,2014,0,91,91
2445,2015,0,91,91
2445,2016,0,91,91
2445,2017,0,91,91
2445,2018,0,91,91
2445,2019,0,91,91
2446,1998,91,0,91
2446,1999,91,0,91
2446,2000,91,0,91
2446,2001,91,0,91
2446,2002,91,0,91
2446,2003,91,0,91
2446,2004,91,0,91
2446,2005,91,0,91
2446,2006,91,0,91
2446,2007,91,0,91
2446,2008,91,0,91
2446,2009,91,0,91
2446,2010,91,0,91
2446,2011,91,0,91
2446,2012,91,0,91
2446,2013,91,0,91
2446,2014,91,0,91
2446,2015,91,0,91
2446,2016,91,0,91
2446,2017,91,0,91
2446,2018,91,0,91
2446,2019,91,0,91
2447,2016,91,0,91
2448,2002,91,0,91
2448,2003,91,0,91
2448,2004,91,0,91
2448,2005,91,0,91
2448,2006,91,0,91
2448,2007,91,0,91
2448,2008,91,0,91
2448,2009,91,0,91
2448,2010,91,0,91
2448,2011,91,0,91
2448,2012,91,0,91
2448,2013,91,0,91
2448,2014,91,0,91
2448,2015,91,0,91
2449,1998,0,91,91
2449,1999,0,91,91
2449,2000,0,91,91
2449,2001,0,91,91
2449,2002,0,91,91
2449,2003,0,91,91
2449,2004,0,91,91
2449,2005,0,91,91
2449,2006,0,91,91
2449,2007,0,91,91
2449,2008,0,91,91
2449,2009,0,91,91
2449,2010,0,91,91
2449,2011,0,91,91
2449,2012,0,91,91
2449,2013,0,91,91
2449,2014,0,91,91
2450,1998,91,0,91
2450,1999,91,0,91
2450,2000,91,0,91
2450,2001,91,0,91
2450,2002,91,0,91
2450,2003,91,0,91
2450,2004,91,0,91
2450,2005,91,0,91
2450,2006,91,0,91
2451,1998,0,91,91
2451,1999,0,91,91
2451,2000,0,91,91
2451,2001,0,91,91
2451,2002,0,91,91
2451,2003,0,91,91
2451,2004,0,91,91
2451,2005,0,91,91
2452,1998,91,0,91
2452,1999,91,0,91
2452,2000,91,0,91
2452,2001,91,0,91
2453,1998,0,91,91
2453,1999,0,91,91
2453,2000,0,91,91
2454,1998,0,91,91
2454,1999,0,91,91
2455,1998,91,0,91
2456,2016,90,0,90
2457,2003,0,90,90
2457,2004,0,90,90
2457,2005,0,90,90
2458,1998,90,0,90
2458,1999,90,0,90
2458,2000,90,0,90
2458,2001,90,0,90
2458,2002,90,0,90
2458,2003,90,0,90
2458,2004,90,0,90
2458,2005,90,0,90
2459,1998,0,90,90
2459,1999,0,90,90
2459,2000,0,90,90
2459,2001,0,90,90
2459,2002,0,90,90
2459,2003,0,90,90
2459,2004,0,90,90
2459,2005,0,90,90
2460,2004,90,0,90
2461,1998,89,0,89
2461,1999,89,0,89
2461,2000,89,0,89
2461,2001,89,0,89
2461,2002,89,0,89
2461,2003,89,0,89
2461,2004,89,0,89
2461,2005,89,0,89
2461,2006,89,0,89
2461,2007,89,0,89
2461,2008,89,0,89
2461,2009,89,0,89
2461,2010,89,0,89
2461,2011,89,0,89
2461,2012,89,0,89
2461,2013,89,0,89
2461,2014,89,0,89
2461,2015,89,0,89
2461,2016,89,0,89
2461,2017,89,0,89
2461,2018,89,0,89
2461,2019,89,0,89
2462,1998,89,0,89
2462,1999,89,0,89
2462,2000,89,0,89
2462,2001,89,0,89
2462,2002,89,0,89
2462,2003,89,0,89
2462,2004,89,0,89
2462,2005,89,0,89
2462,2006,89,0,89
2462,2007,89,0,89
2462,2008,89,0,89
2462,2009,89,0,89
2462,2010,89,0,89
2462,2011,89,0,89
2462,2012,89,0,89
2462,2013,89,0,89
2462,2014,89,0,89
2462,2015,89,0,89
2462,2016,89,0,89
2462,2017,89,0,89
2462,2018,89,0,89
2462,2019,89,0,89
2463,1998,0,89,89
2463,1999,0,89,89
2463,2000,0,89,89
2463,2001,0,89,89
2463,2002,0,89,89
2463,2003,0,89,89
2463,2004,0,89,89
2463,2005,0,89,89
2463,2006,0,89,89
2463,2007,0,89,89
2463,2008,0,89,89
2463,2009,0,89,89
2463,2010,0,89,89
2463,2011,0,89,89
2463,2012,0,89,89
2463,2013,0,89,89
2463,2014,0,89,89
2463,2015,0,89,89
2463,2016,0,89,89
2463,2017,0,89,89
2463,2018,0,89,89
2463,2019,0,89,89
2464,1998,89,0,89
2464,1999,89,0,89
2464,2000,89,0,89
2464,2001,89,0,89
2464,2002,89,0,89
2464,2003,89,0,89
2464,2004,89,0,89
2464,2005,89,0,89
2464,2006,89,0,89
2464,2007,89,0,89
2464,2008,89,0,89
2464,2009,89,0,89
2464,2010,89,0,89
2464,2011,89,0,89
2464,2012,89,0,89
2464,2013,89,0,89
2464,2014,89,0,89
2464,2015,89,0,89
2464,2016,89,0,89
2464,2017,89,0,89
2464,2018,89,0,89
2464,2019,89,0,89
2465,2013,89,0,89
2465,2014,89,0,89
2465,2015,89,0,89
2465,2016,89,0,89
2466,2005,0,89,89
2466,2006,0,89,89
2466,2007,0,89,89
2466,2008,0,89,89
2466,2009,0,89,89
2466,2010,0,89,89
2466,2011,0,89,89
2466,2012,0,89,89
2466,2013,0,89,89
2466,2014,0,89,89
2466,2015,0,89,89
2467,2005,0,89,89
2467,2006,0,89,89
2467,2007,0,89,89
2467,2008,0,89,89
2467,2009,0,89,89
2467,2010,0,89,89
2467,2011,0,89,89
2467,2012,0,89,89
2467,2013,0,89,89
2467,2014,0,89,89
2467,2015,0,89,89
2468,1998,0,89,89
2468,1999,0,89,89
2468,2000,0,89,89
2468,2001,0,89,89
2468,2002,0,89,89
2468,2003,0,89,89
2468,2004,0,89,89
2468,2005,0,89,89
2468,2006,0,89,89
2468,2007,0,89,89
2468,2008,0,89,89
2468,2009,0,89,89
2469,1998,86,0,86
2469,1999,86,0,86
2469,2000,86,0,86
2469,2001,89,0,89
2469,2002,89,0,89
2469,2003,89,0,89
2469,2004,89,0,89
2469,2005,89,0,89
2469,2006,89,0,89
2469,2007,89,0,89
2469,2008,89,0,89
2470,2005,0,89,89
2471,1998,88,0,88
2471,1999,87,0,87
2471,2000,87,0,87
2471,2001,87,0,87
2471,2002,87,0,87
2471,2003,87,0,87
2471,2004,87,0,87
2471,2005,87,0,87
2471,2006,87,0,87
2471,2007,87,0,87
2471,2008,87,0,87
2471,2009,87,0,87
2471,2010,87,0,87
2471,2011,87,0,87
2471,2012,87,0,87
2472,2005,0,88,88
2472,2006,0,88,88
2472,2007,0,88,88
2472,2008,0,88,88
2472,2009,0,88,88
2473,1998,0,87,87
2473,1999,0,87,87
2473,2000,0,87,87
2473,2001,0,87,87
2473,2002,0,87,87
2473,2003,0,87,87
2473,2004,0,87,87
2473,2005,0,87,87
2473,2006,0,87,87
2473,2007,0,87,87
2473,2008,0,87,87
2473,2009,0,87,87
2473,2010,0,87,87
2473,2011,0,87,87
2473,2012,0,87,87
2473,2013,0,87,87
2473,2014,0,87,87
2473,2015,0,87,87
2473,2016,0,87,87
2473,2017,0,87,87
2473,2018,0,87,87
2473,2019,0,87,87
2474,2018,87,0,87
2474,2019,87,0,87
2475,2019,0,87,87
2476,2012,87,0,87
2476,2013,87,0,87
2476,2014,87,0,87
2476,2015,87,0,87
2476,2016,87,0,87
2476,2017,87,0,87
2476,2018,87,0,87
2476,2019,87,0,87
2477,2015,0,87,87
2477,2016,0,87,87
2478,1998,87,0,87
2478,1999,87,0,87
2478,2000,87,0,87
2478,2001,87,0,87
2478,2002,87,0,87
2478,2003,87,0,87
2478,2004,87,0,87
2478,2005,87,0,87
2478,2006,87,0,87
2478,2007,87,0,87
2479,1998,0,87,87
2479,1999,0,87,87
2479,2000,0,87,87
2479,2001,0,87,87
2479,2002,0,87,87
2479,2003,0,87,87
2479,2004,0,87,87
2479,2005,0,87,87
2479,2006,0,87,87
2480,2001,0,87,87
2480,2002,0,87,87
2480,2003,0,87,87
2480,2004,0,87,87
2480,2005,0,87,87
2481,1998,86,0,86
2481,1999,86,0,86
2481,2000,86,0,86
2481,2001,86,0,86
2481,2002,86,0,86
2481,2003,86,0,86
2481,2004,86,0,86
2481,2005,86,0,86
2481,2006,86,0,86
2481,2007,86,0,86
2481,2008,86,0,86
2481,2009,86,0,86
2481,2010,86,0,86
2481,2011,86,0,86
2481,2012,86,0,86
2481,2013,86,0,86
2481,2014,86,0,86
2481,2015,86,0,86
2481,2016,86,0,86
2481,2017,86,0,86
2481,2018,86,0,86
2481,2019,86,0,86
2482,1998,86,0,86
2482,1999,86,0,86
2482,2000,86,0,86
2482,2001,86,0,86
2482,2002,86,0,86
2482,2003,86,0,86
2482,2004,86,0,86
2482,2005,86,0,86
2482,2006,86,0,86
2482,2007,86,0,86
2482,2008,86,0,86
2482,2009,86,0,86
2482,2010,86,0,86
2482,2011,86,0,86
2482,2012,86,0,86
2482,2013,86,0,86
2482,2014,86,0,86
2482,2015,86,0,86
2482,2016,44,0,44
2482,2017,44,0,44
2482,2018,44,0,44
2482,2019,44,0,44
2483,1998,0,86,86
2483,1999,0,86,86
2483,2000,0,86,86
2483,2001,0,86,86
2483,2002,0,86,86
2483,2003,0,86,86
2483,2004,0,86,86
2483,2005,0,86,86
2483,2006,0,86,86
2483,2007,0,86,86
2483,2008,0,86,86
2483,2009,0,86,86
2484,1998,86,0,86
2484,1999,86,0,86
2484,2000,86,0,86
2484,2001,86,0,86
2484,2002,86,0,86
2484,2003,86,0,86
2484,2004,86,0,86
2484,2005,86,0,86
2484,2006,86,0,86
2484,2007,86,0,86
2484,2008,86,0,86
2484,2009,86,0,86
2485,1998,0,86,86
2485,1999,0,86,86
2485,2000,0,86,86
2485,2001,0,86,86
2485,2002,0,86,86
2485,2003,0,86,86
2485,2004,0,86,86
2485,2005,0,86,86
2486,1998,85,0,85
2486,1999,85,0,85
2486,2000,85,0,85
2486,2001,85,0,85
2486,2002,85,0,85
2486,2003,85,0,85
2486,2004,85,0,85
2486,2005,85,0,85
2486,2006,85,0,85
2486,2007,85,0,85
2486,2008,85,0,85
2486,2009,85,0,85
2486,2010,85,0,85
2486,2011,85,0,85
2486,2012,85,0,85
2486,2013,85,0,85
2486,2014,85,0,85
2486,2015,85,0,85
2486,2016,85,0,85
2486,2017,85,0,85
2486,2018,85,0,85
2486,2019,85,0,85
2487,2012,85,0,85
2487,2013,85,0,85
2487,2014,85,0,85
2487,2015,85,0,85
2487,2016,85,0,85
2487,2017,85,0,85
2487,2018,85,0,85
2487,2019,85,0,85
2488,1998,85,0,85
2488,1999,85,0,85
2488,2000,85,0,85
2488,2001,85,0,85
2488,2002,85,0,85
2488,2003,85,0,85
2488,2004,85,0,85
2488,2005,85,0,85
2488,2006,85,0,85
2488,2007,85,0,85
2488,2008,85,0,85
2488,2009,85,0,85
2488,2010,85,0,85
2488,2011,85,0,85
2488,2012,85,0,85
2488,2013,85,0,85
2488,2014,85,0,85
2488,2015,85,0,85
2488,2016,85,0,85
2488,2017,85,0,85
2488,2018,85,0,85
2488,2019,85,0,85
2489,2016,85,0,85
2490,1998,0,85,85
2490,1999,0,85,85
2490,2000,0,85,85
2490,2001,0,85,85
2490,2002,0,85,85
2490,2003,0,85,85
2490,2004,0,85,85
2490,2005,0,85,85
2490,2006,0,85,85
2490,2007,0,85,85
2490,2008,0,85,85
2490,2009,0,85,85
2490,2010,0,85,85
2490,2011,0,85,85
2490,2012,0,85,85
2490,2013,0,85,85
2490,2014,0,85,85
2491,1998,0,84,84
2491,1999,0,84,84
2491,2000,0,84,84
2491,2001,0,84,84
2491,2002,0,84,84
2491,2003,0,84,84
2491,2004,0,84,84
2491,2005,0,84,84
2491,2006,0,84,84
2491,2007,0,84,84
2491,2008,0,84,84
2491,2009,0,84,84
2491,2010,0,84,84
2491,2011,0,84,84
2491,2012,0,84,84
2491,2013,0,84,84
2491,2014,0,84,84
2491,2015,0,84,84
2491,2016,0,84,84
2491,2017,0,84,84
2491,2018,0,84,84
2491,2019,0,84,84
2492,2014,0,84,84
2492,2015,0,84,84
2492,2016,0,84,84
2492,2017,0,84,84
2493,1998,84,0,84
2493,1999,84,0,84
2493,2000,84,0,84
2493,2001,84,0,84
2493,2002,84,0,84
2493,2003,84,0,84
2493,2004,84,0,84
2493,2005,84,0,84
2493,2006,84,0,84
2493,2007,84,0,84
2493,2008,84,0,84
2493,2009,84,0,84
2494,1998,84,0,84
2494,1999,84,0,84
2494,2000,84,0,84
2494,2001,84,0,84
2494,2002,84,0,84
2494,2003,84,0,84
2494,2004,84,0,84
2494,2005,84,0,84
2494,2006,84,0,84
2495,1998,0,84,84
2495,1999,0,84,84
2495,2000,0,84,84
2495,2001,0,84,84
2495,2002,0,84,84
2495,2003,0,84,84
2495,2004,0,84,84
2495,2005,0,84,84
2496,1998,0,84,84
2496,1999,0,84,84
2496,2000,0,84,84
2496,2001,0,84,84
2496,2002,0,84,84
2496,2003,0,84,84
2496,2004,0,84,84
2496,2005,0,84,84
2497,1998,83,0,83
2497,1999,83,0,83
2497,2000,83,0,83
2497,2001,83,0,83
2497,2002,83,0,83
2497,2003,83,0,83
2497,2004,83,0,83
2497,2005,83,0,83
2497,2006,83,0,83
2497,2007,83,0,83
2497,2008,83,0,83
2497,2009,83,0,83
2497,2010,83,0,83
2497,2011,83,0,83
2497,2012,83,0,83
2497,2013,83,0,83
2497,2014,83,0,83
2497,2015,83,0,83
2497,2016,83,0,83
2497,2017,83,0,83
2497,2018,83,0,83
2497,2019,83,0,83
2498,2001,0,83,83
2498,2002,0,83,83
2498,2003,0,83,83
2499,2002,0,83,83
2500,1998,82,0,82
2500,1999,82,0,82
2500,2000,82,0,82
2500,2001,82,0,82
2500,2002,82,0,82
2500,2003,82,0,82
2500,2004,82,0,82
2500,2005,82,0,82
2500,2006,82,0,82
2500,2007,82,0,82
2500,2008,82,0,82
2500,2009,82,0,82
2500,2010,82,0,82
2500,2011,82,0,82
2500,2012,82,0,82
2500,2013,82,0,82
2500,2014,82,0,82
2500,2015,82,0,82
2500,2016,82,0,82
2500,2017,82,0,82
2500,2018,82,0,82
2500,2019,82,0,82
2501,2003,82,0,82
2501,2004,82,0,82
2501,2005,82,0,82
2501,2006,82,0,82
2501,2007,82,0,82
2501,2008,82,0,82
2501,2009,82,0,82
2501,2010,82,0,82
2501,2011,82,0,82
2501,2012,82,0,82
2501,2013,82,0,82
2501,2014,82,0,82
2501,2015,82,0,82
2501,2016,82,0,82
2501,2017,82,0,82
2501,2018,82,0,82
2501,2019,82,0,82
2502,2017,0,82,82
2502,2018,0,82,82
2502,2019,0,82,82
2503,1998,80,0,80
2503,1999,80,0,80
2503,2000,80,0,80
2503,2001,80,0,80
2503,2002,80,0,80
2503,2003,81,0,81
2503,2004,81,0,81
2503,2005,81,0,81
2503,2006,80,0,80
2503,2007,80,0,80
2503,2008,80,0,80
2503,2009,80,0,80
2503,2010,80,0,80
2503,2011,80,0,80
2503,2012,80,0,80
2503,2013,80,0,80
2503,2014,80,0,80
2503,2015,80,0,80
2503,2016,80,0,80
2503,2017,80,0,80
2503,2018,80,0,80
2503,2019,80,0,80
2504,2010,0,81,81
2504,2011,0,81,81
2504,2012,0,81,81
2504,2013,0,81,81
2504,2014,0,81,81
2504,2015,0,81,81
2504,2016,0,81,81
2504,2017,0,81,81
2504,2018,0,81,81
2504,2019,0,81,81
2505,1998,81,0,81
2505,1999,81,0,81
2505,2000,81,0,81
2505,2001,81,0,81
2505,2002,81,0,81
2505,2003,81,0,81
2505,2004,81,0,81
2505,2005,81,0,81
2505,2006,81,0,81
2505,2007,81,0,81
2505,2008,81,0,81
2505,2009,81,0,81
2505,2010,81,0,81
2505,2011,81,0,81
2505,2012,81,0,81
2505,2013,81,0,81
2505,2014,81,0,81
2505,2015,81,0,81
2505,2016,81,0,81
2505,2017,81,0,81
2505,2018,81,0,81
2505,2019,81,0,81
2506,2008,0,81,81
2506,2009,0,81,81
2507,2002,0,81,81
2507,2003,0,81,81
2507,2004,0,81,81
2508,1998,0,80,80
2508,1999,0,80,80
2508,2000,0,80,80
2508,2001,0,80,80
2508,2002,0,80,80
2508,2003,0,80,80
2508,2004,0,80,80
2508,2005,0,80,80
2508,2006,0,80,80
2508,2007,0,80,80
2508,2008,0,80,80
2508,2009,0,80,80
2508,2010,0,80,80
2508,2011,0,80,80
2508,2012,0,80,80
2508,2013,0,80,80
2508,2014,0,80,80
2508,2015,0,80,80
2508,2016,0,80,80
2508,2017,0,80,80
2508,2018,0,80,80
2508,2019,0,80,80
2509,2002,80,0,80
2509,2003,80,0,80
2509,2004,80,0,80
2509,2005,80,0,80
2509,2006,80,0,80
2509,2007,80,0,80
2509,2008,80,0,80
2509,2009,80,0,80
2509,2010,80,0,80
2509,2011,80,0,80
2509,2012,80,0,80
2509,2013,80,0,80
2509,2014,80,0,80
2509,2015,80,0,80
2509,2016,80,0,80
2509,2017,80,0,80
2509,2018,80,0,80
2509,2019,80,0,80
2510,2010,80,0,80
2510,2011,80,0,80
2511,1998,80,0,80
2511,1999,80,0,80
2511,2000,80,0,80
2511,2001,80,0,80
2511,2002,80,0,80
2511,2003,80,0,80
2511,2004,80,0,80
2511,2005,80,0,80
2511,2006,80,0,80
2511,2007,80,0,80
2511,2008,80,0,80
2512,1998,79,0,79
2512,1999,79,0,79
2512,2000,79,0,79
2512,2001,79,0,79
2512,2002,79,0,79
2512,2003,79,0,79
2512,2004,79,0,79
2512,2005,79,0,79
2512,2006,79,0,79
2512,2007,79,0,79
2512,2008,79,0,79
2512,2009,79,0,79
2512,2010,79,0,79
2512,2011,79,0,79
2512,2012,79,0,79
2512,2013,79,0,79
2512,2014,79,0,79
2512,2015,79,0,79
2512,2016,79,0,79
2512,2017,79,0,79
2512,2018,79,0,79
2512,2019,79,0,79
2513,2010,79,0,79
2513,2011,79,0,79
2513,2012,79,0,79
2513,2013,79,0,79
2513,2014,79,0,79
2513,2015,79,0,79
2513,2016,79,0,79
2513,2017,79,0,79
2513,2018,79,0,79
2513,2019,79,0,79
2514,2010,0,79,79
2515,2003,79,0,79
2515,2004,79,0,79
2515,2005,79,0,79
2515,2006,79,0,79
2515,2007,79,0,79
2515,2008,79,0,79
2516,1998,0,79,79
2516,1999,0,79,79
2516,2000,0,79,79
2516,2001,0,79,79
2516,2002,0,79,79
2516,2003,0,79,79
2516,2004,0,79,79
2516,2005,0,79,79
2516,2006,0,79,79
2516,2007,0,79,79
2516,2008,0,79,79
2517,1998,0,79,79
2517,1999,0,79,79
2517,2000,0,79,79
2517,2001,0,79,79
2517,2002,0,79,79
2517,2003,0,79,79
2517,2004,0,79,79
2517,2005,0,79,79
2518,1998,79,0,79
2518,1999,79,0,79
2518,2000,79,0,79
2518,2001,79,0,79
2518,2002,79,0,79
2518,2003,79,0,79
2518,2004,79,0,79
2518,2005,79,0,79
2519,1998,0,79,79
2519,1999,0,79,79
2519,2000,0,79,79
2519,2001,0,79,79
2519,2002,0,79,79
2519,2003,0,79,79
2520,1999,78,0,78
2520,2000,78,0,78
2520,2001,78,0,78
2520,2002,78,0,78
2520,2003,78,0,78
2520,2004,78,0,78
2520,2005,78,0,78
2520,2006,78,0,78
2520,2007,78,0,78
2520,2008,78,0,78
2520,2009,78,0,78
2520,2010,78,0,78
2520,2011,78,0,78
2520,2012,78,0,78
2520,2013,78,0,78
2520,2014,78,0,78
2520,2015,78,0,78
2520,2016,78,0,78
2520,2017,78,0,78
2520,2018,78,0,78
2520,2019,78,0,78
2521,1998,0,78,78
2521,1999,0,78,78
2521,2000,0,78,78
2521,2001,0,78,78
2521,2002,0,78,78
2521,2003,0,78,78
2521,2004,0,78,78
2521,2005,0,78,78
2521,2006,0,78,78
2521,2007,0,78,78
2521,2008,0,78,78
2521,2009,0,78,78
2521,2010,0,78,78
2521,2011,0,78,78
2521,2012,0,78,78
2521,2013,0,78,78
2521,2014,0,78,78
2521,2015,0,78,78
2521,2016,0,78,78
2521,2017,0,78,78
2521,2018,0,78,78
2521,2019,0,78,78
2522,1998,0,78,78
2522,1999,0,78,78
2522,2000,0,78,78
2522,2001,0,78,78
2522,2002,0,78,78
2522,2003,0,78,78
2522,2004,0,78,78
2522,2005,0,78,78
2522,2006,0,78,78
2523,1998,0,78,78
2523,1999,0,78,78
2523,2000,0,78,78
2523,2001,0,78,78
2523,2002,0,78,78
2523,2003,0,78,78
2523,2004,0,78,78
2523,2005,0,78,78
2523,2006,0,78,78
2524,1998,0,78,78
2524,1999,0,78,78
2524,2000,0,78,78
2524,2001,0,78,78
2524,2002,0,78,78
2524,2003,0,78,78
2524,2004,0,78,78
2524,2005,0,78,78
2524,2006,0,78,78
2525,1998,0,78,78
2525,1999,0,78,78
2525,2000,0,78,78
2525,2001,0,78,78
2525,2002,0,78,78
2525,2003,0,78,78
2525,2004,0,78,78
2525,2005,0,78,78
2525,2006,0,78,78
2526,1998,77,0,77
2526,1999,77,0,77
2526,2000,77,0,77
2526,2001,77,0,77
2526,2002,77,0,77
2526,2003,77,0,77
2526,2004,77,0,77
2526,2005,77,0,77
2526,2006,77,0,77
2526,2007,77,0,77
2526,2008,77,0,77
2526,2009,77,0,77
2526,2010,77,0,77
2526,2011,77,0,77
2526,2012,77,0,77
2526,2013,77,0,77
2526,2014,77,0,77
2526,2015,77,0,77
2526,2016,77,0,77
2526,2017,77,0,77
2526,2018,77,0,77
2526,2019,77,0,77
2527,2016,0,77,77
2527,2017,0,77,77
2527,2018,0,77,77
2527,2019,0,77,77
2528,2015,77,0,77
2529,1998,77,0,77
2529,1999,77,0,77
2529,2000,77,0,77
2529,2001,77,0,77
2529,2002,77,0,77
2529,2003,77,0,77
2529,2004,77,0,77
2529,2005,77,0,77
2529,2006,77,0,77
2529,2007,77,0,77
2529,2008,77,0,77
2530,2008,0,77,77
2531,1998,77,0,77
2531,1999,77,0,77
2531,2000,77,0,77
2531,2001,77,0,77
2531,2002,77,0,77
2531,2003,77,0,77
2531,2004,75,0,75
2531,2005,75,0,75
2531,2006,75,0,75
2531,2007,75,0,75
2532,1998,0,77,77
2532,1999,0,77,77
2532,2000,0,77,77
2532,2001,0,77,77
2532,2002,0,77,77
2532,2003,0,77,77
2532,2004,0,77,77
2532,2005,0,77,77
2533,1998,0,76,76
2533,1999,0,76,76
2533,2000,0,76,76
2533,2001,0,76,76
2533,2002,0,76,76
2533,2003,0,76,76
2533,2004,0,76,76
2533,2005,0,76,76
2534,1998,76,0,76
2534,1999,76,0,76
2534,2000,76,0,76
2534,2001,76,0,76
2534,2002,76,0,76
2534,2003,76,0,76
2534,2004,76,0,76
2534,2005,76,0,76
2535,1998,75,0,75
2535,1999,75,0,75
2535,2000,75,0,75
2535,2001,75,0,75
2535,2002,75,0,75
2535,2003,75,0,75
2535,2004,75,0,75
2535,2005,75,0,75
2535,2006,75,0,75
2535,2007,75,0,75
2535,2008,75,0,75
2535,2009,75,0,75
2535,2010,75,0,75
2535,2011,75,0,75
2535,2012,75,0,75
2535,2013,75,0,75
2535,2014,75,0,75
2535,2015,75,0,75
2535,2016,75,0,75
2535,2017,75,0,75
2535,2018,75,0,75
2535,2019,75,0,75
2536,2014,75,0,75
2536,2015,75,0,75
2536,2016,75,0,75
2536,2017,75,0,75
2536,2018,75,0,75
2536,2019,75,0,75
2537,2016,75,0,75
2538,1998,75,0,75
2538,1999,75,0,75
2538,2000,75,0,75
2538,2001,75,0,75
2538,2002,75,0,75
2538,2003,75,0,75
2538,2004,75,0,75
2538,2005,75,0,75
2538,2006,75,0,75
2538,2007,75,0,75
2539,1998,75,0,75
2539,1999,75,0,75
2539,2000,75,0,75
2539,2001,75,0,75
2539,2002,75,0,75
2539,2003,75,0,75
2539,2004,75,0,75
2539,2005,75,0,75
2540,2008,74,0,74
2540,2009,74,0,74
2540,2010,74,0,74
2540,2011,74,0,74
2540,2012,74,0,74
2540,2013,74,0,74
2540,2014,74,0,74
2540,2015,74,0,74
2540,2016,74,0,74
2540,2017,74,0,74
2540,2018,74,0,74
2540,2019,74,0,74
2541,2010,74,0,74
2541,2011,74,0,74
2541,2012,74,0,74
2541,2013,74,0,74
2541,2014,74,0,74
2541,2015,74,0,74
2541,2016,74,0,74
2541,2017,74,0,74
2541,2018,74,0,74
2541,2019,74,0,74
2542,1998,74,0,74
2542,1999,74,0,74
2542,2000,74,0,74
2542,2001,74,0,74
2542,2002,74,0,74
2542,2003,74,0,74
2542,2004,74,0,74
2542,2005,74,0,74
2542,2006,74,0,74
2542,2007,74,0,74
2542,2008,74,0,74
2542,2009,74,0,74
2542,2010,74,0,74
2542,2011,74,0,74
2542,2012,74,0,74
2542,2013,74,0,74
2542,2014,74,0,74
2542,2015,74,0,74
2542,2016,74,0,74
2542,2017,74,0,74
2542,2018,74,0,74
2542,2019,74,0,74
2543,2019,74,0,74
2544,1998,74,0,74
2544,1999,74,0,74
2544,2000,74,0,74
2544,2001,74,0,74
2544,2002,74,0,74
2544,2003,74,0,74
2544,2004,74,0,74
2544,2005,74,0,74
2545,1999,74,0,74
2545,2000,74,0,74
2545,2001,74,0,74
2545,2002,74,0,74
2546,1998,0,73,73
2546,1999,0,73,73
2546,2000,0,73,73
2546,2001,0,73,73
2546,2002,0,73,73
2546,2003,0,73,73
2546,2004,0,73,73
2546,2005,0,73,73
2546,2006,0,73,73
2546,2007,0,73,73
2546,2008,0,73,73
2546,2009,0,73,73
2546,2010,0,73,73
2546,2011,0,73,73
2546,2012,0,73,73
2546,2013,0,73,73
2546,2014,0,73,73
2546,2015,0,73,73
2546,2016,0,73,73
2546,2017,0,73,73
2546,2018,0,73,73
2546,2019,0,73,73
2547,1998,0,73,73
2547,1999,0,73,73
2547,2000,0,73,73
2547,2001,0,73,73
2547,2002,0,73,73
2547,2003,0,73,73
2547,2004,0,73,73
2547,2005,0,73,73
2548,2003,72,0,72
2548,2004,72,0,72
2548,2005,72,0,72
2548,2006,72,0,72
2548,2007,72,0,72
2548,2008,72,0,72
2548,2009,72,0,72
2548,2010,72,0,72
2548,2011,72,0,72
2548,2012,72,0,72
2548,2013,72,0,72
2548,2014,72,0,72
2548,2015,72,0,72
2548,2016,72,0,72
2548,2017,72,0,72
2548,2018,72,0,72
2548,2019,72,0,72
2549,2009,0,72,72
2550,1998,71,0,71
2550,1999,71,0,71
2550,2000,71,0,71
2550,2001,71,0,71
2550,2002,71,0,71
2550,2003,71,0,71
2550,2004,71,0,71
2550,2005,71,0,71
2550,2006,71,0,71
2550,2007,71,0,71
2550,2008,71,0,71
2550,2009,71,0,71
2550,2010,71,0,71
2550,2011,71,0,71
2550,2012,71,0,71
2550,2013,71,0,71
2550,2014,71,0,71
2550,2015,71,0,71
2550,2016,71,0,71
2550,2017,71,0,71
2550,2018,71,0,71
2550,2019,71,0,71
2551,1998,0,71,71
2551,1999,0,71,71
2551,2000,0,71,71
2551,2001,0,71,71
2551,2002,0,71,71
2551,2003,0,71,71
2551,2004,0,71,71
2551,2005,0,71,71
2551,2006,0,71,71
2551,2007,0,71,71
2551,2008,0,71,71
2551,2009,0,71,71
2552,1998,71,0,71
2552,1999,71,0,71
2552,2000,71,0,71
2552,2001,71,0,71
2552,2002,71,0,71
2552,2003,71,0,71
2552,2004,71,0,71
2552,2005,71,0,71
2552,2006,71,0,71
2553,1998,71,0,71
2553,1999,71,0,71
2553,2000,71,0,71
2553,2001,71,0,71
2553,2002,71,0,71
2553,2003,71,0,71
2553,2004,71,0,71
2553,2005,71,0,71
2553,2006,71,0,71
2554,2003,0,71,71
2554,2004,0,71,71
2554,2005,0,71,71
2555,1998,0,71,71
2555,1999,0,71,71
2555,2000,0,71,71
2555,2001,0,71,71
2555,2002,0,71,71
2555,2003,0,71,71
2555,2004,0,71,71
2555,2005,0,71,71
2556,2003,71,0,71
2557,1998,70,0,70
2557,1999,70,0,70
2557,2000,70,0,70
2557,2001,70,0,70
2557,2002,70,0,70
2557,2003,70,0,70
2557,2004,70,0,70
2557,2005,70,0,70
2557,2006,70,0,70
2557,2007,70,0,70
2557,2008,70,0,70
2557,2009,70,0,70
2557,2010,70,0,70
2557,2011,70,0,70
2557,2012,70,0,70
2557,2013,70,0,70
2557,2014,70,0,70
2557,2015,70,0,70
2557,2016,70,0,70
2557,2017,70,0,70
2557,2018,70,0,70
2557,2019,70,0,70
2558,2009,69,0,69
2558,2010,69,0,69
2559,1998,69,0,69
2559,1999,69,0,69
2559,2000,69,0,69
2559,2001,69,0,69
2559,2002,69,0,69
2559,2003,69,0,69
2559,2004,69,0,69
2559,2005,69,0,69
2559,2006,69,0,69
2559,2007,69,0,69
2559,2008,69,0,69
2559,2009,69,0,69
2560,2002,68,0,68
2560,2003,68,0,68
2560,2004,68,0,68
2560,2005,68,0,68
2560,2006,68,0,68
2560,2007,68,0,68
2560,2008,68,0,68
2560,2009,68,0,68
2560,2010,68,0,68
2560,2011,68,0,68
2560,2012,68,0,68
2560,2013,68,0,68
2560,2014,68,0,68
2560,2015,68,0,68
2560,2016,68,0,68
2560,2017,68,0,68
2560,2018,68,0,68
2560,2019,68,0,68
2561,2013,68,0,68
2561,2014,68,0,68
2561,2015,68,0,68
2561,2016,68,0,68
2561,2017,68,0,68
2561,2018,68,0,68
2561,2019,68,0,68
2562,2000,0,68,68
2562,2001,0,68,68
2562,2002,0,68,68
2562,2003,0,68,68
2562,2004,0,68,68
2562,2005,0,68,68
2562,2006,0,68,68
2562,2007,0,68,68
2562,2008,0,68,68
2562,2009,0,68,68
2562,2010,0,68,68
2562,2011,0,68,68
2562,2012,0,68,68
2562,2013,0,68,68
2562,2014,0,68,68
2562,2015,0,68,68
2562,2016,0,68,68
2562,2017,0,68,68
2563,1998,68,0,68
2563,1999,68,0,68
2563,2000,68,0,68
2563,2001,68,0,68
2563,2002,68,0,68
2563,2003,68,0,68
2563,2004,68,0,68
2563,2005,68,0,68
2563,2006,68,0,68
2564,1998,67,0,67
2564,1999,67,0,67
2564,2000,67,0,67
2564,2001,67,0,67
2564,2002,67,0,67
2564,2003,67,0,67
2564,2004,67,0,67
2564,2005,67,0,67
2564,2006,67,0,67
2564,2007,67,0,67
2564,2008,67,0,67
2564,2009,67,0,67
2564,2010,67,0,67
2564,2011,67,0,67
2564,2012,67,0,67
2564,2013,67,0,67
2564,2014,67,0,67
2564,2015,67,0,67
2564,2016,67,0,67
2564,2017,67,0,67
2564,2018,67,0,67
2564,2019,67,0,67
2565,1998,67,0,67
2565,1999,67,0,67
2565,2000,67,0,67
2565,2001,67,0,67
2565,2002,67,0,67
2565,2003,67,0,67
2565,2004,67,0,67
2565,2005,67,0,67
2565,2006,67,0,67
2565,2007,67,0,67
2565,2008,67,0,67
2565,2009,67,0,67
2565,2010,67,0,67
2565,2011,67,0,67
2565,2012,67,0,67
2565,2013,67,0,67
2565,2014,67,0,67
2565,2015,67,0,67
2565,2016,67,0,67
2565,2017,67,0,67
2565,2018,67,0,67
2565,2019,67,0,67
2566,2010,0,67,67
2567,2009,0,67,67
2568,2008,0,67,67
2569,2007,0,67,67
2570,2006,0,67,67
2571,2005,0,67,67
2572,2004,0,67,67
2573,1998,66,0,66
2573,1999,66,0,66
2573,2000,66,0,66
2573,2001,66,0,66
2573,2002,66,0,66
2573,2003,66,0,66
2573,2004,66,0,66
2573,2005,66,0,66
2573,2006,66,0,66
2573,2007,66,0,66
2573,2008,66,0,66
2574,1998,0,66,66
2574,1999,0,66,66
2574,2000,0,66,66
2574,2001,0,66,66
2574,2002,0,66,66
2574,2003,0,66,66
2574,2004,0,66,66
2574,2005,0,66,66
2575,1998,65,0,65
2575,1999,65,0,65
2575,2000,65,0,65
2575,2001,65,0,65
2575,2002,65,0,65
2575,2003,65,0,65
2575,2004,65,0,65
2575,2005,65,0,65
2575,2006,65,0,65
2575,2007,65,0,65
2575,2008,65,0,65
2575,2009,65,0,65
2575,2010,65,0,65
2575,2011,65,0,65
2575,2012,65,0,65
2575,2013,65,0,65
2575,2014,65,0,65
2575,2015,65,0,65
2575,2016,65,0,65
2575,2017,65,0,65
2575,2018,65,0,65
2575,2019,65,0,65
2576,1998,65,0,65
2576,1999,65,0,65
2576,2000,65,0,65
2576,2001,65,0,65
2576,2002,65,0,65
2576,2003,65,0,65
2576,2004,65,0,65
2576,2005,65,0,65
2577,1998,64,0,64
2577,1999,64,0,64
2577,2000,64,0,64
2577,2001,64,0,64
2577,2002,64,0,64
2577,2003,64,0,64
2577,2004,64,0,64
2577,2005,64,0,64
2577,2006,64,0,64
2577,2007,64,0,64
2577,2008,64,0,64
2577,2009,64,0,64
2577,2010,64,0,64
2577,2011,64,0,64
2577,2012,64,0,64
2577,2013,64,0,64
2577,2014,64,0,64
2577,2015,64,0,64
2577,2016,64,0,64
2577,2017,64,0,64
2577,2018,64,0,64
2577,2019,64,0,64
2578,1998,64,0,64
2578,1999,64,0,64
2578,2000,64,0,64
2578,2001,64,0,64
2578,2002,64,0,64
2578,2003,64,0,64
2578,2004,64,0,64
2578,2005,64,0,64
2578,2006,64,0,64
2578,2007,64,0,64
2578,2008,64,0,64
2578,2009,64,0,64
2578,2010,64,0,64
2578,2011,64,0,64
2578,2012,64,0,64
2578,2013,64,0,64
2578,2014,64,0,64
2578,2015,64,0,64
2578,2016,64,0,64
2578,2017,64,0,64
2578,2018,64,0,64
2578,2019,64,0,64
2579,2015,64,0,64
2579,2016,64,0,64
2579,2017,64,0,64
2579,2018,64,0,64
2579,2019,64,0,64
2580,2016,64,0,64
2581,1998,64,0,64
2581,1999,64,0,64
2581,2000,64,0,64
2581,2001,64,0,64
2581,2002,64,0,64
2581,2003,64,0,64
2581,2004,64,0,64
2581,2005,64,0,64
2582,1998,64,0,64
2582,1999,64,0,64
2582,2000,64,0,64
2582,2001,64,0,64
2582,2002,64,0,64
2582,2003,64,0,64
2582,2004,64,0,64
2582,2005,64,0,64
2583,1998,64,0,64
2583,1999,64,0,64
2583,2000,64,0,64
2583,2001,64,0,64
2583,2002,64,0,64
2583,2003,64,0,64
2583,2004,64,0,64
2584,2001,63,0,63
2584,2002,63,0,63
2584,2003,63,0,63
2584,2004,63,0,63
2584,2005,63,0,63
2584,2006,63,0,63
2584,2007,63,0,63
2585,1998,0,63,63
2585,1999,0,63,63
2585,2000,0,63,63
2585,2001,0,63,63
2585,2002,0,63,63
2585,2003,0,63,63
2585,2004,0,63,63
2585,2005,0,63,63
2586,1998,63,0,63
2586,1999,63,0,63
2586,2000,63,0,63
2586,2001,63,0,63
2586,2002,63,0,63
2586,2003,63,0,63
2586,2004,63,0,63
2586,2005,63,0,63
2587,1998,0,63,63
2587,1999,0,63,63
2587,2000,0,63,63
2587,2001,0,63,63
2587,2002,0,63,63
2587,2003,0,63,63
2587,2004,0,63,63
2588,1998,62,0,62
2588,1999,62,0,62
2588,2000,62,0,62
2588,2001,62,0,62
2588,2002,62,0,62
2588,2003,62,0,62
2588,2004,62,0,62
2588,2005,62,0,62
2588,2006,62,0,62
2588,2007,62,0,62
2588,2008,62,0,62
2588,2009,62,0,62
2588,2010,62,0,62
2588,2011,62,0,62
2588,2012,62,0,62
2588,2013,62,0,62
2588,2014,62,0,62
2588,2015,62,0,62
2588,2016,62,0,62
2588,2017,62,0,62
2588,2018,62,0,62
2588,2019,62,0,62
2589,1998,62,0,62
2589,1999,62,0,62
2589,2000,62,0,62
2589,2001,62,0,62
2589,2002,62,0,62
2589,2003,62,0,62
2589,2004,62,0,62
2589,2005,62,0,62
2589,2006,62,0,62
2589,2007,62,0,62
2589,2008,62,0,62
2589,2009,62,0,62
2589,2010,62,0,62
2589,2011,62,0,62
2589,2012,62,0,62
2589,2013,62,0,62
2589,2014,62,0,62
2589,2015,62,0,62
2589,2016,62,0,62
2589,2017,62,0,62
2589,2018,62,0,62
2589,2019,62,0,62
2590,1998,0,62,62
2590,1999,0,62,62
2590,2000,0,62,62
2590,2001,0,62,62
2590,2002,0,62,62
2590,2003,0,62,62
2590,2004,0,62,62
2590,2005,0,62,62
2590,2006,0,62,62
2590,2007,0,62,62
2590,2008,0,62,62
2590,2009,0,62,62
2591,1998,62,0,62
2591,1999,62,0,62
2591,2000,62,0,62
2591,2001,62,0,62
2592,1998,62,0,62
2593,2004,61,0,61
2593,2005,61,0,61
2593,2006,61,0,61
2593,2007,61,0,61
2593,2008,61,0,61
2593,2009,61,0,61
2593,2010,61,0,61
2593,2011,61,0,61
2593,2012,61,0,61
2593,2013,61,0,61
2593,2014,61,0,61
2593,2015,61,0,61
2593,2016,61,0,61
2593,2017,61,0,61
2593,2018,61,0,61
2593,2019,61,0,61
2594,1998,61,0,61
2594,1999,61,0,61
2594,2000,61,0,61
2594,2001,61,0,61
2594,2002,61,0,61
2594,2003,61,0,61
2594,2004,61,0,61
2594,2005,61,0,61
2594,2006,61,0,61
2594,2007,61,0,61
2594,2008,61,0,61
2594,2009,61,0,61
2594,2010,61,0,61
2594,2011,61,0,61
2594,2012,61,0,61
2594,2013,61,0,61
2594,2014,61,0,61
2594,2015,61,0,61
2594,2016,61,0,61
2594,2017,61,0,61
2594,2018,61,0,61
2594,2019,61,0,61
2595,2016,0,61,61
2595,2017,0,61,61
2595,2018,0,61,61
2595,2019,0,61,61
2596,2010,61,0,61
2596,2011,61,0,61
2596,2012,61,0,61
2596,2013,61,0,61
2596,2014,61,0,61
2597,1998,61,0,61
2597,1999,61,0,61
2597,2000,61,0,61
2597,2001,61,0,61
2597,2002,61,0,61
2597,2003,61,0,61
2597,2004,61,0,61
2597,2005,61,0,61
2598,2002,0,61,61
2598,2003,0,61,61
2598,2004,0,61,61
2599,2016,60,0,60
2599,2017,60,0,60
2599,2018,60,0,60
2599,2019,60,0,60
2600,1998,60,0,60
2600,1999,60,0,60
2600,2000,60,0,60
2600,2001,60,0,60
2600,2002,60,0,60
2600,2003,60,0,60
2600,2004,60,0,60
2600,2005,60,0,60
2600,2006,60,0,60
2600,2007,60,0,60
2600,2008,60,0,60
2600,2009,60,0,60
2600,2010,60,0,60
2600,2011,60,0,60
2600,2012,60,0,60
2600,2013,60,0,60
2600,2014,60,0,60
2600,2015,60,0,60
2600,2016,60,0,60
2600,2017,60,0,60
2600,2018,60,0,60
2600,2019,60,0,60
2601,2015,60,0,60
2601,2016,60,0,60
2601,2017,60,0,60
2601,2018,60,0,60
2601,2019,60,0,60
2602,1998,60,0,60
2602,1999,60,0,60
2602,2000,60,0,60
2602,2001,60,0,60
2602,2002,60,0,60
2602,2003,60,0,60
2602,2004,60,0,60
2602,2005,60,0,60
2603,1998,0,60,60
2603,1999,0,60,60
2603,2000,0,60,60
2604,2013,59,0,59
2604,2014,59,0,59
2604,2015,59,0,59
2604,2016,59,0,59
2604,2017,59,0,59
2604,2018,59,0,59
2604,2019,59,0,59
2605,1998,59,0,59
2605,1999,59,0,59
2605,2000,59,0,59
2605,2001,59,0,59
2605,2002,59,0,59
2605,2003,59,0,59
2605,2004,59,0,59
2605,2005,59,0,59
2605,2006,59,0,59
2606,1998,59,0,59
2606,1999,59,0,59
2606,2000,59,0,59
2606,2001,59,0,59
2606,2002,59,0,59
2606,2003,59,0,59
2606,2004,59,0,59
2606,2005,59,0,59
2607,2005,59,0,59
2608,2004,59,0,59
2609,2003,59,0,59
2610,2002,59,0,59
2611,1998,0,59,59
2611,1999,0,59,59
2611,2000,0,59,59
2611,2001,0,59,59
2612,1998,58,0,58
2612,1999,58,0,58
2613,1998,57,0,57
2613,1999,57,0,57
2613,2000,57,0,57
2613,2001,57,0,57
2613,2002,57,0,57
2613,2003,57,0,57
2613,2004,57,0,57
2613,2005,57,0,57
2613,2006,57,0,57
2613,2007,57,0,57
2613,2008,57,0,57
2613,2009,57,0,57
2613,2010,57,0,57
2613,2011,57,0,57
2613,2012,57,0,57
2613,2013,57,0,57
2613,2014,57,0,57
2613,2015,57,0,57
2613,2016,57,0,57
2613,2017,57,0,57
2613,2018,57,0,57
2613,2019,57,0,57
2614,2018,57,0,57
2614,2019,57,0,57
2615,1998,57,0,57
2615,1999,57,0,57
2615,2000,57,0,57
2615,2001,57,0,57
2615,2002,57,0,57
2615,2003,57,0,57
2615,2004,57,0,57
2615,2005,57,0,57
2615,2006,57,0,57
2615,2007,57,0,57
2615,2008,57,0,57
2615,2009,57,0,57
2615,2010,57,0,57
2615,2011,57,0,57
2615,2012,57,0,57
2615,2013,57,0,57
2615,2014,57,0,57
2615,2015,57,0,57
2615,2016,57,0,57
2615,2017,57,0,57
2615,2018,57,0,57
2615,2019,57,0,57
2616,1998,57,0,57
2616,1999,57,0,57
2616,2000,57,0,57
2616,2001,57,0,57
2616,2002,57,0,57
2616,2003,57,0,57
2616,2004,57,0,57
2616,2005,57,0,57
2617,1998,56,0,56
2617,1999,56,0,56
2617,2000,56,0,56
2617,2001,56,0,56
2617,2002,56,0,56
2617,2003,56,0,56
2617,2004,56,0,56
2617,2005,56,0,56
2617,2006,56,0,56
2617,2007,56,0,56
2617,2008,56,0,56
2617,2009,56,0,56
2617,2010,56,0,56
2617,2011,56,0,56
2617,2012,56,0,56
2617,2013,56,0,56
2617,2014,56,0,56
2617,2015,56,0,56
2617,2016,56,0,56
2618,1998,56,0,56
2618,1999,56,0,56
2618,2000,56,0,56
2618,2001,56,0,56
2618,2002,56,0,56
2618,2003,56,0,56
2618,2004,56,0,56
2618,2005,56,0,56
2618,2006,56,0,56
2618,2007,56,0,56
2618,2008,56,0,56
2618,2009,56,0,56
2619,1998,0,56,56
2619,1999,0,56,56
2619,2000,0,56,56
2619,2001,0,56,56
2619,2002,0,56,56
2619,2003,0,56,56
2619,2004,0,56,56
2619,2005,0,56,56
2619,2006,0,56,56
2620,1998,56,0,56
2620,1999,56,0,56
2620,2000,56,0,56
2620,2001,56,0,56
2620,2002,56,0,56
2620,2003,56,0,56
2620,2004,56,0,56
2620,2005,56,0,56
2621,1998,56,0,56
2621,1999,56,0,56
2621,2000,56,0,56
2621,2001,56,0,56
2621,2002,56,0,56
2621,2003,56,0,56
2621,2004,56,0,56
2621,2005,56,0,56
2622,2002,0,56,56
2622,2003,0,56,56
2622,2004,0,56,56
2623,1998,55,0,55
2623,1999,55,0,55
2623,2000,55,0,55
2623,2001,55,0,55
2623,2002,55,0,55
2623,2003,55,0,55
2623,2004,55,0,55
2623,2005,55,0,55
2623,2006,55,0,55
2623,2007,55,0,55
2623,2008,55,0,55
2623,2009,55,0,55
2623,2010,55,0,55
2623,2011,55,0,55
2623,2012,55,0,55
2623,2013,55,0,55
2623,2014,55,0,55
2623,2015,55,0,55
2623,2016,55,0,55
2623,2017,55,0,55
2623,2018,55,0,55
2623,2019,55,0,55
2624,2007,54,0,54
2624,2008,54,0,54
2624,2009,54,0,54
2624,2010,54,0,54
2624,2011,54,0,54
2624,2012,54,0,54
2624,2013,54,0,54
2624,2014,54,0,54
2624,2015,54,0,54
2624,2016,54,0,54
2624,2017,54,0,54
2624,2018,54,0,54
2624,2019,54,0,54
2625,2004,54,0,54
2625,2005,54,0,54
2625,2006,54,0,54
2625,2007,54,0,54
2625,2008,54,0,54
2625,2009,54,0,54
2625,2010,54,0,54
2625,2011,54,0,54
2625,2012,54,0,54
2625,2013,54,0,54
2625,2014,54,0,54
2625,2015,54,0,54
2625,2016,54,0,54
2625,2017,54,0,54
2625,2018,54,0,54
2625,2019,54,0,54
2626,1998,0,53,53
2626,1999,0,53,53
2626,2000,0,53,53
2626,2001,0,53,53
2626,2002,0,53,53
2626,2003,0,53,53
2626,2004,0,53,53
2626,2005,0,53,53
2627,2002,52,0,52
2627,2003,52,0,52
2627,2004,52,0,52
2627,2005,52,0,52
2627,2006,52,0,52
2627,2007,52,0,52
2627,2008,52,0,52
2627,2009,52,0,52
2627,2010,52,0,52
2627,2011,52,0,52
2627,2012,52,0,52
2627,2013,52,0,52
2627,2014,52,0,52
2627,2015,52,0,52
2627,2016,52,0,52
2627,2017,52,0,52
2627,2018,52,0,52
2627,2019,52,0,52
2628,1998,52,0,52
2628,1999,52,0,52
2628,2000,52,0,52
2628,2001,52,0,52
2628,2002,52,0,52
2628,2003,52,0,52
2628,2004,52,0,52
2628,2005,52,0,52
2629,1998,0,52,52
2629,1999,0,52,52
2629,2000,0,52,52
2629,2001,0,52,52
2630,1998,51,0,51
2630,1999,51,0,51
2630,2000,51,0,51
2630,2001,51,0,51
2630,2002,51,0,51
2630,2003,51,0,51
2630,2004,51,0,51
2630,2005,51,0,51
2630,2006,51,0,51
2630,2007,51,0,51
2630,2008,51,0,51
2630,2009,51,0,51
2630,2010,51,0,51
2630,2011,51,0,51
2630,2012,51,0,51
2630,2013,51,0,51
2630,2014,51,0,51
2630,2015,51,0,51
2630,2016,51,0,51
2630,2017,51,0,51
2630,2018,51,0,51
2630,2019,51,0,51
2631,2013,50,0,50
2631,2014,50,0,50
2631,2015,50,0,50
2631,2016,50,0,50
2631,2017,50,0,50
2631,2018,50,0,50
2631,2019,50,0,50
2632,1998,0,50,50
2632,1999,0,50,50
2632,2000,0,50,50
2632,2001,0,50,50
2632,2002,0,50,50
2632,2003,0,50,50
2632,2004,0,50,50
2632,2005,0,50,50
2633,1998,0,50,50
2633,1999,0,50,50
2633,2000,0,50,50
2633,2001,0,50,50
2633,2002,0,50,50
2633,2003,0,50,50
2633,2004,0,50,50
2633,2005,0,50,50
2634,1998,0,50,50
2634,1999,0,50,50
2634,2000,0,50,50
2634,2001,0,50,50
2635,1998,49,0,49
2635,1999,49,0,49
2635,2000,49,0,49
2635,2001,49,0,49
2635,2002,49,0,49
2635,2003,49,0,49
2635,2004,49,0,49
2635,2005,49,0,49
2635,2006,49,0,49
2635,2007,49,0,49
2635,2008,49,0,49
2635,2009,49,0,49
2635,2010,49,0,49
2635,2011,49,0,49
2635,2012,49,0,49
2635,2013,49,0,49
2635,2014,49,0,49
2635,2015,49,0,49
2635,2016,49,0,49
2635,2017,49,0,49
2635,2018,49,0,49
2635,2019,49,0,49
2636,1998,49,0,49
2636,1999,49,0,49
2636,2000,49,0,49
2636,2001,49,0,49
2636,2002,49,0,49
2636,2003,49,0,49
2636,2004,49,0,49
2636,2005,49,0,49
2636,2006,49,0,49
2636,2007,49,0,49
2636,2008,49,0,49
2636,2009,49,0,49
2636,2010,49,0,49
2636,2011,49,0,49
2636,2012,49,0,49
2636,2013,49,0,49
2636,2014,49,0,49
2636,2015,49,0,49
2636,2016,49,0,49
2636,2017,49,0,49
2636,2018,49,0,49
2636,2019,49,0,49
2637,2001,49,0,49
2637,2002,49,0,49
2637,2003,49,0,49
2637,2004,49,0,49
2637,2005,49,0,49
2637,2006,49,0,49
2637,2007,49,0,49
2637,2008,49,0,49
2637,2009,49,0,49
2637,2010,49,0,49
2637,2011,49,0,49
2637,2012,49,0,49
2637,2013,49,0,49
2637,2014,49,0,49
2637,2015,49,0,49
2638,1998,48,0,48
2638,1999,48,0,48
2638,2000,48,0,48
2638,2001,48,0,48
2638,2002,48,0,48
2638,2003,48,0,48
2638,2004,48,0,48
2638,2005,48,0,48
2638,2006,48,0,48
2638,2007,48,0,48
2638,2008,48,0,48
2638,2009,48,0,48
2638,2010,48,0,48
2638,2011,48,0,48
2638,2012,48,0,48
2638,2013,48,0,48
2638,2014,48,0,48
2638,2015,48,0,48
2638,2016,48,0,48
2638,2017,48,0,48
2638,2018,48,0,48
2638,2019,48,0,48
2639,1998,48,0,48
2639,1999,48,0,48
2639,2000,48,0,48
2639,2001,48,0,48
2639,2002,48,0,48
2639,2003,48,0,48
2639,2004,48,0,48
2639,2005,48,0,48
2639,2006,48,0,48
2640,2017,47,0,47
2640,2018,47,0,47
2640,2019,47,0,47
2641,1998,47,0,47
2641,1999,47,0,47
2641,2000,47,0,47
2641,2001,47,0,47
2641,2002,47,0,47
2641,2003,47,0,47
2641,2004,47,0,47
2641,2005,47,0,47
2641,2006,47,0,47
2641,2007,47,0,47
2641,2008,47,0,47
2641,2009,47,0,47
2641,2010,47,0,47
2641,2011,47,0,47
2641,2012,47,0,47
2641,2013,47,0,47
2641,2014,47,0,47
2641,2015,47,0,47
2641,2016,47,0,47
2641,2017,47,0,47
2641,2018,47,0,47
2641,2019,47,0,47
2642,1998,46,0,46
2642,1999,46,0,46
2642,2000,46,0,46
2642,2001,46,0,46
2642,2002,46,0,46
2642,2003,46,0,46
2642,2004,46,0,46
2642,2005,46,0,46
2642,2006,46,0,46
2642,2007,46,0,46
2642,2008,46,0,46
2642,2009,46,0,46
2642,2010,46,0,46
2642,2011,46,0,46
2642,2012,46,0,46
2642,2013,46,0,46
2642,2014,46,0,46
2642,2015,46,0,46
2642,2016,46,0,46
2642,2017,46,0,46
2642,2018,46,0,46
2642,2019,46,0,46
2643,2002,0,45,45
2643,2003,0,45,45
2643,2004,0,45,45
2643,2005,0,45,45
2643,2006,0,45,45
2643,2007,0,45,45
2643,2008,0,45,45
2643,2009,0,45,45
2643,2010,0,45,45
2643,2011,0,45,45
2643,2012,0,45,45
2643,2013,0,45,45
2643,2014,0,45,45
2643,2015,0,45,45
2643,2016,0,45,45
2643,2017,0,45,45
2643,2018,0,45,45
2643,2019,0,45,45
2644,1998,44,0,44
2644,1999,44,0,44
2644,2000,44,0,44
2644,2001,44,0,44
2644,2002,44,0,44
2644,2003,44,0,44
2644,2004,44,0,44
2644,2005,44,0,44
2644,2006,44,0,44
2644,2007,44,0,44
2644,2008,44,0,44
2644,2009,44,0,44
2644,2010,44,0,44
2644,2011,44,0,44
2644,2012,44,0,44
2644,2013,44,0,44
2644,2014,44,0,44
2644,2015,44,0,44
2644,2016,44,0,44
2644,2017,44,0,44
2644,2018,44,0,44
2644,2019,44,0,44
2645,2002,0,44,44
2645,2003,0,44,44
2645,2004,0,44,44
2645,2005,0,44,44
2645,2006,0,44,44
2645,2007,0,44,44
2645,2008,0,44,44
2645,2009,0,44,44
2645,2010,0,44,44
2645,2011,0,44,44
2645,2012,0,44,44
2645,2013,0,44,44
2645,2014,0,44,44
2645,2015,0,44,44
2646,1998,44,0,44
2646,1999,44,0,44
2646,2000,44,0,44
2646,2001,44,0,44
2646,2002,44,0,44
2646,2003,44,0,44
2646,2004,44,0,44
2646,2005,44,0,44
2647,1998,0,44,44
2647,1999,0,44,44
2647,2000,0,44,44
2647,2001,0,44,44
2647,2002,0,44,44
2647,2003,0,44,44
2647,2004,0,44,44
2648,1999,0,44,44
2649,2009,0,43,43
2649,2010,0,43,43
2649,2011,0,43,43
2649,2012,0,43,43
2649,2013,0,43,43
2649,2014,0,43,43
2649,2015,0,43,43
2649,2016,0,43,43
2649,2017,0,43,43
2649,2018,0,43,43
2649,2019,0,43,43
2650,1998,43,0,43
2650,1999,43,0,43
2651,1998,42,0,42
2651,1999,42,0,42
2651,2000,42,0,42
2651,2001,42,0,42
2651,2002,42,0,42
2651,2003,42,0,42
2651,2004,42,0,42
2651,2005,42,0,42
2651,2006,42,0,42
2651,2007,42,0,42
2651,2008,42,0,42
2651,2009,42,0,42
2651,2010,42,0,42
2651,2011,42,0,42
2651,2012,42,0,42
2651,2013,42,0,42
2651,2014,42,0,42
2651,2015,42,0,42
2651,2016,42,0,42
2651,2017,42,0,42
2651,2018,42,0,42
2651,2019,42,0,42
2652,2019,0,41,41
2653,2005,41,0,41
2653,2006,41,0,41
2653,2007,41,0,41
2653,2008,41,0,41
2653,2009,41,0,41
2653,2010,41,0,41
2653,2011,41,0,41
2653,2012,41,0,41
2653,2013,41,0,41
2653,2014,41,0,41
2653,2015,41,0,41
2653,2016,41,0,41
2653,2017,41,0,41
2653,2018,41,0,41
2653,2019,41,0,41
2654,2018,0,41,41
2655,1998,40,0,40
2655,1999,40,0,40
2655,2000,40,0,40
2655,2001,40,0,40
2655,2002,40,0,40
2655,2003,40,0,40
2655,2004,40,0,40
2655,2005,40,0,40
2655,2006,40,0,40
2655,2007,40,0,40
2655,2008,40,0,40
2655,2009,40,0,40
2656,2002,0,40,40
2656,2003,0,40,40
2656,2004,0,40,40
2657,1998,0,39,39
2657,1999,0,39,39
2657,2000,0,39,39
2657,2001,0,39,39
2657,2002,0,39,39
2657,2003,0,39,39
2657,2004,0,39,39
2657,2005,0,39,39
2658,1998,0,39,39
2658,1999,0,39,39
2658,2000,0,39,39
2658,2001,0,39,39
2658,2002,0,39,39
2658,2003,0,39,39
2658,2004,0,39,39
2658,2005,0,39,39
2659,1998,0,39,39
2659,1999,0,39,39
2659,2000,0,39,39
2659,2001,0,39,39
2659,2002,0,39,39
2659,2003,0,39,39
2659,2004,0,39,39
2659,2005,0,39,39
2660,1998,39,0,39
2660,1999,39,0,39
2660,2000,39,0,39
2660,2001,39,0,39
2660,2002,39,0,39
2660,2003,39,0,39
2660,2004,39,0,39
2661,1998,37,0,37
2661,1999,37,0,37
2661,2000,37,0,37
2661,2001,37,0,37
2661,2002,37,0,37
2661,2003,37,0,37
2661,2004,37,0,37
2661,2005,37,0,37
2662,1998,36,0,36
2662,1999,36,0,36
2662,2000,36,0,36
2662,2001,36,0,36
2662,2002,36,0,36
2662,2003,36,0,36
2662,2004,36,0,36
2662,2005,36,0,36
2662,2006,36,0,36
2662,2007,36,0,36
2662,2008,36,0,36
2662,2009,36,0,36
2662,2010,36,0,36
2662,2011,36,0,36
2662,2012,36,0,36
2662,2013,36,0,36
2662,2014,36,0,36
2662,2015,36,0,36
2662,2016,36,0,36
2662,2017,36,0,36
2662,2018,36,0,36
2662,2019,36,0,36
2663,2014,0,36,36
2663,2015,0,36,36
2663,2016,0,36,36
2663,2017,0,36,36
2663,2018,0,36,36
2663,2019,0,36,36
2664,1998,33,0,33
2664,1999,33,0,33
2664,2000,33,0,33
2664,2001,33,0,33
2664,2002,33,0,33
2664,2003,33,0,33
2664,2004,33,0,33
2664,2005,33,0,33
2664,2006,33,0,33
2664,2007,33,0,33
2664,2008,33,0,33
2664,2009,33,0,33
2664,2010,36,0,36
2664,2011,36,0,36
2664,2012,36,0,36
2664,2013,36,0,36
2664,2014,36,0,36
2664,2015,36,0,36
2664,2016,36,0,36
2664,2017,36,0,36
2664,2018,36,0,36
2664,2019,36,0,36
2665,2001,0,36,36
2665,2002,0,36,36
2665,2003,0,36,36
2666,1999,0,35,35
2666,2000,0,35,35
2666,2001,0,35,35
2667,1998,34,0,34
2667,1999,34,0,34
2667,2000,34,0,34
2667,2001,34,0,34
2667,2002,34,0,34
2667,2003,34,0,34
2667,2004,34,0,34
2667,2005,34,0,34
2667,2006,34,0,34
2667,2007,34,0,34
2667,2008,34,0,34
2667,2009,34,0,34
2667,2010,34,0,34
2667,2011,34,0,34
2667,2012,34,0,34
2667,2013,34,0,34
2667,2014,34,0,34
2667,2015,34,0,34
2667,2016,34,0,34
2667,2017,34,0,34
2667,2018,34,0,34
2667,2019,34,0,34
2668,1998,0,34,34
2668,1999,0,34,34
2668,2000,0,34,34
2668,2001,0,34,34
2669,2000,33,0,33
2669,2001,33,0,33
2669,2002,33,0,33
2669,2003,33,0,33
2669,2004,33,0,33
2669,2005,33,0,33
2669,2006,33,0,33
2669,2007,33,0,33
2669,2008,33,0,33
2670,2000,0,33,33
2670,2001,0,33,33
2670,2002,0,33,33
2671,1998,32,0,32
2671,1999,32,0,32
2671,2000,32,0,32
2671,2001,32,0,32
2671,2002,32,0,32
2671,2003,32,0,32
2671,2004,32,0,32
2671,2005,32,0,32
2671,2006,32,0,32
2671,2007,32,0,32
2671,2008,32,0,32
2671,2009,32,0,32
2671,2010,32,0,32
2671,2011,32,0,32
2671,2012,32,0,32
2671,2013,32,0,32
2671,2014,32,0,32
2671,2015,32,0,32
2671,2016,32,0,32
2671,2017,32,0,32
2671,2018,32,0,32
2671,2019,32,0,32
2672,2014,31,0,31
2672,2015,31,0,31
2672,2016,31,0,31
2672,2017,31,0,31
2672,2018,31,0,31
2672,2019,31,0,31
2673,1998,0,31,31
2673,1999,0,31,31
2673,2000,0,31,31
2673,2001,0,31,31
2673,2002,0,31,31
2673,2003,0,31,31
2673,2004,0,31,31
2673,2005,0,31,31
2673,2006,0,31,31
2673,2007,0,31,31
2673,2008,0,31,31
2673,2009,0,31,31
2673,2010,0,31,31
2673,2011,0,31,31
2673,2012,0,31,31
2673,2013,0,31,31
2673,2014,0,31,31
2673,2015,0,31,31
2673,2016,0,31,31
2673,2017,0,31,31
2673,2018,0,31,31
2673,2019,0,31,31
2674,1998,31,0,31
2674,1999,31,0,31
2674,2000,31,0,31
2674,2001,31,0,31
2674,2002,31,0,31
2674,2003,31,0,31
2674,2004,31,0,31
2674,2005,31,0,31
2674,2006,31,0,31
2674,2007,31,0,31
2674,2008,31,0,31
2674,2009,31,0,31
2675,2007,0,30,30
2675,2008,0,30,30
2675,2009,0,30,30
2675,2010,0,30,30
2675,2011,0,30,30
2675,2012,0,30,30
2675,2013,0,30,30
2675,2014,0,30,30
2675,2015,0,30,30
2675,2016,0,30,30
2675,2017,0,30,30
2675,2018,0,30,30
2675,2019,0,30,30
2676,2015,0,30,30
2677,1998,30,0,30
2677,1999,30,0,30
2677,2000,30,0,30
2677,2001,30,0,30
2677,2002,30,0,30
2677,2003,30,0,30
2677,2004,30,0,30
2677,2005,30,0,30
2677,2006,30,0,30
2677,2007,30,0,30
2677,2008,30,0,30
2678,1998,30,0,30
2678,1999,30,0,30
2678,2000,30,0,30
2678,2001,30,0,30
2678,2002,30,0,30
2678,2003,30,0,30
2678,2004,30,0,30
2678,2005,30,0,30
2679,1998,29,0,29
2679,1999,29,0,29
2679,2000,29,0,29
2679,2001,29,0,29
2679,2002,29,0,29
2679,2003,29,0,29
2679,2004,29,0,29
2679,2005,29,0,29
2679,2006,29,0,29
2679,2007,29,0,29
2679,2008,29,0,29
2679,2009,29,0,29
2679,2010,29,0,29
2679,2011,29,0,29
2679,2012,29,0,29
2679,2013,29,0,29
2679,2014,29,0,29
2679,2015,29,0,29
2679,2016,29,0,29
2679,2017,29,0,29
2679,2018,29,0,29
2679,2019,29,0,29
2680,1998,29,0,29
2680,1999,29,0,29
2680,2000,29,0,29
2680,2001,29,0,29
2680,2002,29,0,29
2680,2003,29,0,29
2680,2004,29,0,29
2680,2005,29,0,29
2680,2006,29,0,29
2680,2007,29,0,29
2680,2008,29,0,29
2680,2009,29,0,29
2680,2010,29,0,29
2680,2011,29,0,29
2680,2012,29,0,29
2680,2013,29,0,29
2680,2014,29,0,29
2680,2015,29,0,29
2680,2016,29,0,29
2680,2017,29,0,29
2680,2018,29,0,29
2680,2019,29,0,29
2681,2013,29,0,29
2681,2014,29,0,29
2681,2015,29,0,29
2681,2016,29,0,29
2681,2017,29,0,29
2681,2018,29,0,29
2681,2019,29,0,29
2682,1998,28,0,28
2682,1999,28,0,28
2682,2000,28,0,28
2682,2001,28,0,28
2682,2002,28,0,28
2682,2003,28,0,28
2682,2004,28,0,28
2682,2005,28,0,28
2682,2006,28,0,28
2682,2007,28,0,28
2682,2008,28,0,28
2682,2009,28,0,28
2683,1998,25,0,25
2683,1999,25,0,25
2683,2000,25,0,25
2683,2001,25,0,25
2683,2002,25,0,25
2683,2003,25,0,25
2683,2004,25,0,25
2683,2005,25,0,25
2683,2006,25,0,25
2683,2007,25,0,25
2683,2008,25,0,25
2683,2009,25,0,25
2683,2010,25,0,25
2683,2011,25,0,25
2683,2012,25,0,25
2683,2013,25,0,25
2683,2014,25,0,25
2683,2015,25,0,25
2683,2016,25,0,25
2683,2017,25,0,25
2683,2018,25,0,25
2683,2019,25,0,25
2684,1998,24,0,24
2684,1999,24,0,24
2684,2000,24,0,24
2684,2001,24,0,24
2684,2002,24,0,24
2684,2003,24,0,24
2684,2004,24,0,24
2684,2005,24,0,24
2684,2006,24,0,24
2684,2007,24,0,24
2684,2008,24,0,24
2684,2009,24,0,24
2684,2010,24,0,24
2684,2011,24,0,24
2684,2012,24,0,24
2684,2013,24,0,24
2684,2014,24,0,24
2684,2015,24,0,24
2684,2016,24,0,24
2684,2017,24,0,24
2684,2018,24,0,24
2684,2019,24,0,24
2685,2004,24,0,24
2685,2005,24,0,24
2685,2006,24,0,24
2685,2007,24,0,24
2685,2008,24,0,24
2685,2009,24,0,24
2685,2010,24,0,24
2685,2011,24,0,24
2685,2012,24,0,24
2685,2013,24,0,24
2685,2014,24,0,24
2685,2015,24,0,24
2685,2016,24,0,24
2685,2017,24,0,24
2685,2018,24,0,24
2685,2019,24,0,24
2686,1998,0,23,23
2686,1999,0,23,23
2686,2000,0,23,23
2686,2001,0,23,23
2686,2002,0,23,23
2686,2003,0,23,23
2686,2004,0,23,23
2686,2005,0,23,23
2686,2006,0,23,23
2687,2001,0,23,23
2687,2002,0,23,23
2687,2003,0,23,23
2688,2002,0,21,21
2688,2003,0,21,21
2688,2004,0,21,21
2689,2007,0,20,20
2689,2008,0,20,20
2689,2009,0,20,20
2689,2010,0,20,20
2689,2011,0,20,20
2689,2012,0,20,20
2689,2013,0,20,20
2689,2014,0,20,20
2689,2015,0,20,20
2689,2016,0,20,20
2689,2017,0,20,20
2689,2018,0,20,20
2689,2019,0,20,20
2690,2007,0,20,20
2690,2008,0,20,20
2690,2009,0,20,20
2690,2010,0,20,20
2690,2011,0,20,20
2690,2012,0,20,20
2690,2013,0,20,20
2690,2014,0,20,20
2690,2015,0,20,20
2690,2016,0,20,20
2690,2017,0,20,20
2690,2018,0,20,20
2690,2019,0,20,20
2691,2007,20,0,20
2691,2008,20,0,20
2691,2009,20,0,20
2691,2010,20,0,20
2691,2011,20,0,20
2691,2012,20,0,20
2691,2013,20,0,20
2691,2014,20,0,20
2691,2015,20,0,20
2691,2016,20,0,20
2691,2017,20,0,20
2691,2018,20,0,20
2691,2019,20,0,20
2692,2007,0,20,20
2692,2008,0,20,20
2692,2009,0,20,20
2692,2010,0,20,20
2692,2011,0,20,20
2692,2012,0,20,20
2692,2013,0,20,20
2692,2014,0,20,20
2692,2015,0,20,20
2692,2016,0,20,20
2692,2017,0,20,20
2692,2018,0,20,20
2692,2019,0,20,20
2693,2000,0,20,20
2693,2001,0,20,20
2693,2002,0,20,20
2694,2007,0,19,19
2694,2008,0,19,19
2694,2009,0,19,19
2694,2010,0,19,19
2694,2011,0,19,19
2694,2012,0,19,19
2694,2013,0,19,19
2694,2014,0,19,19
2694,2015,0,19,19
2694,2016,0,19,19
2694,2017,0,19,19
2694,2018,0,19,19
2694,2019,0,19,19
2695,2002,0,19,19
2695,2003,0,19,19
2695,2004,0,19,19
2696,2003,0,18,18
2697,2009,0,17,17
2697,2010,0,17,17
2697,2011,0,17,17
2697,2012,0,17,17
2697,2013,0,17,17
2697,2014,0,17,17
2697,2015,0,17,17
2697,2016,0,17,17
2697,2017,0,17,17
2697,2018,0,17,17
2697,2019,0,17,17
2698,2014,0,17,17
2698,2015,0,17,17
2698,2016,0,17,17
2698,2017,0,17,17
2698,2018,0,17,17
2698,2019,0,17,17
2699,2018,0,17,17
2699,2019,0,17,17
2700,2013,17,0,17
2701,2006,15,0,15
2701,2007,15,0,15
2701,2008,15,0,15
2701,2009,15,0,15
2701,2010,15,0,15
2701,2011,15,0,15
2701,2012,15,0,15
2701,2013,15,0,15
2701,2014,15,0,15
2701,2015,15,0,15
2701,2016,15,0,15
2701,2017,15,0,15
2701,2018,15,0,15
2701,2019,15,0,15
2702,2004,15,0,15
2702,2005,15,0,15
2702,2006,15,0,15
2702,2007,15,0,15
2702,2008,15,0,15
2702,2009,15,0,15
2702,2010,15,0,15
2702,2011,15,0,15
2702,2012,15,0,15
2702,2013,15,0,15
2702,2014,15,0,15
2702,2015,15,0,15
2702,2016,15,0,15
2702,2017,15,0,15
2702,2018,15,0,15
2702,2019,15,0,15
2703,2002,0,15,15
2703,2003,0,15,15
2703,2004,0,15,15
2704,2001,0,15,15
2704,2002,0,15,15
2704,2003,0,15,15
2705,2003,0,14,14
2705,2004,0,14,14
2705,2005,0,14,14
2706,1998,0,14,14
2706,1999,0,14,14
2706,2000,0,14,14
2706,2001,0,14,14
2706,2002,0,14,14
2706,2003,0,14,14
2706,2004,0,14,14
2706,2005,0,14,14
2707,1998,0,14,14
2707,1999,0,14,14
2707,2000,0,14,14
2707,2001,0,14,14
2707,2002,0,14,14
2707,2003,0,14,14
2707,2004,0,14,14
2707,2005,0,14,14
2708,1998,0,14,14
2708,1999,0,14,14
2708,2000,0,14,14
2708,2001,0,14,14
2708,2002,0,14,14
2708,2003,0,14,14
2708,2004,0,14,14
2708,2005,0,14,14
2709,2003,0,14,14
2709,2004,0,14,14
2709,2005,0,14,14
2710,1998,14,0,14
2710,1999,14,0,14
2710,2000,14,0,14
2710,2001,14,0,14
2710,2002,14,0,14
2710,2003,14,0,14
2710,2004,14,0,14
2710,2005,14,0,14
2711,2004,0,14,14
2712,2004,0,14,14
2713,2004,0,13,13
2713,2005,0,13,13
2713,2006,0,13,13
2713,2007,0,13,13
2714,2002,0,13,13
2714,2003,0,13,13
2714,2004,0,13,13
2715,2007,0,12,12
2715,2008,0,12,12
2716,2004,0,12,12
2716,2005,0,12,12
2716,2006,0,12,12
2717,1998,0,12,12
2717,1999,0,12,12
2717,2000,0,12,12
2717,2001,0,12,12
2717,2002,0,12,12
2717,2003,0,12,12
2717,2004,0,12,12
2718,2019,11,0,11
2719,1998,11,0,11
2719,1999,11,0,11
2719,2000,11,0,11
2719,2001,11,0,11
2719,2002,11,0,11
2719,2003,11,0,11
2719,2004,11,0,11
2719,2005,11,0,11
2719,2006,11,0,11
2719,2007,11,0,11
2719,2008,11,0,11
2719,2009,11,0,11
2719,2010,11,0,11
2719,2011,11,0,11
2719,2012,11,0,11
2719,2013,11,0,11
2719,2014,11,0,11
2719,2015,11,0,11
2719,2016,11,0,11
2719,2017,11,0,11
2719,2018,11,0,11
2719,2019,11,0,11
2720,2018,11,0,11
2721,2017,11,0,11
2722,2016,11,0,11
2723,2015,11,0,11
2724,2014,11,0,11
2725,2013,11,0,11
2726,2012,11,0,11
2727,2011,11,0,11
2728,2010,11,0,11
2729,2009,11,0,11
2730,2009,11,0,11
2731,2008,11,0,11
2732,2008,11,0,11
2733,2007,11,0,11
2734,2007,11,0,11
2735,2006,11,0,11
2736,2006,11,0,11
2737,2005,11,0,11
2738,2005,11,0,11
2739,2004,11,0,11
2740,2004,11,0,11
2741,2003,11,0,11
2742,2003,11,0,11
2743,2002,11,0,11
2744,2002,11,0,11
2745,2001,11,0,11
2746,2001,11,0,11
2747,2000,11,0,11
2748,2000,11,0,11
2749,1999,11,0,11
2750,1999,11,0,11
2751,1998,11,0,11
2752,1998,11,0,11
2753,2002,0,10,10
2753,2003,0,10,10
2753,2004,0,10,10
2754,2003,0,8,8
2755,2002,0,8,8
2756,2002,0,7,7
2756,2003,0,7,7
2756,2004,0,7,7
2757,1998,6,0,6
2757,1999,6,0,6
2757,2000,6,0,6
2757,2001,6,0,6
2757,2002,6,0,6
2757,2003,6,0,6
2757,2004,6,0,6
2757,2005,6,0,6
2758,2001,6,0,6
2759,2004,2,0,2
2760,2003,2,0,2
2761,2003,2,0,2
2762,2002,2,0,2
2763,2002,2,0,2
2764,2001,2,0,2
2765,2001,2,0,2
2766,2000,2,0,2
2767,2000,2,0,2
2768,1999,2,0,2
2769,1999,2,0,2
2770,1998,2,0,2
2771,1998,2,0,2
2772,2019,0,0,0
2773,2019,0,0,0
2774,2019,0,0,0
2775,2019,0,0,0
2776,2019,0,0,0
2777,2019,0,0,0
2778,2019,0,0,0
2779,2019,0,0,0
2780,2019,0,0,0
2781,2019,0,0,0
2782,2019,0,0,0
2783,2019,0,0,0
2784,2019,0,0,0
2785,2019,0,0,0
2786,2019,0,0,0
2787,2019,0,0,0
2788,2019,0,0,0
2789,2019,0,0,0
2790,2019,0,0,0
2791,2019,0,0,0
2792,2019,0,0,0
2793,2019,0,0,0
2794,2019,0,0,0
2795,2019,0,0,0
2796,2019,0,0,0
2797,2019,0,0,0
2798,2019,0,0,0
2799,2019,0,0,0
2800,2019,0,0,0
2801,2019,0,0,0
2802,2019,0,0,0
2803,2019,0,0,0
2804,2019,0,0,0
2805,2019,0,0,0
2806,2019,0,0,0
2807,2019,0,0,0
2808,2019,0,0,0
2809,2019,0,0,0
2810,2019,0,0,0
2811,2019,0,0,0
2812,2019,0,0,0
2813,2019,0,0,0
2814,2019,0,0,0
2815,2019,0,0,0
2816,2019,0,0,0
2817,2019,0,0,0
2818,2019,0,0,0
2819,2019,0,0,0
2820,2019,0,0,0
2821,2019,0,0,0
2822,2019,0,0,0
2823,2019,0,0,0
2824,2019,0,0,0
2825,2019,0,0,0
2826,2019,0,0,0
2827,2019,0,0,0
2828,2019,0,0,0
2829,2019,0,0,0
2830,2019,0,0,0
2831,2019,0,0,0
2832,2019,0,0,0
2833,2019,0,0,0
2834,2019,0,0,0
2835,2019,0,0,0
2836,2019,0,0,0
2837,2019,0,0,0
2838,2019,0,0,0
2839,2019,0,0,0
2840,2019,0,0,0
2841,2019,0,0,0
2842,2019,0,0,0
2843,2019,0,0,0
2844,2019,0,0,0
2845,2019,0,0,0
2846,2019,0,0,0
2847,2019,0,0,0
2848,2019,0,0,0
2849,2019,0,0,0
2850,2019,0,0,0
2851,2019,0,0,0
2852,2019,0,0,0
2853,2019,0,0,0
2854,2019,0,0,0
2855,2019,0,0,0
2856,2019,0,0,0
2857,2019,0,0,0
2858,2019,0,0,0
2859,2019,0,0,0
2860,2019,0,0,0
2861,2019,0,0,0
2862,2019,0,0,0
2863,2019,0,0,0
2864,2019,0,0,0
2865,2019,0,0,0
2866,2019,0,0,0
2867,2019,0,0,0
2868,2019,0,0,0
2869,2019,0,0,0
2870,2019,0,0,0
2871,2019,0,0,0
2872,2019,0,0,0
2873,2019,0,0,0
2874,2019,0,0,0
2875,2019,0,0,0
2876,2019,0,0,0
2877,2019,0,0,0
2878,2019,0,0,0
2879,2019,0,0,0
2880,2019,0,0,0
2881,2019,0,0,0
2882,2019,0,0,0
2883,2019,0,0,0
2884,2019,0,0,0
2885,2019,0,0,0
2886,2019,0,0,0
2887,2019,0,0,0
2888,2019,0,0,0
2889,2019,0,0,0
2890,2019,0,0,0
2891,2019,0,0,0
2892,2019,0,0,0
2893,2019,0,0,0
2894,2019,0,0,0
2895,2019,0,0,0
2896,2019,0,0,0
2897,2019,0,0,0
2898,2019,0,0,0
2899,2019,0,0,0
2900,2019,0,0,0
2901,2019,0,0,0
2902,2019,0,0,0
2903,2019,0,0,0
2904,2019,0,0,0
2905,2019,0,0,0
2906,2019,0,0,0
2907,2019,0,0,0
2908,2019,0,0,0
2909,2019,0,0,0
2910,2019,0,0,0
2911,2019,0,0,0
2912,2019,0,0,0
2913,2019,0,0,0
2914,2019,0,0,0
2915,2019,0,0,0
2916,2019,0,0,0
2917,2019,0,0,0
2918,2019,0,0,0
2919,2019,0,0,0
2920,2019,0,0,0
2921,2019,0,0,0
2922,2019,0,0,0
2923,2019,0,0,0
2924,2019,0,0,0
2925,2019,0,0,0
2926,2019,0,0,0
2927,2019,0,0,0
2928,2019,0,0,0
2929,2019,0,0,0
2930,2019,0,0,0
2931,2019,0,0,0
2932,2019,0,0,0
2933,2019,0,0,0
2934,2019,0,0,0
2935,2019,0,0,0
2936,2019,0,0,0
2937,2019,0,0,0
2938,2019,0,0,0
2939,2019,0,0,0
2940,2019,0,0,0
2941,2019,0,0,0
2942,2019,0,0,0
2943,2019,0,0,0
2944,2019,0,0,0
2945,2019,0,0,0
2946,2019,0,0,0
2947,2019,0,0,0
2948,2019,0,0,0
2949,2019,0,0,0
2950,2019,0,0,0
2951,2019,0,0,0
2952,2019,0,0,0
2953,2019,0,0,0
2954,2019,0,0,0
2955,2019,0,0,0
2956,2019,0,0,0
2957,2019,0,0,0
2958,2019,0,0,0
2959,2019,0,0,0
2960,2019,0,0,0
2961,2019,0,0,0
2962,2019,0,0,0
2963,2019,0,0,0
2964,2019,0,0,0
2965,2019,0,0,0
2966,2019,0,0,0
2967,2019,0,0,0
2968,2019,0,0,0
2969,2019,0,0,0
2970,2019,0,0,0
2971,2019,0,0,0
2972,2019,0,0,0
2973,2019,0,0,0
2974,2019,0,0,0
2975,2019,0,0,0
2976,2019,0,0,0
2977,2019,0,0,0
2978,2019,0,0,0
2979,2019,0,0,0
2980,2019,0,0,0
2981,2019,0,0,0
2982,2019,0,0,0
2983,2019,0,0,0
2984,2019,0,0,0
2985,2018,0,0,0
2986,2018,0,0,0
2987,2018,0,0,0
2988,2018,0,0,0
2989,2018,0,0,0
2990,2018,0,0,0
2991,2018,0,0,0
2992,2018,0,0,0
2993,2018,0,0,0
2994,2018,0,0,0
2995,2018,0,0,0
2996,2018,0,0,0
2997,2018,0,0,0
2998,2018,0,0,0
2999,2018,0,0,0
3000,2018,0,0,0
3001,2018,0,0,0
3002,2018,0,0,0
3003,2018,0,0,0
3004,2018,0,0,0
3005,2018,0,0,0
3006,2018,0,0,0
3007,2018,0,0,0
3008,2018,0,0,0
3009,2018,0,0,0
3010,2018,0,0,0
3011,2018,0,0,0
3012,2018,0,0,0
3013,2018,0,0,0
3014,2018,0,0,0
3015,2018,0,0,0
3016,2018,0,0,0
3017,2018,0,0,0
3018,2018,0,0,0
3019,2018,0,0,0
3020,2018,0,0,0
3021,2018,0,0,0
3022,2018,0,0,0
3023,2018,0,0,0
3024,2018,0,0,0
3025,2018,0,0,0
3026,2018,0,0,0
3027,2018,0,0,0
3028,2018,0,0,0
3029,2018,0,0,0
3030,2018,0,0,0
3031,2018,0,0,0
3032,2018,0,0,0
3033,2018,0,0,0
3034,2018,0,0,0
3035,2018,0,0,0
3036,2018,0,0,0
3037,2018,0,0,0
3038,2018,0,0,0
3039,2018,0,0,0
3040,2018,0,0,0
3041,2018,0,0,0
3042,2018,0,0,0
3043,2018,0,0,0
3044,2018,0,0,0
3045,2018,0,0,0
3046,2018,0,0,0
3047,2018,0,0,0
3048,2018,0,0,0
3049,2018,0,0,0
3050,2018,0,0,0
3051,2018,0,0,0
3052,2018,0,0,0
3053,2018,0,0,0
3054,2018,0,0,0
3055,2018,0,0,0
3056,2018,0,0,0
3057,2018,0,0,0
3058,2018,0,0,0
3059,2018,0,0,0
3060,2018,0,0,0
3061,2018,0,0,0
3062,2018,0,0,0
3063,2018,0,0,0
3064,2018,0,0,0
3065,2018,0,0,0
3066,2018,0,0,0
3067,2018,0,0,0
3068,2018,0,0,0
3069,2018,0,0,0
3070,2018,0,0,0
3071,2018,0,0,0
3072,2018,0,0,0
3073,2018,0,0,0
3074,2018,0,0,0
3075,2018,0,0,0
3076,2018,0,0,0
3077,2018,0,0,0
3078,2018,0,0,0
3079,2018,0,0,0
3080,2018,0,0,0
3081,2018,0,0,0
3082,2018,0,0,0
3083,2018,0,0,0
3084,2018,0,0,0
3085,2018,0,0,0
3086,2018,0,0,0
3087,2018,0,0,0
3088,2018,0,0,0
3089,2018,0,0,0
3090,2018,0,0,0
3091,2018,0,0,0
3092,2018,0,0,0
3093,2018,0,0,0
3094,2018,0,0,0
3095,2018,0,0,0
3096,2018,0,0,0
3097,2018,0,0,0
3098,2018,0,0,0
3099,2018,0,0,0
3100,2018,0,0,0
3101,2018,0,0,0
3102,2018,0,0,0
3103,2018,0,0,0
3104,2018,0,0,0
3105,2018,0,0,0
3106,2018,0,0,0
3107,2018,0,0,0
3108,2018,0,0,0
3109,2018,0,0,0
3110,2018,0,0,0
3111,2018,0,0,0
3112,2018,0,0,0
3113,2018,0,0,0
3114,2018,0,0,0
3115,2018,0,0,0
3116,2018,0,0,0
3117,2018,0,0,0
3118,2018,0,0,0
3119,2018,0,0,0
3120,2018,0,0,0
3121,2018,0,0,0
3122,2018,0,0,0
3123,2018,0,0,0
3124,2018,0,0,0
3125,2018,0,0,0
3126,2018,0,0,0
3127,2018,0,0,0
3128,2018,0,0,0
3129,2018,0,0,0
3130,2018,0,0,0
3131,2018,0,0,0
3132,2018,0,0,0
3133,2018,0,0,0
3134,2018,0,0,0
3135,2018,0,0,0
3136,2018,0,0,0
3137,2018,0,0,0
3138,2018,0,0,0
3139,2018,0,0,0
3140,2018,0,0,0
3141,2018,0,0,0
3142,2018,0,0,0
3143,2018,0,0,0
3144,2018,0,0,0
3145,2018,0,0,0
3146,2018,0,0,0
3147,2018,0,0,0
3148,2018,0,0,0
3149,2018,0,0,0
3150,2018,0,0,0
3151,2018,0,0,0
3152,2018,0,0,0
3153,2018,0,0,0
3154,2018,0,0,0
3155,2018,0,0,0
3156,2018,0,0,0
3157,2018,0,0,0
3158,2018,0,0,0
3159,2018,0,0,0
3160,2018,0,0,0
3161,2018,0,0,0
3162,2018,0,0,0
3163,2018,0,0,0
3164,2018,0,0,0
3165,2018,0,0,0
3166,2018,0,0,0
3167,2018,0,0,0
3168,2018,0,0,0
3169,2018,0,0,0
3170,2018,0,0,0
3171,2018,0,0,0
3172,2018,0,0,0
3173,2018,0,0,0
3174,2018,0,0,0
3175,2018,0,0,0
3176,2018,0,0,0
3177,2018,0,0,0
3178,2018,0,0,0
3179,2018,0,0,0
3180,2018,0,0,0
3181,2018,0,0,0
3182,2018,0,0,0
3183,2018,0,0,0
3184,2018,0,0,0
3185,2018,0,0,0
3186,2018,0,0,0
3187,2018,0,0,0
3188,2018,0,0,0
3189,2018,0,0,0
3190,2018,0,0,0
3191,2018,0,0,0
3192,2018,0,0,0
3193,2018,0,0,0
3194,2018,0,0,0
3195,2018,0,0,0
3196,2017,0,0,0
3197,2017,0,0,0
3198,2017,0,0,0
3199,2017,0,0,0
3200,2017,0,0,0
3201,2017,0,0,0
3202,2017,0,0,0
3203,2017,0,0,0
3204,2017,0,0,0
3205,2017,0,0,0
3206,2017,0,0,0
3207,2017,0,0,0
3208,2017,0,0,0
3209,2017,0,0,0
3210,2017,0,0,0
3211,2017,0,0,0
3212,2017,0,0,0
3213,2017,0,0,0
3214,2017,0,0,0
3215,2017,0,0,0
3216,2017,0,0,0
3217,2017,0,0,0
3218,2017,0,0,0
3219,2017,0,0,0
3220,2017,0,0,0
3221,2017,0,0,0
3222,2017,0,0,0
3223,2017,0,0,0
3224,2017,0,0,0
3225,2017,0,0,0
3226,2017,0,0,0
3227,2017,0,0,0
3228,2017,0,0,0
3229,2017,0,0,0
3230,2017,0,0,0
3231,2017,0,0,0
3232,2017,0,0,0
3233,2017,0,0,0
3234,2017,0,0,0
3235,2017,0,0,0
3236,2017,0,0,0
3237,2017,0,0,0
3238,2017,0,0,0
3239,2017,0,0,0
3240,2017,0,0,0
3241,2017,0,0,0
3242,2017,0,0,0
3243,2017,0,0,0
3244,2017,0,0,0
3245,2017,0,0,0
3246,2017,0,0,0
3247,2017,0,0,0
3248,2017,0,0,0
3249,2017,0,0,0
3250,2017,0,0,0
3251,2017,0,0,0
3252,2017,0,0,0
3253,2017,0,0,0
3254,2017,0,0,0
3255,2017,0,0,0
3256,2017,0,0,0
3257,2017,0,0,0
3258,2017,0,0,0
3259,2017,0,0,0
3260,2017,0,0,0
3261,2017,0,0,0
3262,2017,0,0,0
3263,2017,0,0,0
3264,2017,0,0,0
3265,2017,0,0,0
3266,2017,0,0,0
3267,2017,0,0,0
3268,2017,0,0,0
3269,2017,0,0,0
3270,2017,0,0,0
3271,2017,0,0,0
3272,2017,0,0,0
3273,2017,0,0,0
3274,2017,0,0,0
3275,2017,0,0,0
3276,2017,0,0,0
3277,2017,0,0,0
3278,2017,0,0,0
3279,2017,0,0,0
3280,2017,0,0,0
3281,2017,0,0,0
3282,2017,0,0,0
3283,2017,0,0,0
3284,2017,0,0,0
3285,2017,0,0,0
3286,2017,0,0,0
3287,2017,0,0,0
3288,2017,0,0,0
3289,2017,0,0,0
3290,2017,0,0,0
3291,2017,0,0,0
3292,2017,0,0,0
3293,2017,0,0,0
3294,2017,0,0,0
3295,2017,0,0,0
3296,2017,0,0,0
3297,2017,0,0,0
3298,2017,0,0,0
3299,2017,0,0,0
3300,2017,0,0,0
3301,2017,0,0,0
3302,2017,0,0,0
3303,2017,0,0,0
3304,2017,0,0,0
3305,2017,0,0,0
3306,2017,0,0,0
3307,2017,0,0,0
3308,2017,0,0,0
3309,2017,0,0,0
3310,2017,0,0,0
3311,2017,0,0,0
3312,2017,0,0,0
3313,2017,0,0,0
3314,2017,0,0,0
3315,2017,0,0,0
3316,2017,0,0,0
3317,2017,0,0,0
3318,2017,0,0,0
3319,2017,0,0,0
3320,2017,0,0,0
3321,2017,0,0,0
3322,2017,0,0,0
3323,2017,0,0,0
3324,2017,0,0,0
3325,2017,0,0,0
3326,2017,0,0,0
3327,2017,0,0,0
3328,2017,0,0,0
3329,2017,0,0,0
3330,2017,0,0,0
3331,2017,0,0,0
3332,2017,0,0,0
3333,2017,0,0,0
3334,2017,0,0,0
3335,2017,0,0,0
3336,2017,0,0,0
3337,2017,0,0,0
3338,2017,0,0,0
3339,2017,0,0,0
3340,2017,0,0,0
3341,2017,0,0,0
3342,2017,0,0,0
3343,2017,0,0,0
3344,2017,0,0,0
3345,2017,0,0,0
3346,2017,0,0,0
3347,2017,0,0,0
3348,2017,0,0,0
3349,2017,0,0,0
3350,2017,0,0,0
3351,2017,0,0,0
3352,2017,0,0,0
3353,2017,0,0,0
3354,2017,0,0,0
3355,2017,0,0,0
3356,2017,0,0,0
3357,2017,0,0,0
3358,2017,0,0,0
3359,2017,0,0,0
3360,2017,0,0,0
3361,2017,0,0,0
3362,2017,0,0,0
3363,2017,0,0,0
3364,2017,0,0,0
3365,2017,0,0,0
3366,2017,0,0,0
3367,2017,0,0,0
3368,2017,0,0,0
3369,2017,0,0,0
3370,2017,0,0,0
3371,2017,0,0,0
3372,2017,0,0,0
3373,2017,0,0,0
3374,2017,0,0,0
3375,2017,0,0,0
3376,2017,0,0,0
3377,2017,0,0,0
3378,2017,0,0,0
3379,2017,0,0,0
3380,2017,0,0,0
3381,2017,0,0,0
3382,2017,0,0,0
3383,2017,0,0,0
3384,2017,0,0,0
3385,2017,0,0,0
3386,2017,0,0,0
3387,2017,0,0,0
3388,2017,0,0,0
3389,2017,0,0,0
3390,2017,0,0,0
3391,2017,0,0,0
3392,2017,0,0,0
3393,2017,0,0,0
3394,2017,0,0,0
3395,2017,0,0,0
3396,2017,0,0,0
3397,2017,0,0,0
3398,2017,0,0,0
3399,2017,0,0,0
3400,2017,0,0,0
3401,2017,0,0,0
3402,2017,0,0,0
3403,2017,0,0,0
3404,2017,0,0,0
3405,2017,0,0,0
3406,2017,0,0,0
3407,2017,0,0,0
3408,2017,0,0,0
3409,2016,0,0,0
3410,2016,0,0,0
3411,2016,0,0,0
3412,2016,0,0,0
3413,2016,0,0,0
3414,2016,0,0,0
3415,2016,0,0,0
3416,2016,0,0,0
3417,2016,0,0,0
3418,2016,0,0,0
3419,2016,0,0,0
3420,2016,0,0,0
3421,2016,0,0,0
3422,2016,0,0,0
3423,2016,0,0,0
3424,2016,0,0,0
3425,2016,0,0,0
3426,2016,0,0,0
3427,2016,0,0,0
3428,2016,0,0,0
3429,2016,0,0,0
3430,2016,0,0,0
3431,2016,0,0,0
3432,2016,0,0,0
3433,2016,0,0,0
3434,2016,0,0,0
3435,2016,0,0,0
3436,2016,0,0,0
3437,2016,0,0,0
3438,2016,0,0,0
3439,2016,0,0,0
3440,2016,0,0,0
3441,2016,0,0,0
3442,2016,0,0,0
3443,2016,0,0,0
3444,2016,0,0,0
3445,2016,0,0,0
3446,2016,0,0,0
3447,2016,0,0,0
3448,2016,0,0,0
3449,2016,0,0,0
3450,2016,0,0,0
3451,2016,0,0,0
3452,2016,0,0,0
3453,2016,0,0,0
3454,2016,0,0,0
3455,2016,0,0,0
3456,2016,0,0,0
3457,2016,0,0,0
3458,2016,0,0,0
3459,2016,0,0,0
3460,2016,0,0,0
3461,2016,0,0,0
3462,2016,0,0,0
3463,2016,0,0,0
3464,2016,0,0,0
3465,2016,0,0,0
3466,2016,0,0,0
3467,2016,0,0,0
3468,2016,0,0,0
3469,2016,0,0,0
3470,2016,0,0,0
3471,2016,0,0,0
3472,2016,0,0,0
3473,2016,0,0,0
3474,2016,0,0,0
3475,2016,0,0,0
3476,2016,0,0,0
3477,2016,0,0,0
3478,2016,0,0,0
3479,2016,0,0,0
3480,2016,0,0,0
3481,2016,0,0,0
3482,2016,0,0,0
3483,2016,0,0,0
3484,2016,0,0,0
3485,2016,0,0,0
3486,2016,0,0,0
3487,2016,0,0,0
3488,2016,0,0,0
3489,2016,0,0,0
3490,2016,0,0,0
3491,2016,0,0,0
3492,2016,0,0,0
3493,2016,0,0,0
3494,2016,0,0,0
3495,2016,0,0,0
3496,2016,0,0,0
3497,2016,0,0,0
3498,2016,0,0,0
3499,2016,0,0,0
3500,2016,0,0,0
3501,2016,0,0,0
3502,2016,0,0,0
3503,2016,0,0,0
3504,2016,0,0,0
3505,2016,0,0,0
3506,2016,0,0,0
3507,2016,0,0,0
3508,2016,0,0,0
3509,2016,0,0,0
3510,2016,0,0,0
3511,2016,0,0,0
3512,2016,0,0,0
3513,2016,0,0,0
3514,2016,0,0,0
3515,2016,0,0,0
3516,2016,0,0,0
3517,2016,0,0,0
3518,2016,0,0,0
3519,2016,0,0,0
3520,2016,0,0,0
3521,2016,0,0,0
3522,2016,0,0,0
3523,2016,0,0,0
3524,2016,0,0,0
3525,2016,0,0,0
3526,2016,0,0,0
3527,2016,0,0,0
3528,2016,0,0,0
3529,2016,0,0,0
3530,2016,0,0,0
3531,2016,0,0,0
3532,2016,0,0,0
3533,2016,0,0,0
3534,2016,0,0,0
3535,2016,0,0,0
3536,2016,0,0,0
3537,2016,0,0,0
3538,2016,0,0,0
3539,2016,0,0,0
3540,2016,0,0,0
3541,2016,0,0,0
3542,2016,0,0,0
3543,2016,0,0,0
3544,2016,0,0,0
3545,2016,0,0,0
3546,2016,0,0,0
3547,2016,0,0,0
3548,2016,0,0,0
3549,2016,0,0,0
3550,2016,0,0,0
3551,2016,0,0,0
3552,2016,0,0,0
3553,2016,0,0,0
3554,2016,0,0,0
3555,2016,0,0,0
3556,2016,0,0,0
3557,2016,0,0,0
3558,2016,0,0,0
3559,2016,0,0,0
3560,2016,0,0,0
3561,2016,0,0,0
3562,2016,0,0,0
3563,2016,0,0,0
3564,2016,0,0,0
3565,2016,0,0,0
3566,2016,0,0,0
3567,2016,0,0,0
3568,2016,0,0,0
3569,2016,0,0,0
3570,2016,0,0,0
3571,2016,0,0,0
3572,2016,0,0,0
3573,2016,0,0,0
3574,2016,0,0,0
3575,2016,0,0,0
3576,2016,0,0,0
3577,2016,0,0,0
3578,2016,0,0,0
3579,2016,0,0,0
3580,2016,0,0,0
3581,2016,0,0,0
3582,2016,0,0,0
3583,2016,0,0,0
3584,2016,0,0,0
3585,2016,0,0,0
3586,2016,0,0,0
3587,2016,0,0,0
3588,2016,0,0,0
3589,2016,0,0,0
3590,2016,0,0,0
3591,2016,0,0,0
3592,2016,0,0,0
3593,2016,0,0,0
3594,2016,0,0,0
3595,2016,0,0,0
3596,2016,0,0,0
3597,2016,0,0,0
3598,2016,0,0,0
3599,2016,0,0,0
3600,2016,0,0,0
3601,2016,0,0,0
3602,2016,0,0,0
3603,2016,0,0,0
3604,2016,0,0,0
3605,2016,0,0,0
3606,2016,0,0,0
3607,2016,0,0,0
3608,2016,0,0,0
3609,2016,0,0,0
3610,2016,0,0,0
3611,2016,0,0,0
3612,2016,0,0,0
3613,2016,0,0,0
3614,2016,0,0,0
3615,2016,0,0,0
3616,2016,0,0,0
3617,2016,0,0,0
3618,2016,0,0,0
3619,2016,0,0,0
3620,2016,0,0,0
3621,2015,0,0,0
3622,2015,0,0,0
3623,2015,0,0,0
3624,2015,0,0,0
3625,2015,0,0,0
3626,2015,0,0,0
3627,2015,0,0,0
3628,2015,0,0,0
3629,2015,0,0,0
3630,2015,0,0,0
3631,2015,0,0,0
3632,2015,0,0,0
3633,2015,0,0,0
3634,2015,0,0,0
3635,2015,0,0,0
3636,2015,0,0,0
3637,2015,0,0,0
3638,2015,0,0,0
3639,2015,0,0,0
3640,2015,0,0,0
3641,2015,0,0,0
3642,2015,0,0,0
3643,2015,0,0,0
3644,2015,0,0,0
3645,2015,0,0,0
3646,2015,0,0,0
3647,2015,0,0,0
3648,2015,0,0,0
3649,2015,0,0,0
3650,2015,0,0,0
3651,2015,0,0,0
3652,2015,0,0,0
3653,2015,0,0,0
3654,2015,0,0,0
3655,2015,0,0,0
3656,2015,0,0,0
3657,2015,0,0,0
3658,2015,0,0,0
3659,2015,0,0,0
3660,2015,0,0,0
3661,2015,0,0,0
3662,2015,0,0,0
3663,2015,0,0,0
3664,2015,0,0,0
3665,2015,0,0,0
3666,2015,0,0,0
3667,2015,0,0,0
3668,2015,0,0,0
3669,2015,0,0,0
3670,2015,0,0,0
3671,2015,0,0,0
3672,2015,0,0,0
3673,2015,0,0,0
3674,2015,0,0,0
3675,2015,0,0,0
3676,2015,0,0,0
3677,2015,0,0,0
3678,2015,0,0,0
3679,2015,0,0,0
3680,2015,0,0,0
3681,2015,0,0,0
3682,2015,0,0,0
3683,2015,0,0,0
3684,2015,0,0,0
3685,2015,0,0,0
3686,2015,0,0,0
3687,2015,0,0,0
3688,2015,0,0,0
3689,2015,0,0,0
3690,2015,0,0,0
3691,2015,0,0,0
3692,2015,0,0,0
3693,2015,0,0,0
3694,2015,0,0,0
3695,2015,0,0,0
3696,2015,0,0,0
3697,2015,0,0,0
3698,2015,0,0,0
3699,2015,0,0,0
3700,2015,0,0,0
3701,2015,0,0,0
3702,2015,0,0,0
3703,2015,0,0,0
3704,2015,0,0,0
3705,2015,0,0,0
3706,2015,0,0,0
3707,2015,0,0,0
3708,2015,0,0,0
3709,2015,0,0,0
3710,2015,0,0,0
3711,2015,0,0,0
3712,2015,0,0,0
3713,2015,0,0,0
3714,2015,0,0,0
3715,2015,0,0,0
3716,2015,0,0,0
3717,2015,0,0,0
3718,2015,0,0,0
3719,2015,0,0,0
3720,2015,0,0,0
3721,2015,0,0,0
3722,2015,0,0,0
3723,2015,0,0,0
3724,2015,0,0,0
3725,2015,0,0,0
3726,2015,0,0,0
3727,2015,0,0,0
3728,2015,0,0,0
3729,2015,0,0,0
3730,2015,0,0,0
3731,2015,0,0,0
3732,2015,0,0,0
3733,2015,0,0,0
3734,2015,0,0,0
3735,2015,0,0,0
3736,2015,0,0,0
3737,2015,0,0,0
3738,2015,0,0,0
3739,2015,0,0,0
3740,2015,0,0,0
3741,2015,0,0,0
3742,2015,0,0,0
3743,2015,0,0,0
3744,2015,0,0,0
3745,2015,0,0,0
3746,2015,0,0,0
3747,2015,0,0,0
3748,2015,0,0,0
3749,2015,0,0,0
3750,2015,0,0,0
3751,2015,0,0,0
3752,2015,0,0,0
3753,2015,0,0,0
3754,2015,0,0,0
3755,2015,0,0,0
3756,2015,0,0,0
3757,2015,0,0,0
3758,2015,0,0,0
3759,2015,0,0,0
3760,2015,0,0,0
3761,2015,0,0,0
3762,2015,0,0,0
3763,2015,0,0,0
3764,2015,0,0,0
3765,2015,0,0,0
3766,2015,0,0,0
3767,2015,0,0,0
3768,2015,0,0,0
3769,2015,0,0,0
3770,2015,0,0,0
3771,2015,0,0,0
3772,2015,0,0,0
3773,2015,0,0,0
3774,2015,0,0,0
3775,2015,0,0,0
3776,2015,0,0,0
3777,2015,0,0,0
3778,2015,0,0,0
3779,2015,0,0,0
3780,2015,0,0,0
3781,2015,0,0,0
3782,2015,0,0,0
3783,2015,0,0,0
3784,2015,0,0,0
3785,2015,0,0,0
3786,2015,0,0,0
3787,2015,0,0,0
3788,2015,0,0,0
3789,2015,0,0,0
3790,2015,0,0,0
3791,2015,0,0,0
3792,2015,0,0,0
3793,2015,0,0,0
3794,2015,0,0,0
3795,2015,0,0,0
3796,2015,0,0,0
3797,2015,0,0,0
3798,2015,0,0,0
3799,2015,0,0,0
3800,2015,0,0,0
3801,2015,0,0,0
3802,2015,0,0,0
3803,2015,0,0,0
3804,2015,0,0,0
3805,2015,0,0,0
3806,2015,0,0,0
3807,2015,0,0,0
3808,2015,0,0,0
3809,2015,0,0,0
3810,2015,0,0,0
3811,2015,0,0,0
3812,2015,0,0,0
3813,2015,0,0,0
3814,2015,0,0,0
3815,2015,0,0,0
3816,2015,0,0,0
3817,2015,0,0,0
3818,2015,0,0,0
3819,2015,0,0,0
3820,2015,0,0,0
3821,2015,0,0,0
3822,2015,0,0,0
3823,2015,0,0,0
3824,2015,0,0,0
3825,2015,0,0,0
3826,2015,0,0,0
3827,2015,0,0,0
3828,2015,0,0,0
3829,2015,0,0,0
3830,2015,0,0,0
3831,2015,0,0,0
3832,2015,0,0,0
3833,2015,0,0,0
3834,2015,0,0,0
3835,2015,0,0,0
3836,2015,0,0,0
3837,2015,0,0,0
3838,2015,0,0,0
3839,2015,0,0,0
3840,2015,0,0,0
3841,2015,0,0,0
3842,2015,0,0,0
3843,2014,0,0,0
3844,2014,0,0,0
3845,2014,0,0,0
3846,2014,0,0,0
3847,2014,0,0,0
3848,2014,0,0,0
3849,2014,0,0,0
3850,2014,0,0,0
3851,2014,0,0,0
3852,2014,0,0,0
3853,2014,0,0,0
3854,2014,0,0,0
3855,2014,0,0,0
3856,2014,0,0,0
3857,2014,0,0,0
3858,2014,0,0,0
3859,2014,0,0,0
3860,2014,0,0,0
3861,2014,0,0,0
3862,2014,0,0,0
3863,2014,0,0,0
3864,2014,0,0,0
3865,2014,0,0,0
3866,2014,0,0,0
3867,2014,0,0,0
3868,2014,0,0,0
3869,2014,0,0,0
3870,2014,0,0,0
3871,2014,0,0,0
3872,2014,0,0,0
3873,2014,0,0,0
3874,2014,0,0,0
3875,2014,0,0,0
3876,2014,0,0,0
3877,2014,0,0,0
3878,2014,0,0,0
3879,2014,0,0,0
3880,2014,0,0,0
3881,2014,0,0,0
3882,2014,0,0,0
3883,2014,0,0,0
3884,2014,0,0,0
3885,2014,0,0,0
3886,2014,0,0,0
3887,2014,0,0,0
3888,2014,0,0,0
3889,2014,0,0,0
3890,2014,0,0,0
3891,2014,0,0,0
3892,2014,0,0,0
3893,2014,0,0,0
3894,2014,0,0,0
3895,2014,0,0,0
3896,2014,0,0,0
3897,2014,0,0,0
3898,2014,0,0,0
3899,2014,0,0,0
3900,2014,0,0,0
3901,2014,0,0,0
3902,2014,0,0,0
3903,2014,0,0,0
3904,2014,0,0,0
3905,2014,0,0,0
3906,2014,0,0,0
3907,2014,0,0,0
3908,2014,0,0,0
3909,2014,0,0,0
3910,2014,0,0,0
3911,2014,0,0,0
3912,2014,0,0,0
3913,2014,0,0,0
3914,2014,0,0,0
3915,2014,0,0,0
3916,2014,0,0,0
3917,2014,0,0,0
3918,2014,0,0,0
3919,2014,0,0,0
3920,2014,0,0,0
3921,2014,0,0,0
3922,2014,0,0,0
3923,2014,0,0,0
3924,2014,0,0,0
3925,2014,0,0,0
3926,2014,0,0,0
3927,2014,0,0,0
3928,2014,0,0,0
3929,2014,0,0,0
3930,2014,0,0,0
3931,2014,0,0,0
3932,2014,0,0,0
3933,2014,0,0,0
3934,2014,0,0,0
3935,2014,0,0,0
3936,2014,0,0,0
3937,2014,0,0,0
3938,2014,0,0,0
3939,2014,0,0,0
3940,2014,0,0,0
3941,2014,0,0,0
3942,2014,0,0,0
3943,2014,0,0,0
3944,2014,0,0,0
3945,2014,0,0,0
3946,2014,0,0,0
3947,2014,0,0,0
3948,2014,0,0,0
3949,2014,0,0,0
3950,2014,0,0,0
3951,2014,0,0,0
3952,2014,0,0,0
3953,2014,0,0,0
3954,2014,0,0,0
3955,2014,0,0,0
3956,2014,0,0,0
3957,2014,0,0,0
3958,2014,0,0,0
3959,2014,0,0,0
3960,2014,0,0,0
3961,2014,0,0,0
3962,2014,0,0,0
3963,2014,0,0,0
3964,2014,0,0,0
3965,2014,0,0,0
3966,2014,0,0,0
3967,2014,0,0,0
3968,2014,0,0,0
3969,2014,0,0,0
3970,2014,0,0,0
3971,2014,0,0,0
3972,2014,0,0,0
3973,2014,0,0,0
3974,2014,0,0,0
3975,2014,0,0,0
3976,2014,0,0,0
3977,2014,0,0,0
3978,2014,0,0,0
3979,2014,0,0,0
3980,2014,0,0,0
3981,2014,0,0,0
3982,2014,0,0,0
3983,2014,0,0,0
3984,2014,0,0,0
3985,2014,0,0,0
3986,2014,0,0,0
3987,2014,0,0,0
3988,2014,0,0,0
3989,2014,0,0,0
3990,2014,0,0,0
3991,2014,0,0,0
3992,2014,0,0,0
3993,2014,0,0,0
3994,2014,0,0,0
3995,2014,0,0,0
3996,2014,0,0,0
3997,2014,0,0,0
3998,2014,0,0,0
3999,2014,0,0,0
4000,2014,0,0,0
4001,2014,0,0,0
4002,2014,0,0,0
4003,2014,0,0,0
4004,2014,0,0,0
4005,2014,0,0,0
4006,2014,0,0,0
4007,2014,0,0,0
4008,2014,0,0,0
4009,2014,0,0,0
4010,2014,0,0,0
4011,2014,0,0,0
4012,2014,0,0,0
4013,2014,0,0,0
4014,2014,0,0,0
4015,2014,0,0,0
4016,2014,0,0,0
4017,2014,0,0,0
4018,2014,0,0,0
4019,2014,0,0,0
4020,2014,0,0,0
4021,2014,0,0,0
4022,2014,0,0,0
4023,2014,0,0,0
4024,2014,0,0,0
4025,2014,0,0,0
4026,2014,0,0,0
4027,2014,0,0,0
4028,2014,0,0,0
4029,2014,0,0,0
4030,2014,0,0,0
4031,2014,0,0,0
4032,2014,0,0,0
4033,2014,0,0,0
4034,2014,0,0,0
4035,2014,0,0,0
4036,2014,0,0,0
4037,2014,0,0,0
4038,2014,0,0,0
4039,2014,0,0,0
4040,2014,0,0,0
4041,2014,0,0,0
4042,2014,0,0,0
4043,2014,0,0,0
4044,2014,0,0,0
4045,2014,0,0,0
4046,2014,0,0,0
4047,2014,0,0,0
4048,2014,0,0,0
4049,2014,0,0,0
4050,2014,0,0,0
4051,2014,0,0,0
4052,2014,0,0,0
4053,2014,0,0,0
4054,2014,0,0,0
4055,2014,0,0,0
4056,2014,0,0,0
4057,2014,0,0,0
4058,2014,0,0,0
4059,2014,0,0,0
4060,2014,0,0,0
4061,2014,0,0,0
4062,2013,0,0,0
4063,2013,0,0,0
4064,2013,0,0,0
4065,2013,0,0,0
4066,2013,0,0,0
4067,2013,0,0,0
4068,2013,0,0,0
4069,2013,0,0,0
4070,2013,0,0,0
4071,2013,0,0,0
4072,2013,0,0,0
4073,2013,0,0,0
4074,2013,0,0,0
4075,2013,0,0,0
4076,2013,0,0,0
4077,2013,0,0,0
4078,2013,0,0,0
4079,2013,0,0,0
4080,2013,0,0,0
4081,2013,0,0,0
4082,2013,0,0,0
4083,2013,0,0,0
4084,2013,0,0,0
4085,2013,0,0,0
4086,2013,0,0,0
4087,2013,0,0,0
4088,2013,0,0,0
4089,2013,0,0,0
4090,2013,0,0,0
4091,2013,0,0,0
4092,2013,0,0,0
4093,2013,0,0,0
4094,2013,0,0,0
4095,2013,0,0,0
4096,2013,0,0,0
4097,2013,0,0,0
4098,2013,0,0,0
4099,2013,0,0,0
4100,2013,0,0,0
4101,2013,0,0,0
4102,2013,0,0,0
4103,2013,0,0,0
4104,2013,0,0,0
4105,2013,0,0,0
4106,2013,0,0,0
4107,2013,0,0,0
4108,2013,0,0,0
4109,2013,0,0,0
4110,2013,0,0,0
4111,2013,0,0,0
4112,2013,0,0,0
4113,2013,0,0,0
4114,2013,0,0,0
4115,2013,0,0,0
4116,2013,0,0,0
4117,2013,0,0,0
4118,2013,0,0,0
4119,2013,0,0,0
4120,2013,0,0,0
4121,2013,0,0,0
4122,2013,0,0,0
4123,2013,0,0,0
4124,2013,0,0,0
4125,2013,0,0,0
4126,2013,0,0,0
4127,2013,0,0,0
4128,2013,0,0,0
4129,2013,0,0,0
4130,2013,0,0,0
4131,2013,0,0,0
4132,2013,0,0,0
4133,2013,0,0,0
4134,2013,0,0,0
4135,2013,0,0,0
4136,2013,0,0,0
4137,2013,0,0,0
4138,2013,0,0,0
4139,2013,0,0,0
4140,2013,0,0,0
4141,2013,0,0,0
4142,2013,0,0,0
4143,2013,0,0,0
4144,2013,0,0,0
4145,2013,0,0,0
4146,2013,0,0,0
4147,2013,0,0,0
4148,2013,0,0,0
4149,2013,0,0,0
4150,2013,0,0,0
4151,2013,0,0,0
4152,2013,0,0,0
4153,2013,0,0,0
4154,2013,0,0,0
4155,2013,0,0,0
4156,2013,0,0,0
4157,2013,0,0,0
4158,2013,0,0,0
4159,2013,0,0,0
4160,2013,0,0,0
4161,2013,0,0,0
4162,2013,0,0,0
4163,2013,0,0,0
4164,2013,0,0,0
4165,2013,0,0,0
4166,2013,0,0,0
4167,2013,0,0,0
4168,2013,0,0,0
4169,2013,0,0,0
4170,2013,0,0,0
4171,2013,0,0,0
4172,2013,0,0,0
4173,2013,0,0,0
4174,2013,0,0,0
4175,2013,0,0,0
4176,2013,0,0,0
4177,2013,0,0,0
4178,2013,0,0,0
4179,2013,0,0,0
4180,2013,0,0,0
4181,2013,0,0,0
4182,2013,0,0,0
4183,2013,0,0,0
4184,2013,0,0,0
4185,2013,0,0,0
4186,2013,0,0,0
4187,2013,0,0,0
4188,2013,0,0,0
4189,2013,0,0,0
4190,2013,0,0,0
4191,2013,0,0,0
4192,2013,0,0,0
4193,2013,0,0,0
4194,2013,0,0,0
4195,2013,0,0,0
4196,2013,0,0,0
4197,2013,0,0,0
4198,2013,0,0,0
4199,2013,0,0,0
4200,2013,0,0,0
4201,2013,0,0,0
4202,2013,0,0,0
4203,2013,0,0,0
4204,2013,0,0,0
4205,2013,0,0,0
4206,2013,0,0,0
4207,2013,0,0,0
4208,2013,0,0,0
4209,2013,0,0,0
4210,2013,0,0,0
4211,2013,0,0,0
4212,2013,0,0,0
4213,2013,0,0,0
4214,2013,0,0,0
4215,2013,0,0,0
4216,2013,0,0,0
4217,2013,0,0,0
4218,2013,0,0,0
4219,2013,0,0,0
4220,2013,0,0,0
4221,2013,0,0,0
4222,2013,0,0,0
4223,2013,0,0,0
4224,2013,0,0,0
4225,2013,0,0,0
4226,2013,0,0,0
4227,2013,0,0,0
4228,2013,0,0,0
4229,2013,0,0,0
4230,2013,0,0,0
4231,2013,0,0,0
4232,2013,0,0,0
4233,2013,0,0,0
4234,2013,0,0,0
4235,2013,0,0,0
4236,2013,0,0,0
4237,2013,0,0,0
4238,2013,0,0,0
4239,2013,0,0,0
4240,2013,0,0,0
4241,2013,0,0,0
4242,2013,0,0,0
4243,2013,0,0,0
4244,2013,0,0,0
4245,2013,0,0,0
4246,2013,0,0,0
4247,2013,0,0,0
4248,2013,0,0,0
4249,2013,0,0,0
4250,2013,0,0,0
4251,2013,0,0,0
4252,2013,0,0,0
4253,2013,0,0,0
4254,2013,0,0,0
4255,2013,0,0,0
4256,2013,0,0,0
4257,2013,0,0,0
4258,2013,0,0,0
4259,2013,0,0,0
4260,2013,0,0,0
4261,2013,0,0,0
4262,2013,0,0,0
4263,2013,0,0,0
4264,2013,0,0,0
4265,2013,0,0,0
4266,2013,0,0,0
4267,2013,0,0,0
4268,2013,0,0,0
4269,2013,0,0,0
4270,2013,0,0,0
4271,2013,0,0,0
4272,2013,0,0,0
4273,2013,0,0,0
4274,2013,0,0,0
4275,2013,0,0,0
4276,2013,0,0,0
4277,2013,0,0,0
4278,2013,0,0,0
4279,2013,0,0,0
4280,2013,0,0,0
4281,2013,0,0,0
4282,2013,0,0,0
4283,2013,0,0,0
4284,2012,0,0,0
4285,2012,0,0,0
4286,2012,0,0,0
4287,2012,0,0,0
4288,2012,0,0,0
4289,2012,0,0,0
4290,2012,0,0,0
4291,2012,0,0,0
4292,2012,0,0,0
4293,2012,0,0,0
4294,2012,0,0,0
4295,2012,0,0,0
4296,2012,0,0,0
4297,2012,0,0,0
4298,2012,0,0,0
4299,2012,0,0,0
4300,2012,0,0,0
4301,2012,0,0,0
4302,2012,0,0,0
4303,2012,0,0,0
4304,2012,0,0,0
4305,2012,0,0,0
4306,2012,0,0,0
4307,2012,0,0,0
4308,2012,0,0,0
4309,2012,0,0,0
4310,2012,0,0,0
4311,2012,0,0,0
4312,2012,0,0,0
4313,2012,0,0,0
4314,2012,0,0,0
4315,2012,0,0,0
4316,2012,0,0,0
4317,2012,0,0,0
4318,2012,0,0,0
4319,2012,0,0,0
4320,2012,0,0,0
4321,2012,0,0,0
4322,2012,0,0,0
4323,2012,0,0,0
4324,2012,0,0,0
4325,2012,0,0,0
4326,2012,0,0,0
4327,2012,0,0,0
4328,2012,0,0,0
4329,2012,0,0,0
4330,2012,0,0,0
4331,2012,0,0,0
4332,2012,0,0,0
4333,2012,0,0,0
4334,2012,0,0,0
4335,2012,0,0,0
4336,2012,0,0,0
4337,2012,0,0,0
4338,2012,0,0,0
4339,2012,0,0,0
4340,2012,0,0,0
4341,2012,0,0,0
4342,2012,0,0,0
4343,2012,0,0,0
4344,2012,0,0,0
4345,2012,0,0,0
4346,2012,0,0,0
4347,2012,0,0,0
4348,2012,0,0,0
4349,2012,0,0,0
4350,2012,0,0,0
4351,2012,0,0,0
4352,2012,0,0,0
4353,2012,0,0,0
4354,2012,0,0,0
4355,2012,0,0,0
4356,2012,0,0,0
4357,2012,0,0,0
4358,2012,0,0,0
4359,2012,0,0,0
4360,2012,0,0,0
4361,2012,0,0,0
4362,2012,0,0,0
4363,2012,0,0,0
4364,2012,0,0,0
4365,2012,0,0,0
4366,2012,0,0,0
4367,2012,0,0,0
4368,2012,0,0,0
4369,2012,0,0,0
4370,2012,0,0,0
4371,2012,0,0,0
4372,2012,0,0,0
4373,2012,0,0,0
4374,2012,0,0,0
4375,2012,0,0,0
4376,2012,0,0,0
4377,2012,0,0,0
4378,2012,0,0,0
4379,2012,0,0,0
4380,2012,0,0,0
4381,2012,0,0,0
4382,2012,0,0,0
4383,2012,0,0,0
4384,2012,0,0,0
4385,2012,0,0,0
4386,2012,0,0,0
4387,2012,0,0,0
4388,2012,0,0,0
4389,2012,0,0,0
4390,2012,0,0,0
4391,2012,0,0,0
4392,2012,0,0,0
4393,2012,0,0,0
4394,2012,0,0,0
4395,2012,0,0,0
4396,2012,0,0,0
4397,2012,0,0,0
4398,2012,0,0,0
4399,2012,0,0,0
4400,2012,0,0,0
4401,2012,0,0,0
4402,2012,0,0,0
4403,2012,0,0,0
4404,2012,0,0,0
4405,2012,0,0,0
4406,2012,0,0,0
4407,2012,0,0,0
4408,2012,0,0,0
4409,2012,0,0,0
4410,2012,0,0,0
4411,2012,0,0,0
4412,2012,0,0,0
4413,2012,0,0,0
4414,2012,0,0,0
4415,2012,0,0,0
4416,2012,0,0,0
4417,2012,0,0,0
4418,2012,0,0,0
4419,2012,0,0,0
4420,2012,0,0,0
4421,2012,0,0,0
4422,2012,0,0,0
4423,2012,0,0,0
4424,2012,0,0,0
4425,2012,0,0,0
4426,2012,0,0,0
4427,2012,0,0,0
4428,2012,0,0,0
4429,2012,0,0,0
4430,2012,0,0,0
4431,2012,0,0,0
4432,2012,0,0,0
4433,2012,0,0,0
4434,2012,0,0,0
4435,2012,0,0,0
4436,2012,0,0,0
4437,2012,0,0,0
4438,2012,0,0,0
4439,2012,0,0,0
4440,2012,0,0,0
4441,2012,0,0,0
4442,2012,0,0,0
4443,2012,0,0,0
4444,2012,0,0,0
4445,2012,0,0,0
4446,2012,0,0,0
4447,2012,0,0,0
4448,2012,0,0,0
4449,2012,0,0,0
4450,2012,0,0,0
4451,2012,0,0,0
4452,2012,0,0,0
4453,2012,0,0,0
4454,2012,0,0,0
4455,2012,0,0,0
4456,2012,0,0,0
4457,2012,0,0,0
4458,2012,0,0,0
4459,2012,0,0,0
4460,2012,0,0,0
4461,2012,0,0,0
4462,2012,0,0,0
4463,2012,0,0,0
4464,2012,0,0,0
4465,2012,0,0,0
4466,2012,0,0,0
4467,2012,0,0,0
4468,2012,0,0,0
4469,2012,0,0,0
4470,2012,0,0,0
4471,2012,0,0,0
4472,2012,0,0,0
4473,2012,0,0,0
4474,2012,0,0,0
4475,2012,0,0,0
4476,2012,0,0,0
4477,2012,0,0,0
4478,2012,0,0,0
4479,2012,0,0,0
4480,2012,0,0,0
4481,2012,0,0,0
4482,2012,0,0,0
4483,2012,0,0,0
4484,2012,0,0,0
4485,2012,0,0,0
4486,2012,0,0,0
4487,2012,0,0,0
4488,2012,0,0,0
4489,2012,0,0,0
4490,2012,0,0,0
4491,2012,0,0,0
4492,2012,0,0,0
4493,2012,0,0,0
4494,2012,0,0,0
4495,2012,0,0,0
4496,2012,0,0,0
4497,2012,0,0,0
4498,2012,0,0,0
4499,2012,0,0,0
4500,2012,0,0,0
4501,2012,0,0,0
4502,2012,0,0,0
4503,2012,0,0,0
4504,2012,0,0,0
4505,2012,0,0,0
4506,2012,0,0,0
4507,2012,0,0,0
4508,2012,0,0,0
4509,2012,0,0,0
4510,2012,0,0,0
4511,2012,0,0,0
4512,2012,0,0,0
4513,2011,0,0,0
4514,2011,0,0,0
4515,2011,0,0,0
4516,2011,0,0,0
4517,2011,0,0,0
4518,2011,0,0,0
4519,2011,0,0,0
4520,2011,0,0,0
4521,2011,0,0,0
4522,2011,0,0,0
4523,2011,0,0,0
4524,2011,0,0,0
4525,2011,0,0,0
4526,2011,0,0,0
4527,2011,0,0,0
4528,2011,0,0,0
4529,2011,0,0,0
4530,2011,0,0,0
4531,2011,0,0,0
4532,2011,0,0,0
4533,2011,0,0,0
4534,2011,0,0,0
4535,2011,0,0,0
4536,2011,0,0,0
4537,2011,0,0,0
4538,2011,0,0,0
4539,2011,0,0,0
4540,2011,0,0,0
4541,2011,0,0,0
4542,2011,0,0,0
4543,2011,0,0,0
4544,2011,0,0,0
4545,2011,0,0,0
4546,2011,0,0,0
4547,2011,0,0,0
4548,2011,0,0,0
4549,2011,0,0,0
4550,2011,0,0,0
4551,2011,0,0,0
4552,2011,0,0,0
4553,2011,0,0,0
4554,2011,0,0,0
4555,2011,0,0,0
4556,2011,0,0,0
4557,2011,0,0,0
4558,2011,0,0,0
4559,2011,0,0,0
4560,2011,0,0,0
4561,2011,0,0,0
4562,2011,0,0,0
4563,2011,0,0,0
4564,2011,0,0,0
4565,2011,0,0,0
4566,2011,0,0,0
4567,2011,0,0,0
4568,2011,0,0,0
4569,2011,0,0,0
4570,2011,0,0,0
4571,2011,0,0,0
4572,2011,0,0,0
4573,2011,0,0,0
4574,2011,0,0,0
4575,2011,0,0,0
4576,2011,0,0,0
4577,2011,0,0,0
4578,2011,0,0,0
4579,2011,0,0,0
4580,2011,0,0,0
4581,2011,0,0,0
4582,2011,0,0,0
4583,2011,0,0,0
4584,2011,0,0,0
4585,2011,0,0,0
4586,2011,0,0,0
4587,2011,0,0,0
4588,2011,0,0,0
4589,2011,0,0,0
4590,2011,0,0,0
4591,2011,0,0,0
4592,2011,0,0,0
4593,2011,0,0,0
4594,2011,0,0,0
4595,2011,0,0,0
4596,2011,0,0,0
4597,2011,0,0,0
4598,2011,0,0,0
4599,2011,0,0,0
4600,2011,0,0,0
4601,2011,0,0,0
4602,2011,0,0,0
4603,2011,0,0,0
4604,2011,0,0,0
4605,2011,0,0,0
4606,2011,0,0,0
4607,2011,0,0,0
4608,2011,0,0,0
4609,2011,0,0,0
4610,2011,0,0,0
4611,2011,0,0,0
4612,2011,0,0,0
4613,2011,0,0,0
4614,2011,0,0,0
4615,2011,0,0,0
4616,2011,0,0,0
4617,2011,0,0,0
4618,2011,0,0,0
4619,2011,0,0,0
4620,2011,0,0,0
4621,2011,0,0,0
4622,2011,0,0,0
4623,2011,0,0,0
4624,2011,0,0,0
4625,2011,0,0,0
4626,2011,0,0,0
4627,2011,0,0,0
4628,2011,0,0,0
4629,2011,0,0,0
4630,2011,0,0,0
4631,2011,0,0,0
4632,2011,0,0,0
4633,2011,0,0,0
4634,2011,0,0,0
4635,2011,0,0,0
4636,2011,0,0,0
4637,2011,0,0,0
4638,2011,0,0,0
4639,2011,0,0,0
4640,2011,0,0,0
4641,2011,0,0,0
4642,2011,0,0,0
4643,2011,0,0,0
4644,2011,0,0,0
4645,2011,0,0,0
4646,2011,0,0,0
4647,2011,0,0,0
4648,2011,0,0,0
4649,2011,0,0,0
4650,2011,0,0,0
4651,2011,0,0,0
4652,2011,0,0,0
4653,2011,0,0,0
4654,2011,0,0,0
4655,2011,0,0,0
4656,2011,0,0,0
4657,2011,0,0,0
4658,2011,0,0,0
4659,2011,0,0,0
4660,2011,0,0,0
4661,2011,0,0,0
4662,2011,0,0,0
4663,2011,0,0,0
4664,2011,0,0,0
4665,2011,0,0,0
4666,2011,0,0,0
4667,2011,0,0,0
4668,2011,0,0,0
4669,2011,0,0,0
4670,2011,0,0,0
4671,2011,0,0,0
4672,2011,0,0,0
4673,2011,0,0,0
4674,2011,0,0,0
4675,2011,0,0,0
4676,2011,0,0,0
4677,2011,0,0,0
4678,2011,0,0,0
4679,2011,0,0,0
4680,2011,0,0,0
4681,2011,0,0,0
4682,2011,0,0,0
4683,2011,0,0,0
4684,2011,0,0,0
4685,2011,0,0,0
4686,2011,0,0,0
4687,2011,0,0,0
4688,2011,0,0,0
4689,2011,0,0,0
4690,2011,0,0,0
4691,2011,0,0,0
4692,2011,0,0,0
4693,2011,0,0,0
4694,2011,0,0,0
4695,2011,0,0,0
4696,2011,0,0,0
4697,2011,0,0,0
4698,2011,0,0,0
4699,2011,0,0,0
4700,2011,0,0,0
4701,2011,0,0,0
4702,2011,0,0,0
4703,2011,0,0,0
4704,2011,0,0,0
4705,2011,0,0,0
4706,2011,0,0,0
4707,2011,0,0,0
4708,2011,0,0,0
4709,2011,0,0,0
4710,2011,0,0,0
4711,2011,0,0,0
4712,2011,0,0,0
4713,2011,0,0,0
4714,2011,0,0,0
4715,2011,0,0,0
4716,2011,0,0,0
4717,2011,0,0,0
4718,2011,0,0,0
4719,2011,0,0,0
4720,2011,0,0,0
4721,2011,0,0,0
4722,2011,0,0,0
4723,2011,0,0,0
4724,2011,0,0,0
4725,2011,0,0,0
4726,2011,0,0,0
4727,2011,0,0,0
4728,2011,0,0,0
4729,2011,0,0,0
4730,2011,0,0,0
4731,2011,0,0,0
4732,2011,0,0,0
4733,2011,0,0,0
4734,2011,0,0,0
4735,2011,0,0,0
4736,2011,0,0,0
4737,2011,0,0,0
4738,2011,0,0,0
4739,2011,0,0,0
4740,2011,0,0,0
4741,2011,0,0,0
4742,2011,0,0,0
4743,2010,0,0,0
4744,2010,0,0,0
4745,2010,0,0,0
4746,2010,0,0,0
4747,2010,0,0,0
4748,2010,0,0,0
4749,2010,0,0,0
4750,2010,0,0,0
4751,2010,0,0,0
4752,2010,0,0,0
4753,2010,0,0,0
4754,2010,0,0,0
4755,2010,0,0,0
4756,2010,0,0,0
4757,2010,0,0,0
4758,2010,0,0,0
4759,2010,0,0,0
4760,2010,0,0,0
4761,2010,0,0,0
4762,2010,0,0,0
4763,2010,0,0,0
4764,2010,0,0,0
4765,2010,0,0,0
4766,2010,0,0,0
4767,2010,0,0,0
4768,2010,0,0,0
4769,2010,0,0,0
4770,2010,0,0,0
4771,2010,0,0,0
4772,2010,0,0,0
4773,2010,0,0,0
4774,2010,0,0,0
4775,2010,0,0,0
4776,2010,0,0,0
4777,2010,0,0,0
4778,2010,0,0,0
4779,2010,0,0,0
4780,2010,0,0,0
4781,2010,0,0,0
4782,2010,0,0,0
4783,2010,0,0,0
4784,2010,0,0,0
4785,2010,0,0,0
4786,2010,0,0,0
4787,2010,0,0,0
4788,2010,0,0,0
4789,2010,0,0,0
4790,2010,0,0,0
4791,2010,0,0,0
4792,2010,0,0,0
4793,2010,0,0,0
4794,2010,0,0,0
4795,2010,0,0,0
4796,2010,0,0,0
4797,2010,0,0,0
4798,2010,0,0,0
4799,2010,0,0,0
4800,2010,0,0,0
4801,2010,0,0,0
4802,2010,0,0,0
4803,2010,0,0,0
4804,2010,0,0,0
4805,2010,0,0,0
4806,2010,0,0,0
4807,2010,0,0,0
4808,2010,0,0,0
4809,2010,0,0,0
4810,2010,0,0,0
4811,2010,0,0,0
4812,2010,0,0,0
4813,2010,0,0,0
4814,2010,0,0,0
4815,2010,0,0,0
4816,2010,0,0,0
4817,2010,0,0,0
4818,2010,0,0,0
4819,2010,0,0,0
4820,2010,0,0,0
4821,2010,0,0,0
4822,2010,0,0,0
4823,2010,0,0,0
4824,2010,0,0,0
4825,2010,0,0,0
4826,2010,0,0,0
4827,2010,0,0,0
4828,2010,0,0,0
4829,2010,0,0,0
4830,2010,0,0,0
4831,2010,0,0,0
4832,2010,0,0,0
4833,2010,0,0,0
4834,2010,0,0,0
4835,2010,0,0,0
4836,2010,0,0,0
4837,2010,0,0,0
4838,2010,0,0,0
4839,2010,0,0,0
4840,2010,0,0,0
4841,2010,0,0,0
4842,2010,0,0,0
4843,2010,0,0,0
4844,2010,0,0,0
4845,2010,0,0,0
4846,2010,0,0,0
4847,2010,0,0,0
4848,2010,0,0,0
4849,2010,0,0,0
4850,2010,0,0,0
4851,2010,0,0,0
4852,2010,0,0,0
4853,2010,0,0,0
4854,2010,0,0,0
4855,2010,0,0,0
4856,2010,0,0,0
4857,2010,0,0,0
4858,2010,0,0,0
4859,2010,0,0,0
4860,2010,0,0,0
4861,2010,0,0,0
4862,2010,0,0,0
4863,2010,0,0,0
4864,2010,0,0,0
4865,2010,0,0,0
4866,2010,0,0,0
4867,2010,0,0,0
4868,2010,0,0,0
4869,2010,0,0,0
4870,2010,0,0,0
4871,2010,0,0,0
4872,2010,0,0,0
4873,2010,0,0,0
4874,2010,0,0,0
4875,2010,0,0,0
4876,2010,0,0,0
4877,2010,0,0,0
4878,2010,0,0,0
4879,2010,0,0,0
4880,2010,0,0,0
4881,2010,0,0,0
4882,2010,0,0,0
4883,2010,0,0,0
4884,2010,0,0,0
4885,2010,0,0,0
4886,2010,0,0,0
4887,2010,0,0,0
4888,2010,0,0,0
4889,2010,0,0,0
4890,2010,0,0,0
4891,2010,0,0,0
4892,2010,0,0,0
4893,2010,0,0,0
4894,2010,0,0,0
4895,2010,0,0,0
4896,2010,0,0,0
4897,2010,0,0,0
4898,2010,0,0,0
4899,2010,0,0,0
4900,2010,0,0,0
4901,2010,0,0,0
4902,2010,0,0,0
4903,2010,0,0,0
4904,2010,0,0,0
4905,2010,0,0,0
4906,2010,0,0,0
4907,2010,0,0,0
4908,2010,0,0,0
4909,2010,0,0,0
4910,2010,0,0,0
4911,2010,0,0,0
4912,2010,0,0,0
4913,2010,0,0,0
4914,2010,0,0,0
4915,2010,0,0,0
4916,2010,0,0,0
4917,2010,0,0,0
4918,2010,0,0,0
4919,2010,0,0,0
4920,2010,0,0,0
4921,2010,0,0,0
4922,2010,0,0,0
4923,2010,0,0,0
4924,2010,0,0,0
4925,2010,0,0,0
4926,2010,0,0,0
4927,2010,0,0,0
4928,2010,0,0,0
4929,2010,0,0,0
4930,2010,0,0,0
4931,2010,0,0,0
4932,2010,0,0,0
4933,2010,0,0,0
4934,2010,0,0,0
4935,2010,0,0,0
4936,2010,0,0,0
4937,2010,0,0,0
4938,2010,0,0,0
4939,2010,0,0,0
4940,2010,0,0,0
4941,2010,0,0,0
4942,2010,0,0,0
4943,2010,0,0,0
4944,2010,0,0,0
4945,2010,0,0,0
4946,2010,0,0,0
4947,2010,0,0,0
4948,2010,0,0,0
4949,2010,0,0,0
4950,2010,0,0,0
4951,2010,0,0,0
4952,2010,0,0,0
4953,2010,0,0,0
4954,2010,0,0,0
4955,2010,0,0,0
4956,2010,0,0,0
4957,2010,0,0,0
4958,2010,0,0,0
4959,2010,0,0,0
4960,2010,0,0,0
4961,2010,0,0,0
4962,2010,0,0,0
4963,2010,0,0,0
4964,2010,0,0,0
4965,2010,0,0,0
4966,2010,0,0,0
4967,2010,0,0,0
4968,2010,0,0,0
4969,2010,0,0,0
4970,2010,0,0,0
4971,2010,0,0,0
4972,2010,0,0,0
4973,2010,0,0,0
4974,2010,0,0,0
4975,2010,0,0,0
4976,2010,0,0,0
4977,2010,0,0,0
4978,2010,0,0,0
4979,2010,0,0,0
4980,2009,0,0,0
4981,2009,0,0,0
4982,2009,0,0,0
4983,2009,0,0,0
4984,2009,0,0,0
4985,2009,0,0,0
4986,2009,0,0,0
4987,2009,0,0,0
4988,2009,0,0,0
4989,2009,0,0,0
4990,2009,0,0,0
4991,2009,0,0,0
4992,2009,0,0,0
4993,2009,0,0,0
4994,2009,0,0,0
4995,2009,0,0,0
4996,2009,0,0,0
4997,2009,0,0,0
4998,2009,0,0,0
4999,2009,0,0,0
5000,2009,0,0,0
5001,2009,0,0,0
5002,2009,0,0,0
5003,2009,0,0,0
5004,2009,0,0,0
5005,2009,0,0,0
5006,2009,0,0,0
5007,2009,0,0,0
5008,2009,0,0,0
5009,2009,0,0,0
5010,2009,0,0,0
5011,2009,0,0,0
5012,2009,0,0,0
5013,2009,0,0,0
5014,2009,0,0,0
5015,2009,0,0,0
5016,2009,0,0,0
5017,2009,0,0,0
5018,2009,0,0,0
5019,2009,0,0,0
5020,2009,0,0,0
5021,2009,0,0,0
5022,2009,0,0,0
5023,2009,0,0,0
5024,2009,0,0,0
5025,2009,0,0,0
5026,2009,0,0,0
5027,2009,0,0,0
5028,2009,0,0,0
5029,2009,0,0,0
5030,2009,0,0,0
5031,2009,0,0,0
5032,2009,0,0,0
5033,2009,0,0,0
5034,2009,0,0,0
5035,2009,0,0,0
5036,2009,0,0,0
5037,2009,0,0,0
5038,2009,0,0,0
5039,2009,0,0,0
5040,2009,0,0,0
5041,2009,0,0,0
5042,2009,0,0,0
5043,2009,0,0,0
5044,2009,0,0,0
5045,2009,0,0,0
5046,2009,0,0,0
5047,2009,0,0,0
5048,2009,0,0,0
5049,2009,0,0,0
5050,2009,0,0,0
5051,2009,0,0,0
5052,2009,0,0,0
5053,2009,0,0,0
5054,2009,0,0,0
5055,2009,0,0,0
5056,2009,0,0,0
5057,2009,0,0,0
5058,2009,0,0,0
5059,2009,0,0,0
5060,2009,0,0,0
5061,2009,0,0,0
5062,2009,0,0,0
5063,2009,0,0,0
5064,2009,0,0,0
5065,2009,0,0,0
5066,2009,0,0,0
5067,2009,0,0,0
5068,2009,0,0,0
5069,2009,0,0,0
5070,2009,0,0,0
5071,2009,0,0,0
5072,2009,0,0,0
5073,2009,0,0,0
5074,2009,0,0,0
5075,2009,0,0,0
5076,2009,0,0,0
5077,2009,0,0,0
5078,2009,0,0,0
5079,2009,0,0,0
5080,2009,0,0,0
5081,2009,0,0,0
5082,2009,0,0,0
5083,2009,0,0,0
5084,2009,0,0,0
5085,2009,0,0,0
5086,2009,0,0,0
5087,2009,0,0,0
5088,2009,0,0,0
5089,2009,0,0,0
5090,2009,0,0,0
5091,2009,0,0,0
5092,2009,0,0,0
5093,2009,0,0,0
5094,2009,0,0,0
5095,2009,0,0,0
5096,2009,0,0,0
5097,2009,0,0,0
5098,2009,0,0,0
5099,2009,0,0,0
5100,2009,0,0,0
5101,2009,0,0,0
5102,2009,0,0,0
5103,2009,0,0,0
5104,2009,0,0,0
5105,2009,0,0,0
5106,2009,0,0,0
5107,2009,0,0,0
5108,2009,0,0,0
5109,2009,0,0,0
5110,2009,0,0,0
5111,2009,0,0,0
5112,2009,0,0,0
5113,2009,0,0,0
5114,2009,0,0,0
5115,2009,0,0,0
5116,2009,0,0,0
5117,2009,0,0,0
5118,2009,0,0,0
5119,2009,0,0,0
5120,2009,0,0,0
5121,2009,0,0,0
5122,2009,0,0,0
5123,2009,0,0,0
5124,2009,0,0,0
5125,2009,0,0,0
5126,2009,0,0,0
5127,2009,0,0,0
5128,2009,0,0,0
5129,2009,0,0,0
5130,2009,0,0,0
5131,2009,0,0,0
5132,2009,0,0,0
5133,2009,0,0,0
5134,2009,0,0,0
5135,2009,0,0,0
5136,2009,0,0,0
5137,2009,0,0,0
5138,2009,0,0,0
5139,2009,0,0,0
5140,2009,0,0,0
5141,2009,0,0,0
5142,2009,0,0,0
5143,2009,0,0,0
5144,2009,0,0,0
5145,2009,0,0,0
5146,2009,0,0,0
5147,2009,0,0,0
5148,2009,0,0,0
5149,2009,0,0,0
5150,2009,0,0,0
5151,2009,0,0,0
5152,2009,0,0,0
5153,2009,0,0,0
5154,2009,0,0,0
5155,2009,0,0,0
5156,2009,0,0,0
5157,2009,0,0,0
5158,2009,0,0,0
5159,2009,0,0,0
5160,2009,0,0,0
5161,2009,0,0,0
5162,2009,0,0,0
5163,2009,0,0,0
5164,2009,0,0,0
5165,2009,0,0,0
5166,2009,0,0,0
5167,2009,0,0,0
5168,2009,0,0,0
5169,2009,0,0,0
5170,2009,0,0,0
5171,2009,0,0,0
5172,2009,0,0,0
5173,2009,0,0,0
5174,2009,0,0,0
5175,2009,0,0,0
5176,2009,0,0,0
5177,2009,0,0,0
5178,2009,0,0,0
5179,2009,0,0,0
5180,2009,0,0,0
5181,2009,0,0,0
5182,2009,0,0,0
5183,2009,0,0,0
5184,2009,0,0,0
5185,2009,0,0,0
5186,2009,0,0,0
5187,2009,0,0,0
5188,2009,0,0,0
5189,2009,0,0,0
5190,2009,0,0,0
5191,2009,0,0,0
5192,2009,0,0,0
5193,2009,0,0,0
5194,2009,0,0,0
5195,2009,0,0,0
5196,2009,0,0,0
5197,2009,0,0,0
5198,2009,0,0,0
5199,2009,0,0,0
5200,2009,0,0,0
5201,2009,0,0,0
5202,2009,0,0,0
5203,2009,0,0,0
5204,2009,0,0,0
5205,2009,0,0,0
5206,2009,0,0,0
5207,2009,0,0,0
5208,2009,0,0,0
5209,2009,0,0,0
5210,2009,0,0,0
5211,2009,0,0,0
5212,2009,0,0,0
5213,2009,0,0,0
5214,2009,0,0,0
5215,2009,0,0,0
5216,2009,0,0,0
5217,2009,0,0,0
5218,2009,0,0,0
5219,2009,0,0,0
5220,2009,0,0,0
5221,2009,0,0,0
5222,2009,0,0,0
5223,2009,0,0,0
5224,2009,0,0,0
5225,2009,0,0,0
5226,2009,0,0,0
5227,2009,0,0,0
5228,2009,0,0,0
5229,2009,0,0,0
5230,2009,0,0,0
5231,2009,0,0,0
5232,2009,0,0,0
5233,2009,0,0,0
5234,2009,0,0,0
5235,2009,0,0,0
5236,2009,0,0,0
5237,2009,0,0,0
5238,2009,0,0,0
5239,2009,0,0,0
5240,2009,0,0,0
5241,2009,0,0,0
5242,2009,0,0,0
5243,2009,0,0,0
5244,2009,0,0,0
5245,2009,0,0,0
5246,2009,0,0,0
5247,2009,0,0,0
5248,2009,0,0,0
5249,2008,0,0,0
5250,2008,0,0,0
5251,2008,0,0,0
5252,2008,0,0,0
5253,2008,0,0,0
5254,2008,0,0,0
5255,2008,0,0,0
5256,2008,0,0,0
5257,2008,0,0,0
5258,2008,0,0,0
5259,2008,0,0,0
5260,2008,0,0,0
5261,2008,0,0,0
5262,2008,0,0,0
5263,2008,0,0,0
5264,2008,0,0,0
5265,2008,0,0,0
5266,2008,0,0,0
5267,2008,0,0,0
5268,2008,0,0,0
5269,2008,0,0,0
5270,2008,0,0,0
5271,2008,0,0,0
5272,2008,0,0,0
5273,2008,0,0,0
5274,2008,0,0,0
5275,2008,0,0,0
5276,2008,0,0,0
5277,2008,0,0,0
5278,2008,0,0,0
5279,2008,0,0,0
5280,2008,0,0,0
5281,2008,0,0,0
5282,2008,0,0,0
5283,2008,0,0,0
5284,2008,0,0,0
5285,2008,0,0,0
5286,2008,0,0,0
5287,2008,0,0,0
5288,2008,0,0,0
5289,2008,0,0,0
5290,2008,0,0,0
5291,2008,0,0,0
5292,2008,0,0,0
5293,2008,0,0,0
5294,2008,0,0,0
5295,2008,0,0,0
5296,2008,0,0,0
5297,2008,0,0,0
5298,2008,0,0,0
5299,2008,0,0,0
5300,2008,0,0,0
5301,2008,0,0,0
5302,2008,0,0,0
5303,2008,0,0,0
5304,2008,0,0,0
5305,2008,0,0,0
5306,2008,0,0,0
5307,2008,0,0,0
5308,2008,0,0,0
5309,2008,0,0,0
5310,2008,0,0,0
5311,2008,0,0,0
5312,2008,0,0,0
5313,2008,0,0,0
5314,2008,0,0,0
5315,2008,0,0,0
5316,2008,0,0,0
5317,2008,0,0,0
5318,2008,0,0,0
5319,2008,0,0,0
5320,2008,0,0,0
5321,2008,0,0,0
5322,2008,0,0,0
5323,2008,0,0,0
5324,2008,0,0,0
5325,2008,0,0,0
5326,2008,0,0,0
5327,2008,0,0,0
5328,2008,0,0,0
5329,2008,0,0,0
5330,2008,0,0,0
5331,2008,0,0,0
5332,2008,0,0,0
5333,2008,0,0,0
5334,2008,0,0,0
5335,2008,0,0,0
5336,2008,0,0,0
5337,2008,0,0,0
5338,2008,0,0,0
5339,2008,0,0,0
5340,2008,0,0,0
5341,2008,0,0,0
5342,2008,0,0,0
5343,2008,0,0,0
5344,2008,0,0,0
5345,2008,0,0,0
5346,2008,0,0,0
5347,2008,0,0,0
5348,2008,0,0,0
5349,2008,0,0,0
5350,2008,0,0,0
5351,2008,0,0,0
5352,2008,0,0,0
5353,2008,0,0,0
5354,2008,0,0,0
5355,2008,0,0,0
5356,2008,0,0,0
5357,2008,0,0,0
5358,2008,0,0,0
5359,2008,0,0,0
5360,2008,0,0,0
5361,2008,0,0,0
5362,2008,0,0,0
5363,2008,0,0,0
5364,2008,0,0,0
5365,2008,0,0,0
5366,2008,0,0,0
5367,2008,0,0,0
5368,2008,0,0,0
5369,2008,0,0,0
5370,2008,0,0,0
5371,2008,0,0,0
5372,2008,0,0,0
5373,2008,0,0,0
5374,2008,0,0,0
5375,2008,0,0,0
5376,2008,0,0,0
5377,2008,0,0,0
5378,2008,0,0,0
5379,2008,0,0,0
5380,2008,0,0,0
5381,2008,0,0,0
5382,2008,0,0,0
5383,2008,0,0,0
5384,2008,0,0,0
5385,2008,0,0,0
5386,2008,0,0,0
5387,2008,0,0,0
5388,2008,0,0,0
5389,2008,0,0,0
5390,2008,0,0,0
5391,2008,0,0,0
5392,2008,0,0,0
5393,2008,0,0,0
5394,2008,0,0,0
5395,2008,0,0,0
5396,2008,0,0,0
5397,2008,0,0,0
5398,2008,0,0,0
5399,2008,0,0,0
5400,2008,0,0,0
5401,2008,0,0,0
5402,2008,0,0,0
5403,2008,0,0,0
5404,2008,0,0,0
5405,2008,0,0,0
5406,2008,0,0,0
5407,2008,0,0,0
5408,2008,0,0,0
5409,2008,0,0,0
5410,2008,0,0,0
5411,2008,0,0,0
5412,2008,0,0,0
5413,2008,0,0,0
5414,2008,0,0,0
5415,2008,0,0,0
5416,2008,0,0,0
5417,2008,0,0,0
5418,2008,0,0,0
5419,2008,0,0,0
5420,2008,0,0,0
5421,2008,0,0,0
5422,2008,0,0,0
5423,2008,0,0,0
5424,2008,0,0,0
5425,2008,0,0,0
5426,2008,0,0,0
5427,2008,0,0,0
5428,2008,0,0,0
5429,2008,0,0,0
5430,2008,0,0,0
5431,2008,0,0,0
5432,2008,0,0,0
5433,2008,0,0,0
5434,2008,0,0,0
5435,2008,0,0,0
5436,2008,0,0,0
5437,2008,0,0,0
5438,2008,0,0,0
5439,2008,0,0,0
5440,2008,0,0,0
5441,2008,0,0,0
5442,2008,0,0,0
5443,2008,0,0,0
5444,2008,0,0,0
5445,2008,0,0,0
5446,2008,0,0,0
5447,2008,0,0,0
5448,2008,0,0,0
5449,2008,0,0,0
5450,2008,0,0,0
5451,2008,0,0,0
5452,2008,0,0,0
5453,2008,0,0,0
5454,2008,0,0,0
5455,2008,0,0,0
5456,2008,0,0,0
5457,2008,0,0,0
5458,2008,0,0,0
5459,2008,0,0,0
5460,2008,0,0,0
5461,2008,0,0,0
5462,2008,0,0,0
5463,2008,0,0,0
5464,2008,0,0,0
5465,2008,0,0,0
5466,2008,0,0,0
5467,2008,0,0,0
5468,2008,0,0,0
5469,2008,0,0,0
5470,2008,0,0,0
5471,2008,0,0,0
5472,2008,0,0,0
5473,2008,0,0,0
5474,2008,0,0,0
5475,2008,0,0,0
5476,2008,0,0,0
5477,2008,0,0,0
5478,2008,0,0,0
5479,2008,0,0,0
5480,2008,0,0,0
5481,2008,0,0,0
5482,2008,0,0,0
5483,2008,0,0,0
5484,2008,0,0,0
5485,2008,0,0,0
5486,2008,0,0,0
5487,2008,0,0,0
5488,2008,0,0,0
5489,2008,0,0,0
5490,2008,0,0,0
5491,2008,0,0,0
5492,2008,0,0,0
5493,2008,0,0,0
5494,2008,0,0,0
5495,2008,0,0,0
5496,2008,0,0,0
5497,2008,0,0,0
5498,2008,0,0,0
5499,2008,0,0,0
5500,2008,0,0,0
5501,2008,0,0,0
5502,2008,0,0,0
5503,2008,0,0,0
5504,2008,0,0,0
5505,2008,0,0,0
5506,2008,0,0,0
5507,2008,0,0,0
5508,2008,0,0,0
5509,2008,0,0,0
5510,2008,0,0,0
5511,2008,0,0,0
5512,2008,0,0,0
5513,2008,0,0,0
5514,2008,0,0,0
5515,2008,0,0,0
5516,2008,0,0,0
5517,2008,0,0,0
5518,2008,0,0,0
5519,2008,0,0,0
5520,2008,0,0,0
5521,2008,0,0,0
5522,2008,0,0,0
5523,2008,0,0,0
5524,2008,0,0,0
5525,2008,0,0,0
5526,2008,0,0,0
5527,2008,0,0,0
5528,2008,0,0,0
5529,2007,0,0,0
5530,2007,0,0,0
5531,2007,0,0,0
5532,2007,0,0,0
5533,2007,0,0,0
5534,2007,0,0,0
5535,2007,0,0,0
5536,2007,0,0,0
5537,2007,0,0,0
5538,2007,0,0,0
5539,2007,0,0,0
5540,2007,0,0,0
5541,2007,0,0,0
5542,2007,0,0,0
5543,2007,0,0,0
5544,2007,0,0,0
5545,2007,0,0,0
5546,2007,0,0,0
5547,2007,0,0,0
5548,2007,0,0,0
5549,2007,0,0,0
5550,2007,0,0,0
5551,2007,0,0,0
5552,2007,0,0,0
5553,2007,0,0,0
5554,2007,0,0,0
5555,2007,0,0,0
5556,2007,0,0,0
5557,2007,0,0,0
5558,2007,0,0,0
5559,2007,0,0,0
5560,2007,0,0,0
5561,2007,0,0,0
5562,2007,0,0,0
5563,2007,0,0,0
5564,2007,0,0,0
5565,2007,0,0,0
5566,2007,0,0,0
5567,2007,0,0,0
5568,2007,0,0,0
5569,2007,0,0,0
5570,2007,0,0,0
5571,2007,0,0,0
5572,2007,0,0,0
5573,2007,0,0,0
5574,2007,0,0,0
5575,2007,0,0,0
5576,2007,0,0,0
5577,2007,0,0,0
5578,2007,0,0,0
5579,2007,0,0,0
5580,2007,0,0,0
5581,2007,0,0,0
5582,2007,0,0,0
5583,2007,0,0,0
5584,2007,0,0,0
5585,2007,0,0,0
5586,2007,0,0,0
5587,2007,0,0,0
5588,2007,0,0,0
5589,2007,0,0,0
5590,2007,0,0,0
5591,2007,0,0,0
5592,2007,0,0,0
5593,2007,0,0,0
5594,2007,0,0,0
5595,2007,0,0,0
5596,2007,0,0,0
5597,2007,0,0,0
5598,2007,0,0,0
5599,2007,0,0,0
5600,2007,0,0,0
5601,2007,0,0,0
5602,2007,0,0,0
5603,2007,0,0,0
5604,2007,0,0,0
5605,2007,0,0,0
5606,2007,0,0,0
5607,2007,0,0,0
5608,2007,0,0,0
5609,2007,0,0,0
5610,2007,0,0,0
5611,2007,0,0,0
5612,2007,0,0,0
5613,2007,0,0,0
5614,2007,0,0,0
5615,2007,0,0,0
5616,2007,0,0,0
5617,2007,0,0,0
5618,2007,0,0,0
5619,2007,0,0,0
5620,2007,0,0,0
5621,2007,0,0,0
5622,2007,0,0,0
5623,2007,0,0,0
5624,2007,0,0,0
5625,2007,0,0,0
5626,2007,0,0,0
5627,2007,0,0,0
5628,2007,0,0,0
5629,2007,0,0,0
5630,2007,0,0,0
5631,2007,0,0,0
5632,2007,0,0,0
5633,2007,0,0,0
5634,2007,0,0,0
5635,2007,0,0,0
5636,2007,0,0,0
5637,2007,0,0,0
5638,2007,0,0,0
5639,2007,0,0,0
5640,2007,0,0,0
5641,2007,0,0,0
5642,2007,0,0,0
5643,2007,0,0,0
5644,2007,0,0,0
5645,2007,0,0,0
5646,2007,0,0,0
5647,2007,0,0,0
5648,2007,0,0,0
5649,2007,0,0,0
5650,2007,0,0,0
5651,2007,0,0,0
5652,2007,0,0,0
5653,2007,0,0,0
5654,2007,0,0,0
5655,2007,0,0,0
5656,2007,0,0,0
5657,2007,0,0,0
5658,2007,0,0,0
5659,2007,0,0,0
5660,2007,0,0,0
5661,2007,0,0,0
5662,2007,0,0,0
5663,2007,0,0,0
5664,2007,0,0,0
5665,2007,0,0,0
5666,2007,0,0,0
5667,2007,0,0,0
5668,2007,0,0,0
5669,2007,0,0,0
5670,2007,0,0,0
5671,2007,0,0,0
5672,2007,0,0,0
5673,2007,0,0,0
5674,2007,0,0,0
5675,2007,0,0,0
5676,2007,0,0,0
5677,2007,0,0,0
5678,2007,0,0,0
5679,2007,0,0,0
5680,2007,0,0,0
5681,2007,0,0,0
5682,2007,0,0,0
5683,2007,0,0,0
5684,2007,0,0,0
5685,2007,0,0,0
5686,2007,0,0,0
5687,2007,0,0,0
5688,2007,0,0,0
5689,2007,0,0,0
5690,2007,0,0,0
5691,2007,0,0,0
5692,2007,0,0,0
5693,2007,0,0,0
5694,2007,0,0,0
5695,2007,0,0,0
5696,2007,0,0,0
5697,2007,0,0,0
5698,2007,0,0,0
5699,2007,0,0,0
5700,2007,0,0,0
5701,2007,0,0,0
5702,2007,0,0,0
5703,2007,0,0,0
5704,2007,0,0,0
5705,2007,0,0,0
5706,2007,0,0,0
5707,2007,0,0,0
5708,2007,0,0,0
5709,2007,0,0,0
5710,2007,0,0,0
5711,2007,0,0,0
5712,2007,0,0,0
5713,2007,0,0,0
5714,2007,0,0,0
5715,2007,0,0,0
5716,2007,0,0,0
5717,2007,0,0,0
5718,2007,0,0,0
5719,2007,0,0,0
5720,2007,0,0,0
5721,2007,0,0,0
5722,2007,0,0,0
5723,2007,0,0,0
5724,2007,0,0,0
5725,2007,0,0,0
5726,2007,0,0,0
5727,2007,0,0,0
5728,2007,0,0,0
5729,2007,0,0,0
5730,2007,0,0,0
5731,2007,0,0,0
5732,2007,0,0,0
5733,2007,0,0,0
5734,2007,0,0,0
5735,2007,0,0,0
5736,2007,0,0,0
5737,2007,0,0,0
5738,2007,0,0,0
5739,2007,0,0,0
5740,2007,0,0,0
5741,2007,0,0,0
5742,2007,0,0,0
5743,2007,0,0,0
5744,2007,0,0,0
5745,2007,0,0,0
5746,2007,0,0,0
5747,2007,0,0,0
5748,2007,0,0,0
5749,2007,0,0,0
5750,2007,0,0,0
5751,2007,0,0,0
5752,2007,0,0,0
5753,2007,0,0,0
5754,2007,0,0,0
5755,2007,0,0,0
5756,2007,0,0,0
5757,2007,0,0,0
5758,2007,0,0,0
5759,2007,0,0,0
5760,2007,0,0,0
5761,2007,0,0,0
5762,2007,0,0,0
5763,2007,0,0,0
5764,2007,0,0,0
5765,2007,0,0,0
5766,2007,0,0,0
5767,2007,0,0,0
5768,2007,0,0,0
5769,2007,0,0,0
5770,2007,0,0,0
5771,2007,0,0,0
5772,2007,0,0,0
5773,2007,0,0,0
5774,2007,0,0,0
5775,2007,0,0,0
5776,2007,0,0,0
5777,2007,0,0,0
5778,2007,0,0,0
5779,2007,0,0,0
5780,2007,0,0,0
5781,2007,0,0,0
5782,2007,0,0,0
5783,2007,0,0,0
5784,2007,0,0,0
5785,2007,0,0,0
5786,2007,0,0,0
5787,2007,0,0,0
5788,2007,0,0,0
5789,2007,0,0,0
5790,2007,0,0,0
5791,2007,0,0,0
5792,2007,0,0,0
5793,2007,0,0,0
5794,2007,0,0,0
5795,2007,0,0,0
5796,2007,0,0,0
5797,2007,0,0,0
5798,2007,0,0,0
5799,2007,0,0,0
5800,2007,0,0,0
5801,2007,0,0,0
5802,2007,0,0,0
5803,2007,0,0,0
5804,2007,0,0,0
5805,2007,0,0,0
5806,2007,0,0,0
5807,2007,0,0,0
5808,2007,0,0,0
5809,2007,0,0,0
5810,2007,0,0,0
5811,2007,0,0,0
5812,2007,0,0,0
5813,2007,0,0,0
5814,2007,0,0,0
5815,2007,0,0,0
5816,2007,0,0,0
5817,2007,0,0,0
5818,2007,0,0,0
5819,2007,0,0,0
5820,2007,0,0,0
5821,2007,0,0,0
5822,2007,0,0,0
5823,2007,0,0,0
5824,2007,0,0,0
5825,2007,0,0,0
5826,2007,0,0,0
5827,2007,0,0,0
5828,2006,0,0,0
5829,2006,0,0,0
5830,2006,0,0,0
5831,2006,0,0,0
5832,2006,0,0,0
5833,2006,0,0,0
5834,2006,0,0,0
5835,2006,0,0,0
5836,2006,0,0,0
5837,2006,0,0,0
5838,2006,0,0,0
5839,2006,0,0,0
5840,2006,0,0,0
5841,2006,0,0,0
5842,2006,0,0,0
5843,2006,0,0,0
5844,2006,0,0,0
5845,2006,0,0,0
5846,2006,0,0,0
5847,2006,0,0,0
5848,2006,0,0,0
5849,2006,0,0,0
5850,2006,0,0,0
5851,2006,0,0,0
5852,2006,0,0,0
5853,2006,0,0,0
5854,2006,0,0,0
5855,2006,0,0,0
5856,2006,0,0,0
5857,2006,0,0,0
5858,2006,0,0,0
5859,2006,0,0,0
5860,2006,0,0,0
5861,2006,0,0,0
5862,2006,0,0,0
5863,2006,0,0,0
5864,2006,0,0,0
5865,2006,0,0,0
5866,2006,0,0,0
5867,2006,0,0,0
5868,2006,0,0,0
5869,2006,0,0,0
5870,2006,0,0,0
5871,2006,0,0,0
5872,2006,0,0,0
5873,2006,0,0,0
5874,2006,0,0,0
5875,2006,0,0,0
5876,2006,0,0,0
5877,2006,0,0,0
5878,2006,0,0,0
5879,2006,0,0,0
5880,2006,0,0,0
5881,2006,0,0,0
5882,2006,0,0,0
5883,2006,0,0,0
5884,2006,0,0,0
5885,2006,0,0,0
5886,2006,0,0,0
5887,2006,0,0,0
5888,2006,0,0,0
5889,2006,0,0,0
5890,2006,0,0,0
5891,2006,0,0,0
5892,2006,0,0,0
5893,2006,0,0,0
5894,2006,0,0,0
5895,2006,0,0,0
5896,2006,0,0,0
5897,2006,0,0,0
5898,2006,0,0,0
5899,2006,0,0,0
5900,2006,0,0,0
5901,2006,0,0,0
5902,2006,0,0,0
5903,2006,0,0,0
5904,2006,0,0,0
5905,2006,0,0,0
5906,2006,0,0,0
5907,2006,0,0,0
5908,2006,0,0,0
5909,2006,0,0,0
5910,2006,0,0,0
5911,2006,0,0,0
5912,2006,0,0,0
5913,2006,0,0,0
5914,2006,0,0,0
5915,2006,0,0,0
5916,2006,0,0,0
5917,2006,0,0,0
5918,2006,0,0,0
5919,2006,0,0,0
5920,2006,0,0,0
5921,2006,0,0,0
5922,2006,0,0,0
5923,2006,0,0,0
5924,2006,0,0,0
5925,2006,0,0,0
5926,2006,0,0,0
5927,2006,0,0,0
5928,2006,0,0,0
5929,2006,0,0,0
5930,2006,0,0,0
5931,2006,0,0,0
5932,2006,0,0,0
5933,2006,0,0,0
5934,2006,0,0,0
5935,2006,0,0,0
5936,2006,0,0,0
5937,2006,0,0,0
5938,2006,0,0,0
5939,2006,0,0,0
5940,2006,0,0,0
5941,2006,0,0,0
5942,2006,0,0,0
5943,2006,0,0,0
5944,2006,0,0,0
5945,2006,0,0,0
5946,2006,0,0,0
5947,2006,0,0,0
5948,2006,0,0,0
5949,2006,0,0,0
5950,2006,0,0,0
5951,2006,0,0,0
5952,2006,0,0,0
5953,2006,0,0,0
5954,2006,0,0,0
5955,2006,0,0,0
5956,2006,0,0,0
5957,2006,0,0,0
5958,2006,0,0,0
5959,2006,0,0,0
5960,2006,0,0,0
5961,2006,0,0,0
5962,2006,0,0,0
5963,2006,0,0,0
5964,2006,0,0,0
5965,2006,0,0,0
5966,2006,0,0,0
5967,2006,0,0,0
5968,2006,0,0,0
5969,2006,0,0,0
5970,2006,0,0,0
5971,2006,0,0,0
5972,2006,0,0,0
5973,2006,0,0,0
5974,2006,0,0,0
5975,2006,0,0,0
5976,2006,0,0,0
5977,2006,0,0,0
5978,2006,0,0,0
5979,2006,0,0,0
5980,2006,0,0,0
5981,2006,0,0,0
5982,2006,0,0,0
5983,2006,0,0,0
5984,2006,0,0,0
5985,2006,0,0,0
5986,2006,0,0,0
5987,2006,0,0,0
5988,2006,0,0,0
5989,2006,0,0,0
5990,2006,0,0,0
5991,2006,0,0,0
5992,2006,0,0,0
5993,2006,0,0,0
5994,2006,0,0,0
5995,2006,0,0,0
5996,2006,0,0,0
5997,2006,0,0,0
5998,2006,0,0,0
5999,2006,0,0,0
6000,2006,0,0,0
6001,2006,0,0,0
6002,2006,0,0,0
6003,2006,0,0,0
6004,2006,0,0,0
6005,2006,0,0,0
6006,2006,0,0,0
6007,2006,0,0,0
6008,2006,0,0,0
6009,2006,0,0,0
6010,2006,0,0,0
6011,2006,0,0,0
6012,2006,0,0,0
6013,2006,0,0,0
6014,2006,0,0,0
6015,2006,0,0,0
6016,2006,0,0,0
6017,2006,0,0,0
6018,2006,0,0,0
6019,2006,0,0,0
6020,2006,0,0,0
6021,2006,0,0,0
6022,2006,0,0,0
6023,2006,0,0,0
6024,2006,0,0,0
6025,2006,0,0,0
6026,2006,0,0,0
6027,2006,0,0,0
6028,2006,0,0,0
6029,2006,0,0,0
6030,2006,0,0,0
6031,2006,0,0,0
6032,2006,0,0,0
6033,2006,0,0,0
6034,2006,0,0,0
6035,2006,0,0,0
6036,2006,0,0,0
6037,2006,0,0,0
6038,2006,0,0,0
6039,2006,0,0,0
6040,2006,0,0,0
6041,2006,0,0,0
6042,2006,0,0,0
6043,2006,0,0,0
6044,2006,0,0,0
6045,2006,0,0,0
6046,2006,0,0,0
6047,2006,0,0,0
6048,2006,0,0,0
6049,2006,0,0,0
6050,2006,0,0,0
6051,2006,0,0,0
6052,2006,0,0,0
6053,2006,0,0,0
6054,2006,0,0,0
6055,2006,0,0,0
6056,2006,0,0,0
6057,2006,0,0,0
6058,2006,0,0,0
6059,2006,0,0,0
6060,2006,0,0,0
6061,2006,0,0,0
6062,2006,0,0,0
6063,2006,0,0,0
6064,2006,0,0,0
6065,2006,0,0,0
6066,2006,0,0,0
6067,2006,0,0,0
6068,2006,0,0,0
6069,2006,0,0,0
6070,2006,0,0,0
6071,2006,0,0,0
6072,2006,0,0,0
6073,2006,0,0,0
6074,2006,0,0,0
6075,2006,0,0,0
6076,2006,0,0,0
6077,2006,0,0,0
6078,2006,0,0,0
6079,2006,0,0,0
6080,2006,0,0,0
6081,2006,0,0,0
6082,2006,0,0,0
6083,2006,0,0,0
6084,2006,0,0,0
6085,2006,0,0,0
6086,2006,0,0,0
6087,2006,0,0,0
6088,2006,0,0,0
6089,2006,0,0,0
6090,2006,0,0,0
6091,2006,0,0,0
6092,2006,0,0,0
6093,2006,0,0,0
6094,2006,0,0,0
6095,2006,0,0,0
6096,2006,0,0,0
6097,2006,0,0,0
6098,2006,0,0,0
6099,2006,0,0,0
6100,2006,0,0,0
6101,2006,0,0,0
6102,2006,0,0,0
6103,2006,0,0,0
6104,2006,0,0,0
6105,2006,0,0,0
6106,2006,0,0,0
6107,2006,0,0,0
6108,2006,0,0,0
6109,2006,0,0,0
6110,2006,0,0,0
6111,2006,0,0,0
6112,2006,0,0,0
6113,2006,0,0,0
6114,2006,0,0,0
6115,2006,0,0,0
6116,2006,0,0,0
6117,2006,0,0,0
6118,2006,0,0,0
6119,2006,0,0,0
6120,2006,0,0,0
6121,2006,0,0,0
6122,2006,0,0,0
6123,2006,0,0,0
6124,2006,0,0,0
6125,2006,0,0,0
6126,2006,0,0,0
6127,2006,0,0,0
6128,2006,0,0,0
6129,2006,0,0,0
6130,2006,0,0,0
6131,2006,0,0,0
6132,2006,0,0,0
6133,2006,0,0,0
6134,2006,0,0,0
6135,2006,0,0,0
6136,2006,0,0,0
6137,2006,0,0,0
6138,2006,0,0,0
6139,2006,0,0,0
6140,2006,0,0,0
6141,2006,0,0,0
6142,2006,0,0,0
6143,2006,0,0,0
6144,2006,0,0,0
6145,2006,0,0,0
6146,2006,0,0,0
6147,2006,0,0,0
6148,2006,0,0,0
6149,2006,0,0,0
6150,2006,0,0,0
6151,2006,0,0,0
6152,2006,0,0,0
6153,2006,0,0,0
6154,2006,0,0,0
6155,2006,0,0,0
6156,2006,0,0,0
6157,2006,0,0,0
6158,2005,0,0,0
6159,2005,0,0,0
6160,2005,0,0,0
6161,2005,0,0,0
6162,2005,0,0,0
6163,2005,0,0,0
6164,2005,0,0,0
6165,2005,0,0,0
6166,2005,0,0,0
6167,2005,0,0,0
6168,2005,0,0,0
6169,2005,0,0,0
6170,2005,0,0,0
6171,2005,0,0,0
6172,2005,0,0,0
6173,2005,0,0,0
6174,2005,0,0,0
6175,2005,0,0,0
6176,2005,0,0,0
6177,2005,0,0,0
6178,2005,0,0,0
6179,2005,0,0,0
6180,2005,0,0,0
6181,2005,0,0,0
6182,2005,0,0,0
6183,2005,0,0,0
6184,2005,0,0,0
6185,2005,0,0,0
6186,2005,0,0,0
6187,2005,0,0,0
6188,2005,0,0,0
6189,2005,0,0,0
6190,2005,0,0,0
6191,2005,0,0,0
6192,2005,0,0,0
6193,2005,0,0,0
6194,2005,0,0,0
6195,2005,0,0,0
6196,2005,0,0,0
6197,2005,0,0,0
6198,2005,0,0,0
6199,2005,0,0,0
6200,2005,0,0,0
6201,2005,0,0,0
6202,2005,0,0,0
6203,2005,0,0,0
6204,2005,0,0,0
6205,2005,0,0,0
6206,2005,0,0,0
6207,2005,0,0,0
6208,2005,0,0,0
6209,2005,0,0,0
6210,2005,0,0,0
6211,2005,0,0,0
6212,2005,0,0,0
6213,2005,0,0,0
6214,2005,0,0,0
6215,2005,0,0,0
6216,2005,0,0,0
6217,2005,0,0,0
6218,2005,0,0,0
6219,2005,0,0,0
6220,2005,0,0,0
6221,2005,0,0,0
6222,2005,0,0,0
6223,2005,0,0,0
6224,2005,0,0,0
6225,2005,0,0,0
6226,2005,0,0,0
6227,2005,0,0,0
6228,2005,0,0,0
6229,2005,0,0,0
6230,2005,0,0,0
6231,2005,0,0,0
6232,2005,0,0,0
6233,2005,0,0,0
6234,2005,0,0,0
6235,2005,0,0,0
6236,2005,0,0,0
6237,2005,0,0,0
6238,2005,0,0,0
6239,2005,0,0,0
6240,2005,0,0,0
6241,2005,0,0,0
6242,2005,0,0,0
6243,2005,0,0,0
6244,2005,0,0,0
6245,2005,0,0,0
6246,2005,0,0,0
6247,2005,0,0,0
6248,2005,0,0,0
6249,2005,0,0,0
6250,2005,0,0,0
6251,2005,0,0,0
6252,2005,0,0,0
6253,2005,0,0,0
6254,2005,0,0,0
6255,2005,0,0,0
6256,2005,0,0,0
6257,2005,0,0,0
6258,2005,0,0,0
6259,2005,0,0,0
6260,2005,0,0,0
6261,2005,0,0,0
6262,2005,0,0,0
6263,2005,0,0,0
6264,2005,0,0,0
6265,2005,0,0,0
6266,2005,0,0,0
6267,2005,0,0,0
6268,2005,0,0,0
6269,2005,0,0,0
6270,2005,0,0,0
6271,2005,0,0,0
6272,2005,0,0,0
6273,2005,0,0,0
6274,2005,0,0,0
6275,2005,0,0,0
6276,2005,0,0,0
6277,2005,0,0,0
6278,2005,0,0,0
6279,2005,0,0,0
6280,2005,0,0,0
6281,2005,0,0,0
6282,2005,0,0,0
6283,2005,0,0,0
6284,2005,0,0,0
6285,2005,0,0,0
6286,2005,0,0,0
6287,2005,0,0,0
6288,2005,0,0,0
6289,2005,0,0,0
6290,2005,0,0,0
6291,2005,0,0,0
6292,2005,0,0,0
6293,2005,0,0,0
6294,2005,0,0,0
6295,2005,0,0,0
6296,2005,0,0,0
6297,2005,0,0,0
6298,2005,0,0,0
6299,2005,0,0,0
6300,2005,0,0,0
6301,2005,0,0,0
6302,2005,0,0,0
6303,2005,0,0,0
6304,2005,0,0,0
6305,2005,0,0,0
6306,2005,0,0,0
6307,2005,0,0,0
6308,2005,0,0,0
6309,2005,0,0,0
6310,2005,0,0,0
6311,2005,0,0,0
6312,2005,0,0,0
6313,2005,0,0,0
6314,2005,0,0,0
6315,2005,0,0,0
6316,2005,0,0,0
6317,2005,0,0,0
6318,2005,0,0,0
6319,2005,0,0,0
6320,2005,0,0,0
6321,2005,0,0,0
6322,2005,0,0,0
6323,2005,0,0,0
6324,2005,0,0,0
6325,2005,0,0,0
6326,2005,0,0,0
6327,2005,0,0,0
6328,2005,0,0,0
6329,2005,0,0,0
6330,2005,0,0,0
6331,2005,0,0,0
6332,2005,0,0,0
6333,2005,0,0,0
6334,2005,0,0,0
6335,2005,0,0,0
6336,2005,0,0,0
6337,2005,0,0,0
6338,2005,0,0,0
6339,2005,0,0,0
6340,2005,0,0,0
6341,2005,0,0,0
6342,2005,0,0,0
6343,2005,0,0,0
6344,2005,0,0,0
6345,2005,0,0,0
6346,2005,0,0,0
6347,2005,0,0,0
6348,2005,0,0,0
6349,2005,0,0,0
6350,2005,0,0,0
6351,2005,0,0,0
6352,2005,0,0,0
6353,2005,0,0,0
6354,2005,0,0,0
6355,2005,0,0,0
6356,2005,0,0,0
6357,2005,0,0,0
6358,2005,0,0,0
6359,2005,0,0,0
6360,2005,0,0,0
6361,2005,0,0,0
6362,2005,0,0,0
6363,2005,0,0,0
6364,2005,0,0,0
6365,2005,0,0,0
6366,2005,0,0,0
6367,2005,0,0,0
6368,2005,0,0,0
6369,2005,0,0,0
6370,2005,0,0,0
6371,2005,0,0,0
6372,2005,0,0,0
6373,2005,0,0,0
6374,2005,0,0,0
6375,2005,0,0,0
6376,2005,0,0,0
6377,2005,0,0,0
6378,2005,0,0,0
6379,2005,0,0,0
6380,2005,0,0,0
6381,2005,0,0,0
6382,2005,0,0,0
6383,2005,0,0,0
6384,2005,0,0,0
6385,2005,0,0,0
6386,2005,0,0,0
6387,2005,0,0,0
6388,2005,0,0,0
6389,2005,0,0,0
6390,2005,0,0,0
6391,2005,0,0,0
6392,2005,0,0,0
6393,2005,0,0,0
6394,2005,0,0,0
6395,2005,0,0,0
6396,2005,0,0,0
6397,2005,0,0,0
6398,2005,0,0,0
6399,2005,0,0,0
6400,2005,0,0,0
6401,2005,0,0,0
6402,2005,0,0,0
6403,2005,0,0,0
6404,2005,0,0,0
6405,2005,0,0,0
6406,2005,0,0,0
6407,2005,0,0,0
6408,2005,0,0,0
6409,2005,0,0,0
6410,2005,0,0,0
6411,2005,0,0,0
6412,2005,0,0,0
6413,2005,0,0,0
6414,2005,0,0,0
6415,2005,0,0,0
6416,2005,0,0,0
6417,2005,0,0,0
6418,2005,0,0,0
6419,2005,0,0,0
6420,2005,0,0,0
6421,2005,0,0,0
6422,2005,0,0,0
6423,2005,0,0,0
6424,2005,0,0,0
6425,2005,0,0,0
6426,2005,0,0,0
6427,2005,0,0,0
6428,2005,0,0,0
6429,2005,0,0,0
6430,2005,0,0,0
6431,2005,0,0,0
6432,2005,0,0,0
6433,2005,0,0,0
6434,2005,0,0,0
6435,2005,0,0,0
6436,2005,0,0,0
6437,2005,0,0,0
6438,2005,0,0,0
6439,2005,0,0,0
6440,2005,0,0,0
6441,2005,0,0,0
6442,2005,0,0,0
6443,2005,0,0,0
6444,2005,0,0,0
6445,2005,0,0,0
6446,2005,0,0,0
6447,2005,0,0,0
6448,2005,0,0,0
6449,2005,0,0,0
6450,2005,0,0,0
6451,2005,0,0,0
6452,2005,0,0,0
6453,2005,0,0,0
6454,2005,0,0,0
6455,2005,0,0,0
6456,2005,0,0,0
6457,2005,0,0,0
6458,2005,0,0,0
6459,2005,0,0,0
6460,2005,0,0,0
6461,2005,0,0,0
6462,2005,0,0,0
6463,2005,0,0,0
6464,2005,0,0,0
6465,2005,0,0,0
6466,2005,0,0,0
6467,2005,0,0,0
6468,2005,0,0,0
6469,2005,0,0,0
6470,2005,0,0,0
6471,2005,0,0,0
6472,2005,0,0,0
6473,2005,0,0,0
6474,2005,0,0,0
6475,2005,0,0,0
6476,2005,0,0,0
6477,2005,0,0,0
6478,2005,0,0,0
6479,2005,0,0,0
6480,2005,0,0,0
6481,2005,0,0,0
6482,2005,0,0,0
6483,2005,0,0,0
6484,2005,0,0,0
6485,2005,0,0,0
6486,2005,0,0,0
6487,2005,0,0,0
6488,2005,0,0,0
6489,2005,0,0,0
6490,2005,0,0,0
6491,2005,0,0,0
6492,2005,0,0,0
6493,2005,0,0,0
6494,2005,0,0,0
6495,2005,0,0,0
6496,2005,0,0,0
6497,2005,0,0,0
6498,2005,0,0,0
6499,2005,0,0,0
6500,2005,0,0,0
6501,2005,0,0,0
6502,2005,0,0,0
6503,2005,0,0,0
6504,2005,0,0,0
6505,2005,0,0,0
6506,2005,0,0,0
6507,2005,0,0,0
6508,2005,0,0,0
6509,2005,0,0,0
6510,2005,0,0,0
6511,2005,0,0,0
6512,2005,0,0,0
6513,2005,0,0,0
6514,2005,0,0,0
6515,2005,0,0,0
6516,2005,0,0,0
6517,2005,0,0,0
6518,2005,0,0,0
6519,2005,0,0,0
6520,2005,0,0,0
6521,2005,0,0,0
6522,2005,0,0,0
6523,2005,0,0,0
6524,2005,0,0,0
6525,2005,0,0,0
6526,2005,0,0,0
6527,2005,0,0,0
6528,2005,0,0,0
6529,2005,0,0,0
6530,2005,0,0,0
6531,2005,0,0,0
6532,2005,0,0,0
6533,2005,0,0,0
6534,2005,0,0,0
6535,2005,0,0,0
6536,2005,0,0,0
6537,2005,0,0,0
6538,2005,0,0,0
6539,2005,0,0,0
6540,2005,0,0,0
6541,2005,0,0,0
6542,2005,0,0,0
6543,2005,0,0,0
6544,2005,0,0,0
6545,2005,0,0,0
6546,2005,0,0,0
6547,2005,0,0,0
6548,2005,0,0,0
6549,2005,0,0,0
6550,2005,0,0,0
6551,2005,0,0,0
6552,2005,0,0,0
6553,2005,0,0,0
6554,2005,0,0,0
6555,2005,0,0,0
6556,2005,0,0,0
6557,2005,0,0,0
6558,2005,0,0,0
6559,2005,0,0,0
6560,2005,0,0,0
6561,2005,0,0,0
6562,2005,0,0,0
6563,2005,0,0,0
6564,2005,0,0,0
6565,2005,0,0,0
6566,2005,0,0,0
6567,2005,0,0,0
6568,2005,0,0,0
6569,2005,0,0,0
6570,2005,0,0,0
6571,2005,0,0,0
6572,2005,0,0,0
6573,2005,0,0,0
6574,2005,0,0,0
6575,2005,0,0,0
6576,2005,0,0,0
6577,2005,0,0,0
6578,2005,0,0,0
6579,2005,0,0,0
6580,2005,0,0,0
6581,2005,0,0,0
6582,2005,0,0,0
6583,2005,0,0,0
6584,2005,0,0,0
6585,2005,0,0,0
6586,2004,0,0,0
6587,2004,0,0,0
6588,2004,0,0,0
6589,2004,0,0,0
6590,2004,0,0,0
6591,2004,0,0,0
6592,2004,0,0,0
6593,2004,0,0,0
6594,2004,0,0,0
6595,2004,0,0,0
6596,2004,0,0,0
6597,2004,0,0,0
6598,2004,0,0,0
6599,2004,0,0,0
6600,2004,0,0,0
6601,2004,0,0,0
6602,2004,0,0,0
6603,2004,0,0,0
6604,2004,0,0,0
6605,2004,0,0,0
6606,2004,0,0,0
6607,2004,0,0,0
6608,2004,0,0,0
6609,2004,0,0,0
6610,2004,0,0,0
6611,2004,0,0,0
6612,2004,0,0,0
6613,2004,0,0,0
6614,2004,0,0,0
6615,2004,0,0,0
6616,2004,0,0,0
6617,2004,0,0,0
6618,2004,0,0,0
6619,2004,0,0,0
6620,2004,0,0,0
6621,2004,0,0,0
6622,2004,0,0,0
6623,2004,0,0,0
6624,2004,0,0,0
6625,2004,0,0,0
6626,2004,0,0,0
6627,2004,0,0,0
6628,2004,0,0,0
6629,2004,0,0,0
6630,2004,0,0,0
6631,2004,0,0,0
6632,2004,0,0,0
6633,2004,0,0,0
6634,2004,0,0,0
6635,2004,0,0,0
6636,2004,0,0,0
6637,2004,0,0,0
6638,2004,0,0,0
6639,2004,0,0,0
6640,2004,0,0,0
6641,2004,0,0,0
6642,2004,0,0,0
6643,2004,0,0,0
6644,2004,0,0,0
6645,2004,0,0,0
6646,2004,0,0,0
6647,2004,0,0,0
6648,2004,0,0,0
6649,2004,0,0,0
6650,2004,0,0,0
6651,2004,0,0,0
6652,2004,0,0,0
6653,2004,0,0,0
6654,2004,0,0,0
6655,2004,0,0,0
6656,2004,0,0,0
6657,2004,0,0,0
6658,2004,0,0,0
6659,2004,0,0,0
6660,2004,0,0,0
6661,2004,0,0,0
6662,2004,0,0,0
6663,2004,0,0,0
6664,2004,0,0,0
6665,2004,0,0,0
6666,2004,0,0,0
6667,2004,0,0,0
6668,2004,0,0,0
6669,2004,0,0,0
6670,2004,0,0,0
6671,2004,0,0,0
6672,2004,0,0,0
6673,2004,0,0,0
6674,2004,0,0,0
6675,2004,0,0,0
6676,2004,0,0,0
6677,2004,0,0,0
6678,2004,0,0,0
6679,2004,0,0,0
6680,2004,0,0,0
6681,2004,0,0,0
6682,2004,0,0,0
6683,2004,0,0,0
6684,2004,0,0,0
6685,2004,0,0,0
6686,2004,0,0,0
6687,2004,0,0,0
6688,2004,0,0,0
6689,2004,0,0,0
6690,2004,0,0,0
6691,2004,0,0,0
6692,2004,0,0,0
6693,2004,0,0,0
6694,2004,0,0,0
6695,2004,0,0,0
6696,2004,0,0,0
6697,2004,0,0,0
6698,2004,0,0,0
6699,2004,0,0,0
6700,2004,0,0,0
6701,2004,0,0,0
6702,2004,0,0,0
6703,2004,0,0,0
6704,2004,0,0,0
6705,2004,0,0,0
6706,2004,0,0,0
6707,2004,0,0,0
6708,2004,0,0,0
6709,2004,0,0,0
6710,2004,0,0,0
6711,2004,0,0,0
6712,2004,0,0,0
6713,2004,0,0,0
6714,2004,0,0,0
6715,2004,0,0,0
6716,2004,0,0,0
6717,2004,0,0,0
6718,2004,0,0,0
6719,2004,0,0,0
6720,2004,0,0,0
6721,2004,0,0,0
6722,2004,0,0,0
6723,2004,0,0,0
6724,2004,0,0,0
6725,2004,0,0,0
6726,2004,0,0,0
6727,2004,0,0,0
6728,2004,0,0,0
6729,2004,0,0,0
6730,2004,0,0,0
6731,2004,0,0,0
6732,2004,0,0,0
6733,2004,0,0,0
6734,2004,0,0,0
6735,2004,0,0,0
6736,2004,0,0,0
6737,2004,0,0,0
6738,2004,0,0,0
6739,2004,0,0,0
6740,2004,0,0,0
6741,2004,0,0,0
6742,2004,0,0,0
6743,2004,0,0,0
6744,2004,0,0,0
6745,2004,0,0,0
6746,2004,0,0,0
6747,2004,0,0,0
6748,2004,0,0,0
6749,2004,0,0,0
6750,2004,0,0,0
6751,2004,0,0,0
6752,2004,0,0,0
6753,2004,0,0,0
6754,2004,0,0,0
6755,2004,0,0,0
6756,2004,0,0,0
6757,2004,0,0,0
6758,2004,0,0,0
6759,2004,0,0,0
6760,2004,0,0,0
6761,2004,0,0,0
6762,2004,0,0,0
6763,2004,0,0,0
6764,2004,0,0,0
6765,2004,0,0,0
6766,2004,0,0,0
6767,2004,0,0,0
6768,2004,0,0,0
6769,2004,0,0,0
6770,2004,0,0,0
6771,2004,0,0,0
6772,2004,0,0,0
6773,2004,0,0,0
6774,2004,0,0,0
6775,2004,0,0,0
6776,2004,0,0,0
6777,2004,0,0,0
6778,2004,0,0,0
6779,2004,0,0,0
6780,2004,0,0,0
6781,2004,0,0,0
6782,2004,0,0,0
6783,2004,0,0,0
6784,2004,0,0,0
6785,2004,0,0,0
6786,2004,0,0,0
6787,2004,0,0,0
6788,2004,0,0,0
6789,2004,0,0,0
6790,2004,0,0,0
6791,2004,0,0,0
6792,2004,0,0,0
6793,2004,0,0,0
6794,2004,0,0,0
6795,2004,0,0,0
6796,2004,0,0,0
6797,2004,0,0,0
6798,2004,0,0,0
6799,2004,0,0,0
6800,2004,0,0,0
6801,2004,0,0,0
6802,2004,0,0,0
6803,2004,0,0,0
6804,2004,0,0,0
6805,2004,0,0,0
6806,2004,0,0,0
6807,2004,0,0,0
6808,2004,0,0,0
6809,2004,0,0,0
6810,2004,0,0,0
6811,2004,0,0,0
6812,2004,0,0,0
6813,2004,0,0,0
6814,2004,0,0,0
6815,2004,0,0,0
6816,2004,0,0,0
6817,2004,0,0,0
6818,2004,0,0,0
6819,2004,0,0,0
6820,2004,0,0,0
6821,2004,0,0,0
6822,2004,0,0,0
6823,2004,0,0,0
6824,2004,0,0,0
6825,2004,0,0,0
6826,2004,0,0,0
6827,2004,0,0,0
6828,2004,0,0,0
6829,2004,0,0,0
6830,2004,0,0,0
6831,2004,0,0,0
6832,2004,0,0,0
6833,2004,0,0,0
6834,2004,0,0,0
6835,2004,0,0,0
6836,2004,0,0,0
6837,2004,0,0,0
6838,2004,0,0,0
6839,2004,0,0,0
6840,2004,0,0,0
6841,2004,0,0,0
6842,2004,0,0,0
6843,2004,0,0,0
6844,2004,0,0,0
6845,2004,0,0,0
6846,2004,0,0,0
6847,2004,0,0,0
6848,2004,0,0,0
6849,2004,0,0,0
6850,2004,0,0,0
6851,2004,0,0,0
6852,2004,0,0,0
6853,2004,0,0,0
6854,2004,0,0,0
6855,2004,0,0,0
6856,2004,0,0,0
6857,2004,0,0,0
6858,2004,0,0,0
6859,2004,0,0,0
6860,2004,0,0,0
6861,2004,0,0,0
6862,2004,0,0,0
6863,2004,0,0,0
6864,2004,0,0,0
6865,2004,0,0,0
6866,2004,0,0,0
6867,2004,0,0,0
6868,2004,0,0,0
6869,2004,0,0,0
6870,2004,0,0,0
6871,2004,0,0,0
6872,2004,0,0,0
6873,2004,0,0,0
6874,2004,0,0,0
6875,2004,0,0,0
6876,2004,0,0,0
6877,2004,0,0,0
6878,2004,0,0,0
6879,2004,0,0,0
6880,2004,0,0,0
6881,2004,0,0,0
6882,2004,0,0,0
6883,2004,0,0,0
6884,2004,0,0,0
6885,2004,0,0,0
6886,2004,0,0,0
6887,2004,0,0,0
6888,2004,0,0,0
6889,2004,0,0,0
6890,2004,0,0,0
6891,2004,0,0,0
6892,2004,0,0,0
6893,2004,0,0,0
6894,2004,0,0,0
6895,2004,0,0,0
6896,2004,0,0,0
6897,2004,0,0,0
6898,2004,0,0,0
6899,2004,0,0,0
6900,2004,0,0,0
6901,2004,0,0,0
6902,2004,0,0,0
6903,2004,0,0,0
6904,2004,0,0,0
6905,2004,0,0,0
6906,2004,0,0,0
6907,2004,0,0,0
6908,2004,0,0,0
6909,2004,0,0,0
6910,2004,0,0,0
6911,2004,0,0,0
6912,2004,0,0,0
6913,2004,0,0,0
6914,2004,0,0,0
6915,2004,0,0,0
6916,2004,0,0,0
6917,2004,0,0,0
6918,2004,0,0,0
6919,2004,0,0,0
6920,2004,0,0,0
6921,2004,0,0,0
6922,2004,0,0,0
6923,2004,0,0,0
6924,2004,0,0,0
6925,2004,0,0,0
6926,2004,0,0,0
6927,2004,0,0,0
6928,2004,0,0,0
6929,2004,0,0,0
6930,2004,0,0,0
6931,2004,0,0,0
6932,2004,0,0,0
6933,2004,0,0,0
6934,2004,0,0,0
6935,2004,0,0,0
6936,2004,0,0,0
6937,2004,0,0,0
6938,2004,0,0,0
6939,2004,0,0,0
6940,2004,0,0,0
6941,2004,0,0,0
6942,2004,0,0,0
6943,2004,0,0,0
6944,2004,0,0,0
6945,2004,0,0,0
6946,2004,0,0,0
6947,2004,0,0,0
6948,2004,0,0,0
6949,2004,0,0,0
6950,2004,0,0,0
6951,2004,0,0,0
6952,2004,0,0,0
6953,2004,0,0,0
6954,2004,0,0,0
6955,2004,0,0,0
6956,2004,0,0,0
6957,2004,0,0,0
6958,2004,0,0,0
6959,2004,0,0,0
6960,2004,0,0,0
6961,2004,0,0,0
6962,2004,0,0,0
6963,2004,0,0,0
6964,2004,0,0,0
6965,2004,0,0,0
6966,2004,0,0,0
6967,2004,0,0,0
6968,2004,0,0,0
6969,2004,0,0,0
6970,2004,0,0,0
6971,2004,0,0,0
6972,2004,0,0,0
6973,2004,0,0,0
6974,2004,0,0,0
6975,2004,0,0,0
6976,2004,0,0,0
6977,2004,0,0,0
6978,2004,0,0,0
6979,2004,0,0,0
6980,2004,0,0,0
6981,2004,0,0,0
6982,2004,0,0,0
6983,2004,0,0,0
6984,2004,0,0,0
6985,2004,0,0,0
6986,2004,0,0,0
6987,2004,0,0,0
6988,2003,0,0,0
6989,2003,0,0,0
6990,2003,0,0,0
6991,2003,0,0,0
6992,2003,0,0,0
6993,2003,0,0,0
6994,2003,0,0,0
6995,2003,0,0,0
6996,2003,0,0,0
6997,2003,0,0,0
6998,2003,0,0,0
6999,2003,0,0,0
7000,2003,0,0,0
7001,2003,0,0,0
7002,2003,0,0,0
7003,2003,0,0,0
7004,2003,0,0,0
7005,2003,0,0,0
7006,2003,0,0,0
7007,2003,0,0,0
7008,2003,0,0,0
7009,2003,0,0,0
7010,2003,0,0,0
7011,2003,0,0,0
7012,2003,0,0,0
7013,2003,0,0,0
7014,2003,0,0,0
7015,2003,0,0,0
7016,2003,0,0,0
7017,2003,0,0,0
7018,2003,0,0,0
7019,2003,0,0,0
7020,2003,0,0,0
7021,2003,0,0,0
7022,2003,0,0,0
7023,2003,0,0,0
7024,2003,0,0,0
7025,2003,0,0,0
7026,2003,0,0,0
7027,2003,0,0,0
7028,2003,0,0,0
7029,2003,0,0,0
7030,2003,0,0,0
7031,2003,0,0,0
7032,2003,0,0,0
7033,2003,0,0,0
7034,2003,0,0,0
7035,2003,0,0,0
7036,2003,0,0,0
7037,2003,0,0,0
7038,2003,0,0,0
7039,2003,0,0,0
7040,2003,0,0,0
7041,2003,0,0,0
7042,2003,0,0,0
7043,2003,0,0,0
7044,2003,0,0,0
7045,2003,0,0,0
7046,2003,0,0,0
7047,2003,0,0,0
7048,2003,0,0,0
7049,2003,0,0,0
7050,2003,0,0,0
7051,2003,0,0,0
7052,2003,0,0,0
7053,2003,0,0,0
7054,2003,0,0,0
7055,2003,0,0,0
7056,2003,0,0,0
7057,2003,0,0,0
7058,2003,0,0,0
7059,2003,0,0,0
7060,2003,0,0,0
7061,2003,0,0,0
7062,2003,0,0,0
7063,2003,0,0,0
7064,2003,0,0,0
7065,2003,0,0,0
7066,2003,0,0,0
7067,2003,0,0,0
7068,2003,0,0,0
7069,2003,0,0,0
7070,2003,0,0,0
7071,2003,0,0,0
7072,2003,0,0,0
7073,2003,0,0,0
7074,2003,0,0,0
7075,2003,0,0,0
7076,2003,0,0,0
7077,2003,0,0,0
7078,2003,0,0,0
7079,2003,0,0,0
7080,2003,0,0,0
7081,2003,0,0,0
7082,2003,0,0,0
7083,2003,0,0,0
7084,2003,0,0,0
7085,2003,0,0,0
7086,2003,0,0,0
7087,2003,0,0,0
7088,2003,0,0,0
7089,2003,0,0,0
7090,2003,0,0,0
7091,2003,0,0,0
7092,2003,0,0,0
7093,2003,0,0,0
7094,2003,0,0,0
7095,2003,0,0,0
7096,2003,0,0,0
7097,2003,0,0,0
7098,2003,0,0,0
7099,2003,0,0,0
7100,2003,0,0,0
7101,2003,0,0,0
7102,2003,0,0,0
7103,2003,0,0,0
7104,2003,0,0,0
7105,2003,0,0,0
7106,2003,0,0,0
7107,2003,0,0,0
7108,2003,0,0,0
7109,2003,0,0,0
7110,2003,0,0,0
7111,2003,0,0,0
7112,2003,0,0,0
7113,2003,0,0,0
7114,2003,0,0,0
7115,2003,0,0,0
7116,2003,0,0,0
7117,2003,0,0,0
7118,2003,0,0,0
7119,2003,0,0,0
7120,2003,0,0,0
7121,2003,0,0,0
7122,2003,0,0,0
7123,2003,0,0,0
7124,2003,0,0,0
7125,2003,0,0,0
7126,2003,0,0,0
7127,2003,0,0,0
7128,2003,0,0,0
7129,2003,0,0,0
7130,2003,0,0,0
7131,2003,0,0,0
7132,2003,0,0,0
7133,2003,0,0,0
7134,2003,0,0,0
7135,2003,0,0,0
7136,2003,0,0,0
7137,2003,0,0,0
7138,2003,0,0,0
7139,2003,0,0,0
7140,2003,0,0,0
7141,2003,0,0,0
7142,2003,0,0,0
7143,2003,0,0,0
7144,2003,0,0,0
7145,2003,0,0,0
7146,2003,0,0,0
7147,2003,0,0,0
7148,2003,0,0,0
7149,2003,0,0,0
7150,2003,0,0,0
7151,2003,0,0,0
7152,2003,0,0,0
7153,2003,0,0,0
7154,2003,0,0,0
7155,2003,0,0,0
7156,2003,0,0,0
7157,2003,0,0,0
7158,2003,0,0,0
7159,2003,0,0,0
7160,2003,0,0,0
7161,2003,0,0,0
7162,2003,0,0,0
7163,2003,0,0,0
7164,2003,0,0,0
7165,2003,0,0,0
7166,2003,0,0,0
7167,2003,0,0,0
7168,2003,0,0,0
7169,2003,0,0,0
7170,2003,0,0,0
7171,2003,0,0,0
7172,2003,0,0,0
7173,2003,0,0,0
7174,2003,0,0,0
7175,2003,0,0,0
7176,2003,0,0,0
7177,2003,0,0,0
7178,2003,0,0,0
7179,2003,0,0,0
7180,2003,0,0,0
7181,2003,0,0,0
7182,2003,0,0,0
7183,2003,0,0,0
7184,2003,0,0,0
7185,2003,0,0,0
7186,2003,0,0,0
7187,2003,0,0,0
7188,2003,0,0,0
7189,2003,0,0,0
7190,2003,0,0,0
7191,2003,0,0,0
7192,2003,0,0,0
7193,2003,0,0,0
7194,2003,0,0,0
7195,2003,0,0,0
7196,2003,0,0,0
7197,2003,0,0,0
7198,2003,0,0,0
7199,2003,0,0,0
7200,2003,0,0,0
7201,2003,0,0,0
7202,2003,0,0,0
7203,2003,0,0,0
7204,2003,0,0,0
7205,2003,0,0,0
7206,2003,0,0,0
7207,2003,0,0,0
7208,2003,0,0,0
7209,2003,0,0,0
7210,2003,0,0,0
7211,2003,0,0,0
7212,2003,0,0,0
7213,2003,0,0,0
7214,2003,0,0,0
7215,2003,0,0,0
7216,2003,0,0,0
7217,2003,0,0,0
7218,2003,0,0,0
7219,2003,0,0,0
7220,2003,0,0,0
7221,2003,0,0,0
7222,2003,0,0,0
7223,2003,0,0,0
7224,2003,0,0,0
7225,2003,0,0,0
7226,2003,0,0,0
7227,2003,0,0,0
7228,2003,0,0,0
7229,2003,0,0,0
7230,2003,0,0,0
7231,2003,0,0,0
7232,2003,0,0,0
7233,2003,0,0,0
7234,2003,0,0,0
7235,2003,0,0,0
7236,2003,0,0,0
7237,2003,0,0,0
7238,2003,0,0,0
7239,2003,0,0,0
7240,2003,0,0,0
7241,2003,0,0,0
7242,2003,0,0,0
7243,2003,0,0,0
7244,2003,0,0,0
7245,2003,0,0,0
7246,2003,0,0,0
7247,2003,0,0,0
7248,2003,0,0,0
7249,2003,0,0,0
7250,2003,0,0,0
7251,2003,0,0,0
7252,2003,0,0,0
7253,2003,0,0,0
7254,2003,0,0,0
7255,2003,0,0,0
7256,2003,0,0,0
7257,2003,0,0,0
7258,2003,0,0,0
7259,2003,0,0,0
7260,2003,0,0,0
7261,2003,0,0,0
7262,2003,0,0,0
7263,2003,0,0,0
7264,2003,0,0,0
7265,2003,0,0,0
7266,2003,0,0,0
7267,2003,0,0,0
7268,2003,0,0,0
7269,2003,0,0,0
7270,2003,0,0,0
7271,2003,0,0,0
7272,2003,0,0,0
7273,2003,0,0,0
7274,2003,0,0,0
7275,2003,0,0,0
7276,2003,0,0,0
7277,2003,0,0,0
7278,2003,0,0,0
7279,2003,0,0,0
7280,2003,0,0,0
7281,2003,0,0,0
7282,2003,0,0,0
7283,2003,0,0,0
7284,2003,0,0,0
7285,2003,0,0,0
7286,2003,0,0,0
7287,2003,0,0,0
7288,2003,0,0,0
7289,2003,0,0,0
7290,2003,0,0,0
7291,2003,0,0,0
7292,2003,0,0,0
7293,2003,0,0,0
7294,2003,0,0,0
7295,2003,0,0,0
7296,2003,0,0,0
7297,2003,0,0,0
7298,2003,0,0,0
7299,2003,0,0,0
7300,2003,0,0,0
7301,2003,0,0,0
7302,2003,0,0,0
7303,2003,0,0,0
7304,2003,0,0,0
7305,2003,0,0,0
7306,2003,0,0,0
7307,2003,0,0,0
7308,2003,0,0,0
7309,2003,0,0,0
7310,2003,0,0,0
7311,2003,0,0,0
7312,2003,0,0,0
7313,2003,0,0,0
7314,2003,0,0,0
7315,2003,0,0,0
7316,2003,0,0,0
7317,2003,0,0,0
7318,2003,0,0,0
7319,2003,0,0,0
7320,2003,0,0,0
7321,2003,0,0,0
7322,2003,0,0,0
7323,2003,0,0,0
7324,2003,0,0,0
7325,2003,0,0,0
7326,2003,0,0,0
7327,2003,0,0,0
7328,2003,0,0,0
7329,2003,0,0,0
7330,2003,0,0,0
7331,2003,0,0,0
7332,2003,0,0,0
7333,2003,0,0,0
7334,2003,0,0,0
7335,2003,0,0,0
7336,2003,0,0,0
7337,2003,0,0,0
7338,2003,0,0,0
7339,2003,0,0,0
7340,2003,0,0,0
7341,2003,0,0,0
7342,2003,0,0,0
7343,2003,0,0,0
7344,2003,0,0,0
7345,2003,0,0,0
7346,2003,0,0,0
7347,2003,0,0,0
7348,2003,0,0,0
7349,2003,0,0,0
7350,2003,0,0,0
7351,2003,0,0,0
7352,2003,0,0,0
7353,2003,0,0,0
7354,2003,0,0,0
7355,2003,0,0,0
7356,2003,0,0,0
7357,2003,0,0,0
7358,2003,0,0,0
7359,2003,0,0,0
7360,2003,0,0,0
7361,2003,0,0,0
7362,2003,0,0,0
7363,2003,0,0,0
7364,2003,0,0,0
7365,2003,0,0,0
7366,2003,0,0,0
7367,2003,0,0,0
7368,2003,0,0,0
7369,2003,0,0,0
7370,2002,0,0,0
7371,2002,0,0,0
7372,2002,0,0,0
7373,2002,0,0,0
7374,2002,0,0,0
7375,2002,0,0,0
7376,2002,0,0,0
7377,2002,0,0,0
7378,2002,0,0,0
7379,2002,0,0,0
7380,2002,0,0,0
7381,2002,0,0,0
7382,2002,0,0,0
7383,2002,0,0,0
7384,2002,0,0,0
7385,2002,0,0,0
7386,2002,0,0,0
7387,2002,0,0,0
7388,2002,0,0,0
7389,2002,0,0,0
7390,2002,0,0,0
7391,2002,0,0,0
7392,2002,0,0,0
7393,2002,0,0,0
7394,2002,0,0,0
7395,2002,0,0,0
7396,2002,0,0,0
7397,2002,0,0,0
7398,2002,0,0,0
7399,2002,0,0,0
7400,2002,0,0,0
7401,2002,0,0,0
7402,2002,0,0,0
7403,2002,0,0,0
7404,2002,0,0,0
7405,2002,0,0,0
7406,2002,0,0,0
7407,2002,0,0,0
7408,2002,0,0,0
7409,2002,0,0,0
7410,2002,0,0,0
7411,2002,0,0,0
7412,2002,0,0,0
7413,2002,0,0,0
7414,2002,0,0,0
7415,2002,0,0,0
7416,2002,0,0,0
7417,2002,0,0,0
7418,2002,0,0,0
7419,2002,0,0,0
7420,2002,0,0,0
7421,2002,0,0,0
7422,2002,0,0,0
7423,2002,0,0,0
7424,2002,0,0,0
7425,2002,0,0,0
7426,2002,0,0,0
7427,2002,0,0,0
7428,2002,0,0,0
7429,2002,0,0,0
7430,2002,0,0,0
7431,2002,0,0,0
7432,2002,0,0,0
7433,2002,0,0,0
7434,2002,0,0,0
7435,2002,0,0,0
7436,2002,0,0,0
7437,2002,0,0,0
7438,2002,0,0,0
7439,2002,0,0,0
7440,2002,0,0,0
7441,2002,0,0,0
7442,2002,0,0,0
7443,2002,0,0,0
7444,2002,0,0,0
7445,2002,0,0,0
7446,2002,0,0,0
7447,2002,0,0,0
7448,2002,0,0,0
7449,2002,0,0,0
7450,2002,0,0,0
7451,2002,0,0,0
7452,2002,0,0,0
7453,2002,0,0,0
7454,2002,0,0,0
7455,2002,0,0,0
7456,2002,0,0,0
7457,2002,0,0,0
7458,2002,0,0,0
7459,2002,0,0,0
7460,2002,0,0,0
7461,2002,0,0,0
7462,2002,0,0,0
7463,2002,0,0,0
7464,2002,0,0,0
7465,2002,0,0,0
7466,2002,0,0,0
7467,2002,0,0,0
7468,2002,0,0,0
7469,2002,0,0,0
7470,2002,0,0,0
7471,2002,0,0,0
7472,2002,0,0,0
7473,2002,0,0,0
7474,2002,0,0,0
7475,2002,0,0,0
7476,2002,0,0,0
7477,2002,0,0,0
7478,2002,0,0,0
7479,2002,0,0,0
7480,2002,0,0,0
7481,2002,0,0,0
7482,2002,0,0,0
7483,2002,0,0,0
7484,2002,0,0,0
7485,2002,0,0,0
7486,2002,0,0,0
7487,2002,0,0,0
7488,2002,0,0,0
7489,2002,0,0,0
7490,2002,0,0,0
7491,2002,0,0,0
7492,2002,0,0,0
7493,2002,0,0,0
7494,2002,0,0,0
7495,2002,0,0,0
7496,2002,0,0,0
7497,2002,0,0,0
7498,2002,0,0,0
7499,2002,0,0,0
7500,2002,0,0,0
7501,2002,0,0,0
7502,2002,0,0,0
7503,2002,0,0,0
7504,2002,0,0,0
7505,2002,0,0,0
7506,2002,0,0,0
7507,2002,0,0,0
7508,2002,0,0,0
7509,2002,0,0,0
7510,2002,0,0,0
7511,2002,0,0,0
7512,2002,0,0,0
7513,2002,0,0,0
7514,2002,0,0,0
7515,2002,0,0,0
7516,2002,0,0,0
7517,2002,0,0,0
7518,2002,0,0,0
7519,2002,0,0,0
7520,2002,0,0,0
7521,2002,0,0,0
7522,2002,0,0,0
7523,2002,0,0,0
7524,2002,0,0,0
7525,2002,0,0,0
7526,2002,0,0,0
7527,2002,0,0,0
7528,2002,0,0,0
7529,2002,0,0,0
7530,2002,0,0,0
7531,2002,0,0,0
7532,2002,0,0,0
7533,2002,0,0,0
7534,2002,0,0,0
7535,2002,0,0,0
7536,2002,0,0,0
7537,2002,0,0,0
7538,2002,0,0,0
7539,2002,0,0,0
7540,2002,0,0,0
7541,2002,0,0,0
7542,2002,0,0,0
7543,2002,0,0,0
7544,2002,0,0,0
7545,2002,0,0,0
7546,2002,0,0,0
7547,2002,0,0,0
7548,2002,0,0,0
7549,2002,0,0,0
7550,2002,0,0,0
7551,2002,0,0,0
7552,2002,0,0,0
7553,2002,0,0,0
7554,2002,0,0,0
7555,2002,0,0,0
7556,2002,0,0,0
7557,2002,0,0,0
7558,2002,0,0,0
7559,2002,0,0,0
7560,2002,0,0,0
7561,2002,0,0,0
7562,2002,0,0,0
7563,2002,0,0,0
7564,2002,0,0,0
7565,2002,0,0,0
7566,2002,0,0,0
7567,2002,0,0,0
7568,2002,0,0,0
7569,2002,0,0,0
7570,2002,0,0,0
7571,2002,0,0,0
7572,2002,0,0,0
7573,2002,0,0,0
7574,2002,0,0,0
7575,2002,0,0,0
7576,2002,0,0,0
7577,2002,0,0,0
7578,2002,0,0,0
7579,2002,0,0,0
7580,2002,0,0,0
7581,2002,0,0,0
7582,2002,0,0,0
7583,2002,0,0,0
7584,2002,0,0,0
7585,2002,0,0,0
7586,2002,0,0,0
7587,2002,0,0,0
7588,2002,0,0,0
7589,2002,0,0,0
7590,2002,0,0,0
7591,2002,0,0,0
7592,2002,0,0,0
7593,2002,0,0,0
7594,2002,0,0,0
7595,2002,0,0,0
7596,2002,0,0,0
7597,2002,0,0,0
7598,2002,0,0,0
7599,2002,0,0,0
7600,2002,0,0,0
7601,2002,0,0,0
7602,2002,0,0,0
7603,2002,0,0,0
7604,2002,0,0,0
7605,2002,0,0,0
7606,2002,0,0,0
7607,2002,0,0,0
7608,2002,0,0,0
7609,2002,0,0,0
7610,2002,0,0,0
7611,2002,0,0,0
7612,2002,0,0,0
7613,2002,0,0,0
7614,2002,0,0,0
7615,2002,0,0,0
7616,2002,0,0,0
7617,2002,0,0,0
7618,2002,0,0,0
7619,2002,0,0,0
7620,2002,0,0,0
7621,2002,0,0,0
7622,2002,0,0,0
7623,2002,0,0,0
7624,2002,0,0,0
7625,2002,0,0,0
7626,2002,0,0,0
7627,2002,0,0,0
7628,2002,0,0,0
7629,2002,0,0,0
7630,2002,0,0,0
7631,2002,0,0,0
7632,2002,0,0,0
7633,2002,0,0,0
7634,2002,0,0,0
7635,2002,0,0,0
7636,2002,0,0,0
7637,2002,0,0,0
7638,2002,0,0,0
7639,2002,0,0,0
7640,2002,0,0,0
7641,2002,0,0,0
7642,2002,0,0,0
7643,2002,0,0,0
7644,2002,0,0,0
7645,2002,0,0,0
7646,2002,0,0,0
7647,2002,0,0,0
7648,2002,0,0,0
7649,2002,0,0,0
7650,2002,0,0,0
7651,2002,0,0,0
7652,2002,0,0,0
7653,2002,0,0,0
7654,2002,0,0,0
7655,2002,0,0,0
7656,2002,0,0,0
7657,2002,0,0,0
7658,2002,0,0,0
7659,2002,0,0,0
7660,2002,0,0,0
7661,2002,0,0,0
7662,2002,0,0,0
7663,2002,0,0,0
7664,2002,0,0,0
7665,2002,0,0,0
7666,2002,0,0,0
7667,2002,0,0,0
7668,2002,0,0,0
7669,2002,0,0,0
7670,2002,0,0,0
7671,2002,0,0,0
7672,2002,0,0,0
7673,2002,0,0,0
7674,2002,0,0,0
7675,2002,0,0,0
7676,2002,0,0,0
7677,2002,0,0,0
7678,2002,0,0,0
7679,2002,0,0,0
7680,2002,0,0,0
7681,2002,0,0,0
7682,2002,0,0,0
7683,2002,0,0,0
7684,2002,0,0,0
7685,2002,0,0,0
7686,2002,0,0,0
7687,2002,0,0,0
7688,2002,0,0,0
7689,2002,0,0,0
7690,2002,0,0,0
7691,2002,0,0,0
7692,2002,0,0,0
7693,2002,0,0,0
7694,2002,0,0,0
7695,2002,0,0,0
7696,2002,0,0,0
7697,2002,0,0,0
7698,2002,0,0,0
7699,2002,0,0,0
7700,2002,0,0,0
7701,2002,0,0,0
7702,2002,0,0,0
7703,2002,0,0,0
7704,2002,0,0,0
7705,2002,0,0,0
7706,2002,0,0,0
7707,2002,0,0,0
7708,2002,0,0,0
7709,2002,0,0,0
7710,2002,0,0,0
7711,2002,0,0,0
7712,2002,0,0,0
7713,2002,0,0,0
7714,2002,0,0,0
7715,2002,0,0,0
7716,2002,0,0,0
7717,2002,0,0,0
7718,2002,0,0,0
7719,2002,0,0,0
7720,2002,0,0,0
7721,2002,0,0,0
7722,2002,0,0,0
7723,2002,0,0,0
7724,2002,0,0,0
7725,2002,0,0,0
7726,2002,0,0,0
7727,2002,0,0,0
7728,2002,0,0,0
7729,2001,0,0,0
7730,2001,0,0,0
7731,2001,0,0,0
7732,2001,0,0,0
7733,2001,0,0,0
7734,2001,0,0,0
7735,2001,0,0,0
7736,2001,0,0,0
7737,2001,0,0,0
7738,2001,0,0,0
7739,2001,0,0,0
7740,2001,0,0,0
7741,2001,0,0,0
7742,2001,0,0,0
7743,2001,0,0,0
7744,2001,0,0,0
7745,2001,0,0,0
7746,2001,0,0,0
7747,2001,0,0,0
7748,2001,0,0,0
7749,2001,0,0,0
7750,2001,0,0,0
7751,2001,0,0,0
7752,2001,0,0,0
7753,2001,0,0,0
7754,2001,0,0,0
7755,2001,0,0,0
7756,2001,0,0,0
7757,2001,0,0,0
7758,2001,0,0,0
7759,2001,0,0,0
7760,2001,0,0,0
7761,2001,0,0,0
7762,2001,0,0,0
7763,2001,0,0,0
7764,2001,0,0,0
7765,2001,0,0,0
7766,2001,0,0,0
7767,2001,0,0,0
7768,2001,0,0,0
7769,2001,0,0,0
7770,2001,0,0,0
7771,2001,0,0,0
7772,2001,0,0,0
7773,2001,0,0,0
7774,2001,0,0,0
7775,2001,0,0,0
7776,2001,0,0,0
7777,2001,0,0,0
7778,2001,0,0,0
7779,2001,0,0,0
7780,2001,0,0,0
7781,2001,0,0,0
7782,2001,0,0,0
7783,2001,0,0,0
7784,2001,0,0,0
7785,2001,0,0,0
7786,2001,0,0,0
7787,2001,0,0,0
7788,2001,0,0,0
7789,2001,0,0,0
7790,2001,0,0,0
7791,2001,0,0,0
7792,2001,0,0,0
7793,2001,0,0,0
7794,2001,0,0,0
7795,2001,0,0,0
7796,2001,0,0,0
7797,2001,0,0,0
7798,2001,0,0,0
7799,2001,0,0,0
7800,2001,0,0,0
7801,2001,0,0,0
7802,2001,0,0,0
7803,2001,0,0,0
7804,2001,0,0,0
7805,2001,0,0,0
7806,2001,0,0,0
7807,2001,0,0,0
7808,2001,0,0,0
7809,2001,0,0,0
7810,2001,0,0,0
7811,2001,0,0,0
7812,2001,0,0,0
7813,2001,0,0,0
7814,2001,0,0,0
7815,2001,0,0,0
7816,2001,0,0,0
7817,2001,0,0,0
7818,2001,0,0,0
7819,2001,0,0,0
7820,2001,0,0,0
7821,2001,0,0,0
7822,2001,0,0,0
7823,2001,0,0,0
7824,2001,0,0,0
7825,2001,0,0,0
7826,2001,0,0,0
7827,2001,0,0,0
7828,2001,0,0,0
7829,2001,0,0,0
7830,2001,0,0,0
7831,2001,0,0,0
7832,2001,0,0,0
7833,2001,0,0,0
7834,2001,0,0,0
7835,2001,0,0,0
7836,2001,0,0,0
7837,2001,0,0,0
7838,2001,0,0,0
7839,2001,0,0,0
7840,2001,0,0,0
7841,2001,0,0,0
7842,2001,0,0,0
7843,2001,0,0,0
7844,2001,0,0,0
7845,2001,0,0,0
7846,2001,0,0,0
7847,2001,0,0,0
7848,2001,0,0,0
7849,2001,0,0,0
7850,2001,0,0,0
7851,2001,0,0,0
7852,2001,0,0,0
7853,2001,0,0,0
7854,2001,0,0,0
7855,2001,0,0,0
7856,2001,0,0,0
7857,2001,0,0,0
7858,2001,0,0,0
7859,2001,0,0,0
7860,2001,0,0,0
7861,2001,0,0,0
7862,2001,0,0,0
7863,2001,0,0,0
7864,2001,0,0,0
7865,2001,0,0,0
7866,2001,0,0,0
7867,2001,0,0,0
7868,2001,0,0,0
7869,2001,0,0,0
7870,2001,0,0,0
7871,2001,0,0,0
7872,2001,0,0,0
7873,2001,0,0,0
7874,2001,0,0,0
7875,2001,0,0,0
7876,2001,0,0,0
7877,2001,0,0,0
7878,2001,0,0,0
7879,2001,0,0,0
7880,2001,0,0,0
7881,2001,0,0,0
7882,2001,0,0,0
7883,2001,0,0,0
7884,2001,0,0,0
7885,2001,0,0,0
7886,2001,0,0,0
7887,2001,0,0,0
7888,2001,0,0,0
7889,2001,0,0,0
7890,2001,0,0,0
7891,2001,0,0,0
7892,2001,0,0,0
7893,2001,0,0,0
7894,2001,0,0,0
7895,2001,0,0,0
7896,2001,0,0,0
7897,2001,0,0,0
7898,2001,0,0,0
7899,2001,0,0,0
7900,2001,0,0,0
7901,2001,0,0,0
7902,2001,0,0,0
7903,2001,0,0,0
7904,2001,0,0,0
7905,2001,0,0,0
7906,2001,0,0,0
7907,2001,0,0,0
7908,2001,0,0,0
7909,2001,0,0,0
7910,2001,0,0,0
7911,2001,0,0,0
7912,2001,0,0,0
7913,2001,0,0,0
7914,2001,0,0,0
7915,2001,0,0,0
7916,2001,0,0,0
7917,2001,0,0,0
7918,2001,0,0,0
7919,2001,0,0,0
7920,2001,0,0,0
7921,2001,0,0,0
7922,2001,0,0,0
7923,2001,0,0,0
7924,2001,0,0,0
7925,2001,0,0,0
7926,2001,0,0,0
7927,2001,0,0,0
7928,2001,0,0,0
7929,2001,0,0,0
7930,2001,0,0,0
7931,2001,0,0,0
7932,2001,0,0,0
7933,2001,0,0,0
7934,2001,0,0,0
7935,2001,0,0,0
7936,2001,0,0,0
7937,2001,0,0,0
7938,2001,0,0,0
7939,2001,0,0,0
7940,2001,0,0,0
7941,2001,0,0,0
7942,2001,0,0,0
7943,2001,0,0,0
7944,2001,0,0,0
7945,2001,0,0,0
7946,2001,0,0,0
7947,2001,0,0,0
7948,2001,0,0,0
7949,2001,0,0,0
7950,2001,0,0,0
7951,2001,0,0,0
7952,2001,0,0,0
7953,2001,0,0,0
7954,2001,0,0,0
7955,2001,0,0,0
7956,2001,0,0,0
7957,2001,0,0,0
7958,2001,0,0,0
7959,2001,0,0,0
7960,2001,0,0,0
7961,2001,0,0,0
7962,2001,0,0,0
7963,2001,0,0,0
7964,2001,0,0,0
7965,2001,0,0,0
7966,2001,0,0,0
7967,2001,0,0,0
7968,2001,0,0,0
7969,2001,0,0,0
7970,2001,0,0,0
7971,2001,0,0,0
7972,2001,0,0,0
7973,2001,0,0,0
7974,2001,0,0,0
7975,2001,0,0,0
7976,2001,0,0,0
7977,2001,0,0,0
7978,2001,0,0,0
7979,2001,0,0,0
7980,2001,0,0,0
7981,2001,0,0,0
7982,2001,0,0,0
7983,2001,0,0,0
7984,2001,0,0,0
7985,2001,0,0,0
7986,2001,0,0,0
7987,2001,0,0,0
7988,2001,0,0,0
7989,2001,0,0,0
7990,2001,0,0,0
7991,2001,0,0,0
7992,2001,0,0,0
7993,2001,0,0,0
7994,2001,0,0,0
7995,2001,0,0,0
7996,2001,0,0,0
7997,2001,0,0,0
7998,2001,0,0,0
7999,2001,0,0,0
8000,2001,0,0,0
8001,2001,0,0,0
8002,2001,0,0,0
8003,2001,0,0,0
8004,2001,0,0,0
8005,2001,0,0,0
8006,2001,0,0,0
8007,2001,0,0,0
8008,2001,0,0,0
8009,2001,0,0,0
8010,2001,0,0,0
8011,2001,0,0,0
8012,2001,0,0,0
8013,2001,0,0,0
8014,2001,0,0,0
8015,2001,0,0,0
8016,2001,0,0,0
8017,2001,0,0,0
8018,2001,0,0,0
8019,2001,0,0,0
8020,2001,0,0,0
8021,2001,0,0,0
8022,2001,0,0,0
8023,2001,0,0,0
8024,2001,0,0,0
8025,2001,0,0,0
8026,2001,0,0,0
8027,2001,0,0,0
8028,2001,0,0,0
8029,2001,0,0,0
8030,2001,0,0,0
8031,2001,0,0,0
8032,2001,0,0,0
8033,2001,0,0,0
8034,2001,0,0,0
8035,2001,0,0,0
8036,2001,0,0,0
8037,2001,0,0,0
8038,2001,0,0,0
8039,2001,0,0,0
8040,2001,0,0,0
8041,2001,0,0,0
8042,2001,0,0,0
8043,2001,0,0,0
8044,2001,0,0,0
8045,2001,0,0,0
8046,2001,0,0,0
8047,2001,0,0,0
8048,2001,0,0,0
8049,2001,0,0,0
8050,2001,0,0,0
8051,2001,0,0,0
8052,2001,0,0,0
8053,2001,0,0,0
8054,2001,0,0,0
8055,2001,0,0,0
8056,2001,0,0,0
8057,2001,0,0,0
8058,2001,0,0,0
8059,2001,0,0,0
8060,2001,0,0,0
8061,2001,0,0,0
8062,2001,0,0,0
8063,2001,0,0,0
8064,2001,0,0,0
8065,2001,0,0,0
8066,2001,0,0,0
8067,2001,0,0,0
8068,2001,0,0,0
8069,2001,0,0,0
8070,2001,0,0,0
8071,2001,0,0,0
8072,2001,0,0,0
8073,2001,0,0,0
8074,2001,0,0,0
8075,2001,0,0,0
8076,2001,0,0,0
8077,2001,0,0,0
8078,2001,0,0,0
8079,2001,0,0,0
8080,2001,0,0,0
8081,2000,0,0,0
8082,2000,0,0,0
8083,2000,0,0,0
8084,2000,0,0,0
8085,2000,0,0,0
8086,2000,0,0,0
8087,2000,0,0,0
8088,2000,0,0,0
8089,2000,0,0,0
8090,2000,0,0,0
8091,2000,0,0,0
8092,2000,0,0,0
8093,2000,0,0,0
8094,2000,0,0,0
8095,2000,0,0,0
8096,2000,0,0,0
8097,2000,0,0,0
8098,2000,0,0,0
8099,2000,0,0,0
8100,2000,0,0,0
8101,2000,0,0,0
8102,2000,0,0,0
8103,2000,0,0,0
8104,2000,0,0,0
8105,2000,0,0,0
8106,2000,0,0,0
8107,2000,0,0,0
8108,2000,0,0,0
8109,2000,0,0,0
8110,2000,0,0,0
8111,2000,0,0,0
8112,2000,0,0,0
8113,2000,0,0,0
8114,2000,0,0,0
8115,2000,0,0,0
8116,2000,0,0,0
8117,2000,0,0,0
8118,2000,0,0,0
8119,2000,0,0,0
8120,2000,0,0,0
8121,2000,0,0,0
8122,2000,0,0,0
8123,2000,0,0,0
8124,2000,0,0,0
8125,2000,0,0,0
8126,2000,0,0,0
8127,2000,0,0,0
8128,2000,0,0,0
8129,2000,0,0,0
8130,2000,0,0,0
8131,2000,0,0,0
8132,2000,0,0,0
8133,2000,0,0,0
8134,2000,0,0,0
8135,2000,0,0,0
8136,2000,0,0,0
8137,2000,0,0,0
8138,2000,0,0,0
8139,2000,0,0,0
8140,2000,0,0,0
8141,2000,0,0,0
8142,2000,0,0,0
8143,2000,0,0,0
8144,2000,0,0,0
8145,2000,0,0,0
8146,2000,0,0,0
8147,2000,0,0,0
8148,2000,0,0,0
8149,2000,0,0,0
8150,2000,0,0,0
8151,2000,0,0,0
8152,2000,0,0,0
8153,2000,0,0,0
8154,2000,0,0,0
8155,2000,0,0,0
8156,2000,0,0,0
8157,2000,0,0,0
8158,2000,0,0,0
8159,2000,0,0,0
8160,2000,0,0,0
8161,2000,0,0,0
8162,2000,0,0,0
8163,2000,0,0,0
8164,2000,0,0,0
8165,2000,0,0,0
8166,2000,0,0,0
8167,2000,0,0,0
8168,2000,0,0,0
8169,2000,0,0,0
8170,2000,0,0,0
8171,2000,0,0,0
8172,2000,0,0,0
8173,2000,0,0,0
8174,2000,0,0,0
8175,2000,0,0,0
8176,2000,0,0,0
8177,2000,0,0,0
8178,2000,0,0,0
8179,2000,0,0,0
8180,2000,0,0,0
8181,2000,0,0,0
8182,2000,0,0,0
8183,2000,0,0,0
8184,2000,0,0,0
8185,2000,0,0,0
8186,2000,0,0,0
8187,2000,0,0,0
8188,2000,0,0,0
8189,2000,0,0,0
8190,2000,0,0,0
8191,2000,0,0,0
8192,2000,0,0,0
8193,2000,0,0,0
8194,2000,0,0,0
8195,2000,0,0,0
8196,2000,0,0,0
8197,2000,0,0,0
8198,2000,0,0,0
8199,2000,0,0,0
8200,2000,0,0,0
8201,2000,0,0,0
8202,2000,0,0,0
8203,2000,0,0,0
8204,2000,0,0,0
8205,2000,0,0,0
8206,2000,0,0,0
8207,2000,0,0,0
8208,2000,0,0,0
8209,2000,0,0,0
8210,2000,0,0,0
8211,2000,0,0,0
8212,2000,0,0,0
8213,2000,0,0,0
8214,2000,0,0,0
8215,2000,0,0,0
8216,2000,0,0,0
8217,2000,0,0,0
8218,2000,0,0,0
8219,2000,0,0,0
8220,2000,0,0,0
8221,2000,0,0,0
8222,2000,0,0,0
8223,2000,0,0,0
8224,2000,0,0,0
8225,2000,0,0,0
8226,2000,0,0,0
8227,2000,0,0,0
8228,2000,0,0,0
8229,2000,0,0,0
8230,2000,0,0,0
8231,2000,0,0,0
8232,2000,0,0,0
8233,2000,0,0,0
8234,2000,0,0,0
8235,2000,0,0,0
8236,2000,0,0,0
8237,2000,0,0,0
8238,2000,0,0,0
8239,2000,0,0,0
8240,2000,0,0,0
8241,2000,0,0,0
8242,2000,0,0,0
8243,2000,0,0,0
8244,2000,0,0,0
8245,2000,0,0,0
8246,2000,0,0,0
8247,2000,0,0,0
8248,2000,0,0,0
8249,2000,0,0,0
8250,2000,0,0,0
8251,2000,0,0,0
8252,2000,0,0,0
8253,2000,0,0,0
8254,2000,0,0,0
8255,2000,0,0,0
8256,2000,0,0,0
8257,2000,0,0,0
8258,2000,0,0,0
8259,2000,0,0,0
8260,2000,0,0,0
8261,2000,0,0,0
8262,2000,0,0,0
8263,2000,0,0,0
8264,2000,0,0,0
8265,2000,0,0,0
8266,2000,0,0,0
8267,2000,0,0,0
8268,2000,0,0,0
8269,2000,0,0,0
8270,2000,0,0,0
8271,2000,0,0,0
8272,2000,0,0,0
8273,2000,0,0,0
8274,2000,0,0,0
8275,2000,0,0,0
8276,2000,0,0,0
8277,2000,0,0,0
8278,2000,0,0,0
8279,2000,0,0,0
8280,2000,0,0,0
8281,2000,0,0,0
8282,2000,0,0,0
8283,2000,0,0,0
8284,2000,0,0,0
8285,2000,0,0,0
8286,2000,0,0,0
8287,2000,0,0,0
8288,2000,0,0,0
8289,2000,0,0,0
8290,2000,0,0,0
8291,2000,0,0,0
8292,2000,0,0,0
8293,2000,0,0,0
8294,2000,0,0,0
8295,2000,0,0,0
8296,2000,0,0,0
8297,2000,0,0,0
8298,2000,0,0,0
8299,2000,0,0,0
8300,2000,0,0,0
8301,2000,0,0,0
8302,2000,0,0,0
8303,2000,0,0,0
8304,2000,0,0,0
8305,2000,0,0,0
8306,2000,0,0,0
8307,2000,0,0,0
8308,2000,0,0,0
8309,2000,0,0,0
8310,2000,0,0,0
8311,2000,0,0,0
8312,2000,0,0,0
8313,2000,0,0,0
8314,2000,0,0,0
8315,2000,0,0,0
8316,2000,0,0,0
8317,2000,0,0,0
8318,2000,0,0,0
8319,2000,0,0,0
8320,2000,0,0,0
8321,2000,0,0,0
8322,2000,0,0,0
8323,2000,0,0,0
8324,2000,0,0,0
8325,2000,0,0,0
8326,2000,0,0,0
8327,2000,0,0,0
8328,2000,0,0,0
8329,2000,0,0,0
8330,2000,0,0,0
8331,2000,0,0,0
8332,2000,0,0,0
8333,2000,0,0,0
8334,2000,0,0,0
8335,2000,0,0,0
8336,2000,0,0,0
8337,2000,0,0,0
8338,2000,0,0,0
8339,2000,0,0,0
8340,2000,0,0,0
8341,2000,0,0,0
8342,2000,0,0,0
8343,2000,0,0,0
8344,2000,0,0,0
8345,2000,0,0,0
8346,2000,0,0,0
8347,2000,0,0,0
8348,2000,0,0,0
8349,2000,0,0,0
8350,2000,0,0,0
8351,2000,0,0,0
8352,2000,0,0,0
8353,2000,0,0,0
8354,2000,0,0,0
8355,2000,0,0,0
8356,2000,0,0,0
8357,2000,0,0,0
8358,2000,0,0,0
8359,2000,0,0,0
8360,2000,0,0,0
8361,2000,0,0,0
8362,2000,0,0,0
8363,2000,0,0,0
8364,2000,0,0,0
8365,2000,0,0,0
8366,2000,0,0,0
8367,2000,0,0,0
8368,2000,0,0,0
8369,2000,0,0,0
8370,2000,0,0,0
8371,2000,0,0,0
8372,2000,0,0,0
8373,2000,0,0,0
8374,2000,0,0,0
8375,2000,0,0,0
8376,2000,0,0,0
8377,2000,0,0,0
8378,2000,0,0,0
8379,2000,0,0,0
8380,2000,0,0,0
8381,2000,0,0,0
8382,2000,0,0,0
8383,2000,0,0,0
8384,2000,0,0,0
8385,2000,0,0,0
8386,2000,0,0,0
8387,2000,0,0,0
8388,2000,0,0,0
8389,2000,0,0,0
8390,2000,0,0,0
8391,2000,0,0,0
8392,2000,0,0,0
8393,2000,0,0,0
8394,2000,0,0,0
8395,2000,0,0,0
8396,2000,0,0,0
8397,2000,0,0,0
8398,2000,0,0,0
8399,2000,0,0,0
8400,2000,0,0,0
8401,2000,0,0,0
8402,2000,0,0,0
8403,2000,0,0,0
8404,2000,0,0,0
8405,2000,0,0,0
8406,2000,0,0,0
8407,2000,0,0,0
8408,2000,0,0,0
8409,2000,0,0,0
8410,2000,0,0,0
8411,2000,0,0,0
8412,2000,0,0,0
8413,2000,0,0,0
8414,2000,0,0,0
8415,2000,0,0,0
8416,2000,0,0,0
8417,2000,0,0,0
8418,2000,0,0,0
8419,2000,0,0,0
8420,2000,0,0,0
8421,2000,0,0,0
8422,2000,0,0,0
8423,2000,0,0,0
8424,2000,0,0,0
8425,2000,0,0,0
8426,1999,0,0,0
8427,1999,0,0,0
8428,1999,0,0,0
8429,1999,0,0,0
8430,1999,0,0,0
8431,1999,0,0,0
8432,1999,0,0,0
8433,1999,0,0,0
8434,1999,0,0,0
8435,1999,0,0,0
8436,1999,0,0,0
8437,1999,0,0,0
8438,1999,0,0,0
8439,1999,0,0,0
8440,1999,0,0,0
8441,1999,0,0,0
8442,1999,0,0,0
8443,1999,0,0,0
8444,1999,0,0,0
8445,1999,0,0,0
8446,1999,0,0,0
8447,1999,0,0,0
8448,1999,0,0,0
8449,1999,0,0,0
8450,1999,0,0,0
8451,1999,0,0,0
8452,1999,0,0,0
8453,1999,0,0,0
8454,1999,0,0,0
8455,1999,0,0,0
8456,1999,0,0,0
8457,1999,0,0,0
8458,1999,0,0,0
8459,1999,0,0,0
8460,1999,0,0,0
8461,1999,0,0,0
8462,1999,0,0,0
8463,1999,0,0,0
8464,1999,0,0,0
8465,1999,0,0,0
8466,1999,0,0,0
8467,1999,0,0,0
8468,1999,0,0,0
8469,1999,0,0,0
8470,1999,0,0,0
8471,1999,0,0,0
8472,1999,0,0,0
8473,1999,0,0,0
8474,1999,0,0,0
8475,1999,0,0,0
8476,1999,0,0,0
8477,1999,0,0,0
8478,1999,0,0,0
8479,1999,0,0,0
8480,1999,0,0,0
8481,1999,0,0,0
8482,1999,0,0,0
8483,1999,0,0,0
8484,1999,0,0,0
8485,1999,0,0,0
8486,1999,0,0,0
8487,1999,0,0,0
8488,1999,0,0,0
8489,1999,0,0,0
8490,1999,0,0,0
8491,1999,0,0,0
8492,1999,0,0,0
8493,1999,0,0,0
8494,1999,0,0,0
8495,1999,0,0,0
8496,1999,0,0,0
8497,1999,0,0,0
8498,1999,0,0,0
8499,1999,0,0,0
8500,1999,0,0,0
8501,1999,0,0,0
8502,1999,0,0,0
8503,1999,0,0,0
8504,1999,0,0,0
8505,1999,0,0,0
8506,1999,0,0,0
8507,1999,0,0,0
8508,1999,0,0,0
8509,1999,0,0,0
8510,1999,0,0,0
8511,1999,0,0,0
8512,1999,0,0,0
8513,1999,0,0,0
8514,1999,0,0,0
8515,1999,0,0,0
8516,1999,0,0,0
8517,1999,0,0,0
8518,1999,0,0,0
8519,1999,0,0,0
8520,1999,0,0,0
8521,1999,0,0,0
8522,1999,0,0,0
8523,1999,0,0,0
8524,1999,0,0,0
8525,1999,0,0,0
8526,1999,0,0,0
8527,1999,0,0,0
8528,1999,0,0,0
8529,1999,0,0,0
8530,1999,0,0,0
8531,1999,0,0,0
8532,1999,0,0,0
8533,1999,0,0,0
8534,1999,0,0,0
8535,1999,0,0,0
8536,1999,0,0,0
8537,1999,0,0,0
8538,1999,0,0,0
8539,1999,0,0,0
8540,1999,0,0,0
8541,1999,0,0,0
8542,1999,0,0,0
8543,1999,0,0,0
8544,1999,0,0,0
8545,1999,0,0,0
8546,1999,0,0,0
8547,1999,0,0,0
8548,1999,0,0,0
8549,1999,0,0,0
8550,1999,0,0,0
8551,1999,0,0,0
8552,1999,0,0,0
8553,1999,0,0,0
8554,1999,0,0,0
8555,1999,0,0,0
8556,1999,0,0,0
8557,1999,0,0,0
8558,1999,0,0,0
8559,1999,0,0,0
8560,1999,0,0,0
8561,1999,0,0,0
8562,1999,0,0,0
8563,1999,0,0,0
8564,1999,0,0,0
8565,1999,0,0,0
8566,1999,0,0,0
8567,1999,0,0,0
8568,1999,0,0,0
8569,1999,0,0,0
8570,1999,0,0,0
8571,1999,0,0,0
8572,1999,0,0,0
8573,1999,0,0,0
8574,1999,0,0,0
8575,1999,0,0,0
8576,1999,0,0,0
8577,1999,0,0,0
8578,1999,0,0,0
8579,1999,0,0,0
8580,1999,0,0,0
8581,1999,0,0,0
8582,1999,0,0,0
8583,1999,0,0,0
8584,1999,0,0,0
8585,1999,0,0,0
8586,1999,0,0,0
8587,1999,0,0,0
8588,1999,0,0,0
8589,1999,0,0,0
8590,1999,0,0,0
8591,1999,0,0,0
8592,1999,0,0,0
8593,1999,0,0,0
8594,1999,0,0,0
8595,1999,0,0,0
8596,1999,0,0,0
8597,1999,0,0,0
8598,1999,0,0,0
8599,1999,0,0,0
8600,1999,0,0,0
8601,1999,0,0,0
8602,1999,0,0,0
8603,1999,0,0,0
8604,1999,0,0,0
8605,1999,0,0,0
8606,1999,0,0,0
8607,1999,0,0,0
8608,1999,0,0,0
8609,1999,0,0,0
8610,1999,0,0,0
8611,1999,0,0,0
8612,1999,0,0,0
8613,1999,0,0,0
8614,1999,0,0,0
8615,1999,0,0,0
8616,1999,0,0,0
8617,1999,0,0,0
8618,1999,0,0,0
8619,1999,0,0,0
8620,1999,0,0,0
8621,1999,0,0,0
8622,1999,0,0,0
8623,1999,0,0,0
8624,1999,0,0,0
8625,1999,0,0,0
8626,1999,0,0,0
8627,1999,0,0,0
8628,1999,0,0,0
8629,1999,0,0,0
8630,1999,0,0,0
8631,1999,0,0,0
8632,1999,0,0,0
8633,1999,0,0,0
8634,1999,0,0,0
8635,1999,0,0,0
8636,1999,0,0,0
8637,1999,0,0,0
8638,1999,0,0,0
8639,1999,0,0,0
8640,1999,0,0,0
8641,1999,0,0,0
8642,1999,0,0,0
8643,1999,0,0,0
8644,1999,0,0,0
8645,1999,0,0,0
8646,1999,0,0,0
8647,1999,0,0,0
8648,1999,0,0,0
8649,1999,0,0,0
8650,1999,0,0,0
8651,1999,0,0,0
8652,1999,0,0,0
8653,1999,0,0,0
8654,1999,0,0,0
8655,1999,0,0,0
8656,1999,0,0,0
8657,1999,0,0,0
8658,1999,0,0,0
8659,1999,0,0,0
8660,1999,0,0,0
8661,1999,0,0,0
8662,1999,0,0,0
8663,1999,0,0,0
8664,1999,0,0,0
8665,1999,0,0,0
8666,1999,0,0,0
8667,1999,0,0,0
8668,1999,0,0,0
8669,1999,0,0,0
8670,1999,0,0,0
8671,1999,0,0,0
8672,1999,0,0,0
8673,1999,0,0,0
8674,1999,0,0,0
8675,1999,0,0,0
8676,1999,0,0,0
8677,1999,0,0,0
8678,1999,0,0,0
8679,1999,0,0,0
8680,1999,0,0,0
8681,1999,0,0,0
8682,1999,0,0,0
8683,1999,0,0,0
8684,1999,0,0,0
8685,1999,0,0,0
8686,1999,0,0,0
8687,1999,0,0,0
8688,1999,0,0,0
8689,1999,0,0,0
8690,1999,0,0,0
8691,1999,0,0,0
8692,1999,0,0,0
8693,1999,0,0,0
8694,1999,0,0,0
8695,1999,0,0,0
8696,1999,0,0,0
8697,1999,0,0,0
8698,1999,0,0,0
8699,1999,0,0,0
8700,1999,0,0,0
8701,1999,0,0,0
8702,1999,0,0,0
8703,1999,0,0,0
8704,1999,0,0,0
8705,1999,0,0,0
8706,1999,0,0,0
8707,1999,0,0,0
8708,1999,0,0,0
8709,1999,0,0,0
8710,1999,0,0,0
8711,1999,0,0,0
8712,1999,0,0,0
8713,1999,0,0,0
8714,1999,0,0,0
8715,1999,0,0,0
8716,1999,0,0,0
8717,1999,0,0,0
8718,1999,0,0,0
8719,1999,0,0,0
8720,1999,0,0,0
8721,1999,0,0,0
8722,1999,0,0,0
8723,1999,0,0,0
8724,1999,0,0,0
8725,1999,0,0,0
8726,1999,0,0,0
8727,1999,0,0,0
8728,1999,0,0,0
8729,1999,0,0,0
8730,1999,0,0,0
8731,1999,0,0,0
8732,1999,0,0,0
8733,1999,0,0,0
8734,1999,0,0,0
8735,1999,0,0,0
8736,1999,0,0,0
8737,1999,0,0,0
8738,1999,0,0,0
8739,1999,0,0,0
8740,1999,0,0,0
8741,1999,0,0,0
8742,1999,0,0,0
8743,1999,0,0,0
8744,1999,0,0,0
8745,1999,0,0,0
8746,1999,0,0,0
8747,1999,0,0,0
8748,1999,0,0,0
8749,1999,0,0,0
8750,1999,0,0,0
8751,1999,0,0,0
8752,1999,0,0,0
8753,1999,0,0,0
8754,1999,0,0,0
8755,1999,0,0,0
8756,1999,0,0,0
8757,1999,0,0,0
8758,1999,0,0,0
8759,1999,0,0,0
8760,1999,0,0,0
8761,1999,0,0,0
8762,1999,0,0,0
8763,1999,0,0,0
8764,1999,0,0,0
8765,1999,0,0,0
8766,1999,0,0,0
8767,1999,0,0,0
8768,1999,0,0,0
8769,1999,0,0,0
8770,1999,0,0,0
8771,1999,0,0,0
8772,1998,0,0,0
8773,1998,0,0,0
8774,1998,0,0,0
8775,1998,0,0,0
8776,1998,0,0,0
8777,1998,0,0,0
8778,1998,0,0,0
8779,1998,0,0,0
8780,1998,0,0,0
8781,1998,0,0,0
8782,1998,0,0,0
8783,1998,0,0,0
8784,1998,0,0,0
8785,1998,0,0,0
8786,1998,0,0,0
8787,1998,0,0,0
8788,1998,0,0,0
8789,1998,0,0,0
8790,1998,0,0,0
8791,1998,0,0,0
8792,1998,0,0,0
8793,1998,0,0,0
8794,1998,0,0,0
8795,1998,0,0,0
8796,1998,0,0,0
8797,1998,0,0,0
8798,1998,0,0,0
8799,1998,0,0,0
8800,1998,0,0,0
8801,1998,0,0,0
8802,1998,0,0,0
8803,1998,0,0,0
8804,1998,0,0,0
8805,1998,0,0,0
8806,1998,0,0,0
8807,1998,0,0,0
8808,1998,0,0,0
8809,1998,0,0,0
8810,1998,0,0,0
8811,1998,0,0,0
8812,1998,0,0,0
8813,1998,0,0,0
8814,1998,0,0,0
8815,1998,0,0,0
8816,1998,0,0,0
8817,1998,0,0,0
8818,1998,0,0,0
8819,1998,0,0,0
8820,1998,0,0,0
8821,1998,0,0,0
8822,1998,0,0,0
8823,1998,0,0,0
8824,1998,0,0,0
8825,1998,0,0,0
8826,1998,0,0,0
8827,1998,0,0,0
8828,1998,0,0,0
8829,1998,0,0,0
8830,1998,0,0,0
8831,1998,0,0,0
8832,1998,0,0,0
8833,1998,0,0,0
8834,1998,0,0,0
8835,1998,0,0,0
8836,1998,0,0,0
8837,1998,0,0,0
8838,1998,0,0,0
8839,1998,0,0,0
8840,1998,0,0,0
8841,1998,0,0,0
8842,1998,0,0,0
8843,1998,0,0,0
8844,1998,0,0,0
8845,1998,0,0,0
8846,1998,0,0,0
8847,1998,0,0,0
8848,1998,0,0,0
8849,1998,0,0,0
8850,1998,0,0,0
8851,1998,0,0,0
8852,1998,0,0,0
8853,1998,0,0,0
8854,1998,0,0,0
8855,1998,0,0,0
8856,1998,0,0,0
8857,1998,0,0,0
8858,1998,0,0,0
8859,1998,0,0,0
8860,1998,0,0,0
8861,1998,0,0,0
8862,1998,0,0,0
8863,1998,0,0,0
8864,1998,0,0,0
8865,1998,0,0,0
8866,1998,0,0,0
8867,1998,0,0,0
8868,1998,0,0,0
8869,1998,0,0,0
8870,1998,0,0,0
8871,1998,0,0,0
8872,1998,0,0,0
8873,1998,0,0,0
8874,1998,0,0,0
8875,1998,0,0,0
8876,1998,0,0,0
8877,1998,0,0,0
8878,1998,0,0,0
8879,1998,0,0,0
8880,1998,0,0,0
8881,1998,0,0,0
8882,1998,0,0,0
8883,1998,0,0,0
8884,1998,0,0,0
8885,1998,0,0,0
8886,1998,0,0,0
8887,1998,0,0,0
8888,1998,0,0,0
8889,1998,0,0,0
8890,1998,0,0,0
8891,1998,0,0,0
8892,1998,0,0,0
8893,1998,0,0,0
8894,1998,0,0,0
8895,1998,0,0,0
8896,1998,0,0,0
8897,1998,0,0,0
8898,1998,0,0,0
8899,1998,0,0,0
8900,1998,0,0,0
8901,1998,0,0,0
8902,1998,0,0,0
8903,1998,0,0,0
8904,1998,0,0,0
8905,1998,0,0,0
8906,1998,0,0,0
8907,1998,0,0,0
8908,1998,0,0,0
8909,1998,0,0,0
8910,1998,0,0,0
8911,1998,0,0,0
8912,1998,0,0,0
8913,1998,0,0,0
8914,1998,0,0,0
8915,1998,0,0,0
8916,1998,0,0,0
8917,1998,0,0,0
8918,1998,0,0,0
8919,1998,0,0,0
8920,1998,0,0,0
8921,1998,0,0,0
8922,1998,0,0,0
8923,1998,0,0,0
8924,1998,0,0,0
8925,1998,0,0,0
8926,1998,0,0,0
8927,1998,0,0,0
8928,1998,0,0,0
8929,1998,0,0,0
8930,1998,0,0,0
8931,1998,0,0,0
8932,1998,0,0,0
8933,1998,0,0,0
8934,1998,0,0,0
8935,1998,0,0,0
8936,1998,0,0,0
8937,1998,0,0,0
8938,1998,0,0,0
8939,1998,0,0,0
8940,1998,0,0,0
8941,1998,0,0,0
8942,1998,0,0,0
8943,1998,0,0,0
8944,1998,0,0,0
8945,1998,0,0,0
8946,1998,0,0,0
8947,1998,0,0,0
8948,1998,0,0,0
8949,1998,0,0,0
8950,1998,0,0,0
8951,1998,0,0,0
8952,1998,0,0,0
8953,1998,0,0,0
8954,1998,0,0,0
8955,1998,0,0,0
8956,1998,0,0,0
8957,1998,0,0,0
8958,1998,0,0,0
8959,1998,0,0,0
8960,1998,0,0,0
8961,1998,0,0,0
8962,1998,0,0,0
8963,1998,0,0,0
8964,1998,0,0,0
8965,1998,0,0,0
8966,1998,0,0,0
8967,1998,0,0,0
8968,1998,0,0,0
8969,1998,0,0,0
8970,1998,0,0,0
8971,1998,0,0,0
8972,1998,0,0,0
8973,1998,0,0,0
8974,1998,0,0,0
8975,1998,0,0,0
8976,1998,0,0,0
8977,1998,0,0,0
8978,1998,0,0,0
8979,1998,0,0,0
8980,1998,0,0,0
8981,1998,0,0,0
8982,1998,0,0,0
8983,1998,0,0,0
8984,1998,0,0,0
8985,1998,0,0,0
8986,1998,0,0,0
8987,1998,0,0,0
8988,1998,0,0,0
8989,1998,0,0,0
8990,1998,0,0,0
8991,1998,0,0,0
8992,1998,0,0,0
8993,1998,0,0,0
8994,1998,0,0,0
8995,1998,0,0,0
8996,1998,0,0,0
8997,1998,0,0,0
8998,1998,0,0,0
8999,1998,0,0,0
9000,1998,0,0,0
9001,1998,0,0,0
9002,1998,0,0,0
9003,1998,0,0,0
9004,1998,0,0,0
9005,1998,0,0,0
9006,1998,0,0,0
9007,1998,0,0,0
9008,1998,0,0,0
9009,1998,0,0,0
9010,1998,0,0,0
9011,1998,0,0,0
9012,1998,0,0,0
9013,1998,0,0,0
9014,1998,0,0,0
9015,1998,0,0,0
9016,1998,0,0,0
9017,1998,0,0,0
9018,1998,0,0,0
9019,1998,0,0,0
9020,1998,0,0,0
9021,1998,0,0,0
9022,1998,0,0,0
9023,1998,0,0,0
9024,1998,0,0,0
9025,1998,0,0,0
9026,1998,0,0,0
9027,1998,0,0,0
9028,1998,0,0,0
9029,1998,0,0,0
9030,1998,0,0,0
9031,1998,0,0,0
9032,1998,0,0,0
9033,1998,0,0,0
9034,1998,0,0,0
9035,1998,0,0,0
9036,1998,0,0,0
9037,1998,0,0,0
9038,1998,0,0,0
9039,1998,0,0,0
9040,1998,0,0,0
9041,1998,0,0,0
9042,1998,0,0,0
9043,1998,0,0,0
9044,1998,0,0,0
9045,1998,0,0,0
9046,1998,0,0,0
9047,1998,0,0,0
9048,1998,0,0,0
9049,1998,0,0,0
9050,1998,0,0,0
9051,1998,0,0,0
9052,1998,0,0,0
9053,1998,0,0,0
9054,1998,0,0,0
9055,1998,0,0,0
9056,1998,0,0,0
9057,1998,0,0,0
9058,1998,0,0,0
9059,1998,0,0,0
9060,1998,0,0,0
9061,1998,0,0,0
9062,1998,0,0,0
9063,1998,0,0,0
9064,1998,0,0,0
9065,1998,0,0,0
9066,1998,0,0,0
9067,1998,0,0,0
9068,1998,0,0,0
9069,1998,0,0,0
9070,1998,0,0,0
9071,1998,0,0,0
9072,1998,0,0,0
9073,1998,0,0,0
9074,1998,0,0,0
9075,1998,0,0,0
9076,1998,0,0,0
9077,1998,0,0,0
9078,1998,0,0,0
9079,1998,0,0,0
9080,1998,0,0,0
9081,1998,0,0,0
9082,1998,0,0,0
9083,1998,0,0,0
9084,1998,0,0,0
9085,1998,0,0,0
9086,1998,0,0,0
9087,1998,0,0,0
9088,1998,0,0,0
9089,1998,0,0,0
9090,1998,0,0,0
9091,1998,0,0,0
9092,1998,0,0,0
9093,1998,0,0,0
9094,1998,0,0,0
9095,1998,0,0,0
9096,1998,0,0,0
9097,1998,0,0,0
9098,1998,0,0,0
9099,1998,0,0,0
9100,1998,0,0,0
9101,1998,0,0,0
9102,1998,0,0,0
9103,1998,0,0,0
9104,1998,0,0,0
9105,1998,0,0,0
9106,1998,0,0,0
9107,1998,0,0,0
9108,1998,0,0,0
9109,1998,0,0,0
9110,1998,0,0,0
